182
1.54115
1.32522
0.817541
0.46409
0.402961
-0.15149
-0.350884
-0.449301
-0.33093
2.23727
1.46959
-0.0633074
-0.11018
0.57199
-0.581826
-0.570807
-0.674307
-0.438208
0.854933
-0.141994
-0.555123
-0.483377
-0.249309
2.72707
1.3937
-0.50008
0.600158
1.21581
0.680779
-0.742044
-0.413729
1.40225
1.11269
-0.477038
1.66624
3.21519
-0.449034
0.354012
-0.471636
-0.311259
-0.723006
-0.743589
0.628051
0.892659
-0.100113
-0.415771
1.21961
2.33185
-0.427553
-0.435787
-0.150727
-0.218165
-0.0255942
-0.00744443
-0.323278
-0.4207
1.65382
1.08163
1.41284
1.11493
-0.694227
-0.192789
-0.780211
1.66967
-0.0169986
-0.496211
-0.275775
1.80226
0.439327
0.939389
1.59262
1.01443
-0.696504
-0.476289
-0.384426
-0.381551
0.368484
-0.409614
0.447799
0.778681
-0.432108
1.82901
0.940685
-0.547965
-0.227408
-0.289487
0.875834
0.807787
0.941914
0.421308
1.05458
-0.196087
0.899732
-0.0372369
0.758703
0.696563
0.083844
1.43512
1.63793
-0.288289
0.148449
2.7342
0.804428
1.00223
1.05976
1.40528
1.43127
0.379485
1.03371
-0.0590314
1.67431
0.313396
1.07673
-0.152396
-0.568904
0.975063
1.67812
0.699564
0.0267637
2.43461
2.06488
0.730305
0.310166
-0.841216
-0.679893
-0.0906451
0.429361
3.79874
0.522316
1.00316
0.777105
-0.542332
-0.694411
2.30127
-0.00319892
-0.523739
-0.358165
-0.236959
2.30543
-0.191583
-0.537209
-0.822457
0.432347
1.82617
1.63448
0.502918
-0.54395
-0.517493
-0.212438
1.3932
0.473949
0.349407
-0.516608
1.06984
1.54433
0.621171
1.66965
1.09676
0.21928
-0.392736
1.29933
-0.307785
-0.500633
-0.263252
-0.592547
0.749568
-0.185889
1.69078
1.85692
0.294486
-0.0558821
0.836992
0.67762
-0.141874
1.33829
1.4601
2.08056
0.465018
1.32089
2.30864
-0.135075
-0.0482382
