182
-0.2439491285531558
-0.24932076191235186
-0.24028602108100552
-0.033732083073500424
-0.24608220722162616
-0.2586765019302503
-0.22329915803298056
-0.13960339844345884
-0.11817916500515074
-0.23437297062231496
-0.22522013600203064
-0.2120641393990058
0.0997056728214843
-0.128540193497774
1.851945523823012
-0.015889677400528233
-0.05079823814697869
0.05163045365369887
0.10142845496141055
-0.18750574440240309
-0.1468253038831551
-0.10261173211963528
-0.2670801270000914
-0.03870702808944819
-0.19330045676373295
-0.0854451552493329
0.006456580399563738
0.2574969118859889
-0.2379855393201243
-0.23016546443526725
-0.14845991644559797
-0.1927367735864396
-0.09782866111750356
0.17337388338118945
-0.08499408200522938
0.6323537293157586
-0.10531988900069587
-0.22390978942003362
-0.24401435221546688
-0.14497503631075295
-0.17178453285644588
-0.19409370372022552
-0.19770497387285987
0.19782199406326953
-0.23674996012121852
-0.268961145269024
-0.08441231443891105
0.5869598040255988
-0.2642572854766706
-0.24867351817193079
-0.25501873515768875
-0.23041601485208854
-0.2026253960242301
-0.2183024048866744
-0.22130307849803207
-0.2661419081728089
-0.23702711468238682
-0.20521787445776726
-0.1992964827114286
-0.1323880532935456
-0.19924167881474414
0.13339348706953214
-0.12593535524989222
0.5036673011007545
0.08205229949928883
-0.24371671493687463
-0.2593776054325378
-0.2391527412602158
-0.26156093766919825
-0.15618869234543079
0.14957701730891937
0.6757413003813564
-0.08594264351490172
-0.0996034549905215
-0.16772490721891498
-0.11412459107940079
-0.03598985206576976
-0.17669833553060543
-0.17331403736642384
-0.05504924286115778
-0.042519868227641894
-0.1635587324997435
-0.24275519264728793
-0.16910136495927774
-0.16701928380517048
-0.2147668921461641
-0.18136326017170395
-0.2025460558771982
-0.16527416726027205
-0.17545889006557996
-0.232330999685164
-0.24116147319363665
0.14909043072156958
-0.22699349049566533
-0.2496332472407684
-0.24622406298993263
-0.2237490794207234
-0.16665564119240556
-0.26516732348714483
0.2648162609287695
0.038264963125367896
-0.20842987064230717
-0.2391318643637861
-0.244930403065137
-0.2392692886611906
-0.1161111656821543
5.345836545982013
-0.06335180545813851
-0.2477880305305317
-0.2094397977444485
-0.08433366000751927
-0.26210728708678893
-0.15613935569337498
-0.24404101523133823
0.2707416349215439
-0.24755173222806415
-0.15278423231780308
-0.25468596522769693
-0.2560322590240218
-0.24154667225808718
-0.22587565172589774
0.23812554478030715
-0.10701936503305763
-0.1714772573000818
-0.18677528592100515
-0.1244181813256465
-0.2310007932692626
-0.2078190878660191
-0.24150927430133937
-0.16849630618632674
-0.09390888957592021
-0.27096287706904376
-0.2496711212666948
1.1226217131970104
-0.23856054487196413
-0.09079834437701076
-0.14125282615050055
-0.008733660600473472
-0.2332695266171494
-0.061621499417360386
-0.2534410529359051
-0.23013938005871806
-0.24390765028713549
-0.0910373900853548
-0.26082479202099873
-0.14176226048859114
-0.257515291291566
-0.05636364497015551
-0.04865297364039957
-0.18320381496199653
-0.14157551201804233
0.009302412430977723
-0.12071671024573338
11.682891602530992
-0.22529520004660866
-0.23554836850125274
0.7260361606446533
-0.22590466782203494
-0.12553864365601655
-0.06787610168596311
-0.22259644275017346
-0.12081923270168102
-0.2557559473074184
-0.23839378450008553
-0.11725121315199342
-0.14169066558749652
-0.18598048390855554
0.07447335937956052
-0.2162687347329902
-0.15028327236312913
-0.23645285988946413
0.11934168477880278
-0.1522581291373651
-0.2347977704384745
-0.2438856180402592
0.03241340827668837
-0.1349127408906622
-0.22776174459766674
-0.07423503302903661
2.0192803957011023
0.06448650463508458
-0.12168186583216302
