546
1.3264719368036213
0.46257105092674794
1.2640624152263498
-0.9036945111665385
-0.3889116002210159
0.9295720371974437
2.08031134003699
0.9420713309577748
0.3405522850381386
0.25724226457311694
1.3291133924710858
1.077170385582992
-0.052486295627165856
0.4538417243904175
-0.9692660487546289
-0.7846581252639128
-0.291690622137247
1.6167645838875881
1.331765327732643
-0.11349840377474081
-0.817160098054557
-1.2397336441036961
-0.8652786436686142
-0.921769032551111
0.6117569053526432
-0.8982217003880002
-1.2121312325755487
-0.9313880730885706
-0.9275063746683377
-0.5128162013318226
-0.3516043101277972
-0.31810078930005875
-0.9790480381851375
-1.0117654638359128
-0.5679681965154533
0.26861597727761843
0.5165059292031524
0.6930456821195339
-0.10660521318574596
-0.4275109605364975
-0.21975242917144408
-0.1010288838439422
-0.33977459568413676
-0.3537905381657312
-0.7747432182962504
-0.4799801769469333
0.9513856940661857
-0.052103233600385726
-0.4671899218598054
-0.7014877546638919
-0.7594317183063258
-0.46545883726777365
-0.7385367061540399
-0.6796952223867158
-0.8737748981405772
-0.2460866269997031
0.14223495272053924
0.21606537650728577
0.908193662937763
0.7885813174122098
1.0555068139937611
0.3573217847675419
0.5806346509057326
-0.0014594778681793256
-0.04097576973086359
-0.9343498093725765
-0.5965935730714098
-0.7857098457075462
-0.08037110571347326
-0.802525003967056
-1.0742200729193387
-1.0410414433595587
-0.6804986619131804
1.4022844786359616
2.624848031061684
1.900272206754653
0.11156038584261517
-0.16661264261986147
0.022389518354633747
-0.6148826320754235
-0.145815563363969
-1.0200649253989962
-0.6269505288425876
-0.07261240499647073
-0.7723461018260873
-0.9731479813159647
-1.0332962316875305
-0.41918476829372536
-0.03189899799178094
0.4660470574259047
-0.5687722978503412
0.7375480076913278
1.1013151838659954
-0.16307661874733959
-1.0238413769996098
-0.8057910417826984
-0.4786409128256126
-0.7835767004781707
-0.36448215708293374
-0.02091072435074156
0.662357643346932
-0.7150002993082665
0.07029757661377257
-0.2952686671205894
-0.4994265684938692
-0.25793353789230106
0.5131530051775504
-0.13230114703980161
-0.05718733188902687
-0.007654506057689178
0.35033709947284286
-0.0589448962458352
0.7188966988742587
-0.9094158302182447
0.6287354424269752
-0.655258276434755
-0.780635557905521
-1.0428444401460435
-0.09138691114618816
0.18688807404299468
1.4783089454883713
0.7922693851835414
0.5640553548448496
-1.2266569943634054
0.11403680009275345
-1.1917300305186682
-1.138070763018179
-1.0006103423386252
0.5185716524977733
2.2286918905669784
2.762113623458898
1.3086468362503094
-0.5543653531503387
-0.3108573230626851
-0.3710996445281801
-0.3983704280350698
-0.5367742311148956
-0.43561563932131564
-0.49964392474633645
-0.43530381514261546
-0.48587437875549083
-1.1959025769959668
0.19273129165877304
0.9997015930631094
1.4484713364030752
0.6612364581530285
0.06993853410616528
0.48402263766457476
1.000511230486855
0.7435813429818704
0.7463263876302674
-0.9779163436332879
-1.0896647711342722
-0.7614232408849055
-0.6343304792503
-0.39067129797231614
-0.23917739038229116
-0.9409451145059818
-0.48764808336259735
-0.9292565293223716
-0.32549746859600337
-0.3917890821508863
-0.12294339574325913
-1.0891938908742995
-1.0631459927075284
-0.5458826574280615
-0.3866323699574972
-0.16058439184083947
-0.995971392081518
-0.10880950751349756
-0.6527705423086179
-0.6778421456927737
-0.921407998403731
-0.898974582605619
-0.5899075992073164
-0.6875003575617703
-0.4196631904758956
0.341496465639009
1.4666634026667318
-0.14151881428791568
1.1131966480823465
-0.3252152728804204
-0.8444775782330253
-0.7269316004489692
-0.4828439266165385
-0.47566970347820736
-0.6814150028579491
-0.6681535375271214
-0.38132231648827697
0.21056702736894106
0.3485496374696751
-0.9041680103207715
-1.0433855948301556
-0.9030257229576744
0.021862416548932978
-0.10986252426276022
0.17890261162206128
-1.027185485925974
-1.0259503268306274
0.06001629970207724
0.34197302849351124
0.16602545992361095
-0.13381736382549395
-0.7498929132493346
-0.6794671618501181
0.01569988422252409
-0.6292609930420383
-0.5468141855001794
-0.4091663312828437
-0.8749263948682435
-0.49030361414786483
0.7805179419069912
0.17073126181609552
2.1073101053550576
1.0824179054586818
0.3456086652855554
-1.1591117325297782
-0.6944790677941007
-0.6340969726582493
-0.4740170668402277
-0.46044194073786665
-0.8357704262136952
-0.6654695880960461
0.03707543830037294
-0.3752066931944368
-0.3552422924525843
-0.1760618317261963
0.5002358072326029
0.42744912996095596
1.1526018748802818
-0.42610795697952286
-0.9216978820381008
-0.43366021596224635
0.03582932880862413
0.2678685641179868
0.2120474548004176
0.7227523495735477
0.28236824808910005
-0.8718693560693231
-0.9350108788562794
-0.5292861142612452
-0.23615455883025352
-0.4284678981972419
-0.7372771519961075
-0.5318643032427308
-0.642436136113565
-0.45733802559375775
0.36900907636815033
0.6660623933646492
1.2050426003571175
-0.1981003036924983
-0.4688743262971004
-0.48750759393253185
-1.0236479593530432
-1.2396191214258345
-1.3235095548790228
-0.9864895646134997
2.087803978093949
-0.43847583184219535
-0.2367126099959059
-0.39703529956571426
-0.366319405171946
-0.8409730468720291
-0.966631039670024
-0.7738135986632382
-0.7708048441601566
0.6579189254708114
0.8078093445447404
1.8552410367224486
0.31667655321493265
-0.10521732766749875
1.0298787106978817
1.6096340771790516
0.7670555963426313
-0.17628333106656674
-0.862886940921963
-0.7893173348515123
-1.379919243043876
-1.405127768136561
3.2376344649418827
-1.0054051907563892
-1.056145421003652
-0.93095639045754
-0.7716413227277767
-0.7568078208358342
-0.5730743969433181
1.3461184271965438
2.3899632041959515
1.4652962404822123
0.029559673478059476
2.1587136645257243
-1.262797892535752
0.42678184487945203
1.7774086393793318
1.571213187368411
0.43334697343706435
0.656683998744678
0.29633918299041756
-0.5706968949161646
-0.18967174604314951
-0.1341556443628161
1.2329644865496603
0.23963744725764705
-0.3514556613623255
-1.1260120967128222
-0.5715457416756264
-0.12408667783572665
0.8786732276226723
-0.0822969864254242
-0.5608846528475082
0.2899207835110609
1.2019296090651768
1.4651245898637653
1.8592881715351848
0.3010976727352705
-0.053541055910398636
0.3902040532563987
1.8191585900566174
1.4669078290747342
2.640782670917297
2.5724993492764656
2.8454225860131754
1.891790980465142
2.102532029440128
1.383400801347482
0.3128396654902667
-0.5379126373819456
-1.045377188073856
-0.17342631722650156
-0.880875517903326
-0.7110137734581577
-0.9904079046586792
-0.8566583838416161
-0.7606509935545708
0.016323075704921915
2.6791613806232766
-0.08104181367573202
0.26251656282059815
-0.860271333559591
-0.7790901774009239
-0.9312302646618402
0.38220296000333664
1.462466582358534
2.071316159129664
0.954383403620751
-0.43724103243235035
1.0370566940013939
0.19070096735145198
0.7841828253614348
0.6206837030711335
0.2758368027117417
0.10190674392319254
-1.1612937238605543
-1.2772466603724943
-0.901259523459341
0.2223881468649549
2.000451355170646
1.4222980378693757
2.4689622300192107
1.4456857837056742
0.023434929029607515
-0.9597695599339969
-0.9426760899629685
-0.9506302389295445
-0.7757801763691943
-0.8818161059919204
-0.7512768049623068
-0.9750968789857698
0.762611716800548
-0.5232521945859778
-0.06739101094310826
-0.07982358224379527
-0.5712730386335505
-0.898759125230139
-0.7873103312071046
-0.12532390857384715
0.37703971222609495
0.0629246487608404
-1.251757529992829
1.1937110397891921
-1.1004772105964398
-1.288147127790617
-0.884630969951941
-0.8639282779743589
-0.6944987777328078
-0.9614283940174909
-0.9445428360651977
-0.9934449249642862
0.035719604103750635
1.7759958766325976
-0.08806346381753105
1.354769051330955
-0.04637417559707263
2.0476135818480645
1.9650271214606043
1.6647478444784225
-1.023806016315355
-1.3556189949896693
-1.451321231029057
-1.3267914011986266
-0.9094691038266095
-1.110475168927728
-0.33208056015633974
-0.4759657643506291
-1.2424670003415526
-0.6818250990535426
-0.5320038161182362
0.4024091960829202
0.883616548387324
0.47363033557725076
0.33141540615949916
1.0277078584658377
-0.9013570731486749
1.5079569131898383
0.7926191313444862
-0.7273708642058611
-0.6296053349438391
-0.35629427771093025
-0.4574620127290657
-0.2373713278045021
-0.5095272307840341
-0.6212814447706345
0.02194913858697586
-1.1812182087598617
-0.24264493369502993
2.8160164746177725
2.4838034072565454
3.9319804812893357
2.568638895208098
2.9075187214596236
1.8486739837085122
0.8745031385586715
-0.0610797997869465
-0.4562588458540381
0.07152051072545049
-0.3201939464178935
-0.24141097753672056
0.0126943897335825
0.238090190009252
-0.24840501255760275
-0.10522447527222181
-0.6321609335148005
-0.131418291914502
-0.1813308647660914
-0.24546139076809181
-0.41501938203547706
-0.8521629457555304
-0.4150366710984545
-0.8194303721013527
-0.7492184399962434
-0.7100571404901175
-0.875393923312543
-0.24407972439100814
0.8898035243543223
1.1684161132330202
-0.6158235765710223
-0.6509775307484191
-0.6091804753887035
-0.6250385340307489
-0.27060426675425675
-0.5903041050324078
-0.965375967745123
-0.9635721857109336
-0.6849286382792844
-0.7624340193979142
-0.932833475024921
-0.40596146545143685
-0.4466229563221243
-1.0293029614497844
-0.39978313359707257
-0.6831668813145748
-0.9349150422943915
0.04542270061388574
0.7032195343769395
0.7453210365778438
-0.46385339536959885
0.11304721877447699
1.9558404844819812
4.173423271456653
-0.6179554122894071
3.4053443486150785
2.5485344240069487
1.6996545787279391
1.3516680678333584
2.5103779438428737
2.006422809254883
1.9612287734256468
0.30247757361873173
0.6317935957560518
0.44992647042886014
-1.0363187811615864
0.01579419215413482
-0.39055072260263596
-0.3903664339733224
1.1262655125162933
2.364165785971048
1.7545413074324048
-1.1316500143527966
-1.0823653733505338
-0.4706605149250158
-0.5989457348297775
-0.6021512375897959
-0.8312178452464606
-1.1934141918172296
-1.2028025874624266
-1.0826658998328098
-0.7559160341585922
0.19000480966312563
0.6988782394454209
1.2901209036027657
1.7784682437518478
0.6447802070728734
0.8174023008108269
0.2608118926917938
1.0574376089573612
1.0416319974582853
1.0463840853778061
0.4087451488730009
0.27780397886395247
0.15706330503523175
-0.853462287943539
-0.8456741936715341
-1.0610361119689216
-1.2690067859747358
2.1150794380284768
-1.235784324603468
-0.19177313407411486
-0.17529224698294685
-0.4573985293411956
-0.8813794560420516
-0.6601716420535796
-0.14820452969433737
0.37234359319535926
0.517557541564374
-0.16109935283105684
2.016475180096452
0.8725105783364016
1.2935525576948996
0.9772723805501166
0.28524206724512813
-0.8516764669406984
-1.083445850766003
-0.9793521248653806
-0.9459871356785471
-1.0538743911476385
-1.0404434236691626
