182
0.530907
1.26273
0.206975
0.395366
0.976626
-0.263201
0.591285
0.0648264
0.933229
1.23062
1.78536
0.475552
0.215348
0.614371
1.04705
0.82373
0.387911
1.51835
1.81042
0.684629
-0.732104
-0.333772
0.161032
2.74611
1.87814
-0.689308
1.2266
0.848746
1.08903
-0.393185
1.14524
0.836711
1.62881
1.99017
1.23103
1.63684
0.622045
0.0538688
0.672056
0.654361
1.1399
1.69108
0.37302
0.410315
-0.122582
-0.0366715
0.795749
2.19509
0.252146
0.12116
0.0762346
0.7954
0.289285
0.887645
-0.316285
0.325104
0.618115
-0.435986
1.42104
2.6266
-0.650973
-0.160225
-0.485904
1.60515
1.77219
1.59771
-0.0598264
0.455781
-0.772309
1.50163
1.82888
2.51586
-0.0712666
0.604054
-0.316216
0.507522
-0.473779
-0.213541
0.989027
0.682109
0.597023
-0.0216148
0.296563
1.10394
0.461176
0.51902
1.88553
1.08757
0.574531
0.183505
0.374212
0.227033
2.02744
0.801538
0.293359
0.499426
1.39387
2.00187
1.54764
0.669774
0.876268
-0.580236
1.12746
0.181539
0.920674
1.95332
1.70692
0.626212
0.422667
-0.642536
1.5746
1.11382
0.80589
0.208546
1.80108
-0.300068
0.791743
-0.462637
-0.594253
0.66452
0.0819442
0.38956
0.415632
0.466696
1.33845
0.323282
-0.458339
0.501054
1.84501
1.23556
0.678848
0.24913
0.471707
2.07248
0.527562
-0.57227
-0.0254827
0.902647
0.886221
1.62141
0.886675
0.454692
0.787177
0.225239
1.14892
1.62372
1.20912
0.572566
1.71927
-0.0581595
-0.489546
2.00779
1.76168
0.930023
0.233682
-0.690946
2.94562
1.89341
0.309
0.451271
-0.685015
1.06021
0.647655
-0.0171923
0.573854
0.872359
1.29903
1.65129
0.0149899
0.935605
0.412333
1.50166
-0.209944
1.29675
0.294056
2.11683
0.635378
0.191604
0.782395
1.52072
-0.0529216
0.614098
