182
0.589962
1.1311
0.23515
0.455898
1.02161
-0.0453006
0.766117
-0.0257201
0.929997
1.23552
1.775
0.305883
-0.0294958
0.71429
1.22373
0.687777
0.721019
1.48649
1.68522
0.755079
-0.370978
-0.148566
0.324688
2.67771
1.82978
-0.764187
1.22687
0.878576
1.22765
-0.19757
1.05187
0.981999
1.58991
1.92118
1.26703
1.48923
0.52863
-0.107107
0.566547
0.729722
1.07218
1.72442
0.567934
0.221289
-0.0280679
0.318223
0.618682
2.3992
0.330076
0.518439
-0.0729333
0.8374
0.0688131
1.05855
-0.353907
0.489523
0.469566
-0.37473
1.46789
2.48059
-0.627785
0.088503
-0.386973
1.59961
1.76087
1.65701
0.166447
0.402678
-0.75198
1.40623
2.13406
2.34424
0.203527
0.574105
-0.0856187
0.629615
-0.399953
-0.0853297
0.8583
0.444349
0.947758
-0.103716
0.182395
1.12454
0.498163
0.971475
1.96902
1.18695
0.617723
0.220738
0.378772
0.505725
2.18276
0.776383
0.422065
0.518023
1.3478
2.07229
1.53078
0.839326
0.511692
-0.751609
1.2439
0.267909
0.750989
1.71574
1.52051
0.486156
0.586635
-0.706878
1.49256
1.24042
0.817019
0.122971
1.83574
-0.305672
0.838532
-0.410389
-0.356195
0.683286
0.296651
0.506576
0.334562
0.516063
1.27425
0.382782
-0.347573
0.608499
1.88929
1.20085
0.789673
0.45658
0.402317
2.16954
0.685821
-0.33347
-0.0829979
0.822706
0.951533
1.71177
0.859019
0.555748
1.18282
0.336497
1.10463
1.46193
1.17162
0.628676
1.75311
0.0458901
-0.480361
1.81611
1.84153
0.966199
0.193733
-0.608032
2.91791
2.00609
0.340873
0.420554
-0.678496
1.10423
0.804248
0.0289811
0.589185
0.769965
1.27801
1.73695
-0.0579032
0.958635
0.484528
1.58443
-0.0649055
1.32025
0.264879
1.94006
0.479488
0.259091
0.992373
1.63535
-0.0218357
0.543402
