546
-0.502684
-0.483519
0.679784
1.49586
1.28706
1.84697
1.74821
1.53403
1.74028
3.08103
3.05086
2.93578
1.48157
0.873643
1.62514
1.82835
1.6721
1.81473
0.926723
0.586422
-0.429093
0.336902
0.703533
0.654368
0.149817
0.387451
-0.304741
0.847017
1.25522
1.42918
0.945123
1.08958
0.709394
1.03191
1.44524
-0.55184
2.22644
2.63259
2.6102
1.85181
0.876645
0.866507
0.598992
-0.405831
-0.410735
-0.377683
-0.20473
-0.495671
-0.106402
-0.411684
0.131593
0.498364
0.64693
0.219422
-0.0543378
0.193239
0.936692
-0.364624
1.03823
0.714721
-0.333081
-0.262794
-0.289985
-0.0107967
0.276895
0.167566
-0.0447999
-0.624369
-0.374383
-0.424221
-0.543662
0.633578
0.761505
2.34747
2.30134
2.04512
-0.34212
-0.161321
-0.238554
-0.820605
-0.0545055
-0.0506999
1.0215
1.06235
0.883725
0.0214823
0.386392
0.382429
0.247069
-0.442437
-0.70577
-0.67096
-0.550254
-0.211381
-0.0477733
0.010699
0.00188768
-0.51869
-0.642785
0.321597
0.172824
-0.68206
0.0254999
-0.138256
-0.101639
0.848722
1.48373
1.43093
0.594463
-0.379425
-0.123295
0.226636
-0.489607
0.992664
0.206566
-0.0137195
0.195443
0.0956469
0.100262
0.140148
0.802934
0.816162
-0.324326
-0.665703
1.21768
-0.601519
-0.60728
-0.544791
0.82215
0.949362
1.03792
-0.2115
1.62806
1.77761
1.36583
0.867257
-0.0651806
0.293589
0.69181
0.919873
0.844084
0.706508
0.466249
0.644801
1.9559
2.02142
0.211303
1.77188
-0.320196
-0.472819
-0.498524
-0.629385
-0.374164
-0.191316
-0.112044
-0.318564
-0.416503
-0.346371
-0.493939
-0.368147
-0.399434
-0.0204101
0.0955737
-0.0306569
-0.143382
0.554672
0.402082
0.109212
-0.674266
-0.527824
0.00233541
0.426289
0.12337
-0.309941
-0.00107785
-0.0290306
0.606363
1.02428
1.06706
-0.163198
0.658831
0.0494639
-0.364234
-0.332958
-0.209427
-0.157585
0.268878
0.313998
-0.292355
0.961691
0.028664
2.73335
2.95296
2.7249
1.75907
1.45132
0.842869
-0.473832
0.181458
1.42607
1.55997
0.172117
1.16237
-0.12366
-0.110925
-0.040783
0.0704487
0.116764
0.0380991
-0.181764
-0.268706
0.667506
0.424415
0.89051
0.804874
0.0808946
0.278637
0.0443697
-0.255145
-0.414527
-0.0426468
0.00037072
-0.246561
-0.527543
0.56826
-0.282331
-0.479937
-0.278706
-0.44869
-0.563768
-0.531454
-0.34243
-0.2975
-0.340014
-0.23956
0.251779
-0.107456
-0.148543
-0.392582
-0.518344
-0.804182
-0.692369
-0.468043
-0.116507
-0.252389
-0.338307
-0.64444
-0.361754
-0.28425
-0.211951
1.10155
1.2584
0.893952
2.43463
3.54118
3.49241
3.30611
-0.526351
0.528476
0.257739
0.247623
0.0193142
-0.189553
-0.411215
-0.331073
-0.0436149
0.285919
0.218034
-0.0698785
-0.457188
-0.476533
1.47072
1.70673
1.37512
-0.306609
0.188788
0.331634
0.280445
-0.359726
0.661093
-0.361141
-0.536554
-0.266735
-0.380797
-0.471187
-0.599066
1.39923
1.4639
1.23434
-0.374421
0.68626
-0.324534
0.890089
1.11025
0.943591
-0.23829
-0.113703
-0.0224107
-0.506725
-0.348572
-0.120574
1.23621
-0.233369
-0.194977
-0.197116
0.605956
0.271203
-0.0595562
-0.413544
-0.426669
-0.251983
0.423196
1.67528
1.31469
1.33305
0.842862
0.877698
0.936293
0.584229
0.0522697
0.258715
0.144476
-0.463865
2.32557
-0.0293731
0.0481721
0.0312985
-0.627879
-0.776178
-0.730292
-0.800128
-0.392384
-0.367482
-0.0442977
-0.437632
2.19019
0.153589
0.247213
0.0656172
-0.0903148
-0.531356
1.26932
1.19851
0.778058
-0.415088
-0.296204
2.34315
-0.603427
-0.396429
0.0558341
-0.0208334
-0.251987
-0.629664
-0.414902
-0.588345
-0.492048
2.56407
1.61484
2.8639
2.66607
-0.347672
-0.53341
-0.501991
-0.300362
0.0561309
0.0132269
-0.336293
-0.529277
1.51605
-0.409772
-0.124047
0.229982
0.356014
0.317007
0.0629546
0.618814
0.829645
0.668458
-0.300398
0.531921
0.367817
0.160301
-0.374076
-0.727625
2.52038
2.64723
2.14881
0.262051
-0.268434
-0.425504
0.371945
-0.618267
-0.647276
1.82499
2.26723
1.85748
1.06164
-0.359737
-0.318668
-0.106284
0.557375
0.659319
0.818532
0.689927
0.0526809
-0.123419
0.225115
1.42069
1.70966
1.59484
-0.143401
0.159973
1.64651
0.385594
0.260698
-0.443719
-0.291177
0.0589515
0.128041
-0.0759625
-0.227613
-0.37539
-0.4941
1.9837
-0.717555
0.221939
0.815464
1.7309
1.69743
2.04148
1.35507
1.00417
0.680031
0.0703127
2.12386
-0.34808
-0.369389
-0.275834
-0.0521049
0.0458642
0.70853
0.811868
0.555559
-0.15045
-0.171265
-0.396001
2.01154
-0.373378
-0.205604
0.46433
0.478747
0.346657
2.9258
3.46873
2.93784
1.46643
0.236166
1.90969
0.0322586
0.0116883
-0.311868
-0.203511
-0.159411
0.413813
0.802815
0.376892
0.566452
1.51116
2.08798
1.66237
1.36531
0.269759
0.525981
1.32715
1.57759
1.34777
0.693912
2.13331
2.2232
1.78478
2.04006
0.305686
0.597835
0.696724
0.829767
1.64136
1.46943
1.16359
0.615457
0.751589
1.94226
0.493054
-0.261118
-0.21936
1.85486
1.95652
1.55894
1.33736
1.14332
0.391137
0.498677
1.37682
-0.413008
1.93775
1.83638
1.38139
-0.0144176
-0.38397
-0.454144
0.520381
1.30105
1.63785
1.52937
1.68853
1.10606
0.619881
0.779621
0.264428
-0.107998
-0.169027
-0.433238
-0.343309
-0.276556
-0.302036
1.84411
-0.688442
-0.522202
-0.0952918
1.1743
1.46167
1.43616
1.00301
1.642
2.73521
2.96972
1.8237
3.22664
3.10323
2.97398
2.00112
1.82696
1.58995
1.60473
1.11012
-0.467476
1.22489
