546
-0.468461
-0.439246
0.573161
1.39453
1.29542
1.94944
1.65194
1.52632
1.75758
3.09186
3.05316
2.9523
1.56028
1.03301
1.58556
1.88785
1.68761
1.86215
0.862241
0.626544
-0.318123
0.396862
0.664797
0.621808
0.138288
0.426164
-0.312595
0.889235
1.1661
1.48206
0.945884
1.01739
0.658866
1.12857
1.45871
-0.513945
2.36654
2.69959
2.5594
1.94525
0.938904
0.717904
0.640443
-0.308195
-0.374773
-0.327713
-0.173148
-0.393889
-0.140596
-0.356546
0.168308
0.452117
0.557768
0.316854
0.0290289
0.191227
1.08643
-0.371977
0.989887
0.863861
-0.0407054
-0.141511
-0.160594
0.0921362
0.323502
0.236522
0.0263211
-0.534062
-0.318496
-0.387397
-0.522229
0.724647
0.782934
2.43169
2.22007
2.1992
-0.135405
0.0177392
0.134005
-0.706031
0.0500161
-0.0414166
1.1204
0.973698
0.9892
0.0237225
0.387727
0.347062
0.222002
-0.460915
-0.616194
-0.60638
-0.452328
-0.0465618
-0.00613443
0.066884
0.0721519
-0.439219
-0.483318
0.23276
0.171165
-0.710333
0.196869
-0.0998495
-0.141439
1.0095
1.37025
1.39134
0.810985
-0.235089
0.119487
0.562357
-0.595217
0.955272
0.380387
0.262396
0.298794
0.264528
0.0800511
0.368168
0.913257
0.975476
-0.205064
-0.728899
1.12738
-0.508779
-0.617174
-0.520961
0.852837
0.850089
1.09098
-0.103733
1.71001
1.67627
1.39807
0.919383
0.0318987
0.383355
0.777532
0.869705
0.826495
0.790253
0.441183
0.610106
2.10494
1.95359
0.313337
1.86191
-0.340974
-0.343355
-0.455317
-0.513158
-0.344709
-0.00935701
-0.231331
-0.227856
-0.446381
-0.354533
-0.451681
-0.225279
-0.252606
0.336435
-0.0121402
0.151946
-0.118822
0.589674
0.292404
0.394121
-0.725374
-0.464991
0.230814
0.418678
0.169637
-0.0683661
0.038232
-0.00754734
0.70837
0.9872
1.09745
0.00218602
0.741867
0.172748
-0.319651
-0.294802
-0.191549
-0.0890063
0.339096
0.469451
-0.0751542
1.15519
0.107108
2.83844
2.98229
2.72403
1.7652
1.30126
0.920192
-0.442586
0.231534
1.56267
1.46972
0.14582
1.46262
0.0419346
0.00649798
-0.00168884
0.164878
0.315497
0.339499
-0.0186251
-0.225748
0.826882
0.467136
0.855732
0.758964
0.268744
0.284826
0.212725
-0.168549
-0.343498
0.0923723
0.189198
-0.0500866
-0.544799
0.478688
-0.194899
-0.374946
-0.190471
-0.22717
-0.278228
-0.128205
-0.234192
-0.102005
-0.254237
-0.125598
0.327593
0.314353
0.14382
-0.475685
-0.472627
-0.766033
-0.542388
-0.533892
0.0302221
-0.174059
-0.220983
-0.592629
-0.350996
-0.188588
-0.0437035
1.52517
1.41105
1.10647
2.45581
3.57329
3.48033
3.34621
-0.417257
0.649989
0.32025
0.325259
0.17862
-0.137823
-0.4136
-0.372615
0.122444
0.353428
0.270682
0.016802
-0.221082
-0.276108
1.39661
1.63403
1.48638
-0.0335557
0.405118
0.433435
0.390023
-0.0852618
0.637903
-0.298672
-0.59993
-0.189228
-0.464937
-0.341185
-0.495474
1.36803
1.39233
1.41284
-0.117732
0.629971
-0.291063
0.88261
0.996571
1.00801
0.0837739
-0.0309332
0.116315
-0.343954
-0.295137
0.134812
1.31369
-0.242977
-0.0857632
-0.31765
0.502034
0.302491
0.139882
-0.43108
-0.398262
-0.145282
0.75047
1.57207
1.54912
1.22989
1.07634
0.98113
0.894196
0.765593
0.324925
0.451695
0.441609
-0.231925
2.40504
0.196789
0.0263848
0.055659
-0.508422
-0.737144
-0.646717
-0.701328
-0.291014
-0.485826
0.129515
-0.474925
2.11909
0.114873
0.345948
0.147829
0.0108763
-0.428513
1.2434
1.15762
0.828121
-0.485067
-0.388371
2.43944
-0.527239
-0.271102
0.340403
0.0691422
-0.258039
-0.639662
-0.421282
-0.396845
-0.348477
2.55015
1.6184
2.80121
2.72093
-0.422463
-0.514126
-0.513452
-0.176977
0.0578161
-0.0159203
-0.360327
-0.469092
1.52994
-0.157162
-0.0836594
0.34432
0.412662
0.277574
0.0845706
0.722563
0.740598
0.605801
-0.160985
0.558785
0.344859
0.239794
-0.268221
-0.730011
3.01512
2.66244
2.24931
0.199054
-0.21959
-0.271921
0.362945
-0.350283
-0.472429
1.85141
2.24121
1.81165
1.13193
-0.336238
-0.292067
-0.216288
0.520012
0.831477
0.704915
0.702158
0.155546
-0.111799
0.378494
1.66231
1.65223
1.60204
0.247402
0.40729
1.75765
0.565724
0.276756
-0.351534
0.0237853
0.176246
0.449261
0.0457748
-0.101322
-0.203629
-0.229636
1.96693
-0.536722
0.492779
0.967617
1.84697
1.60396
2.08131
1.4055
1.02199
0.702878
0.12129
2.07856
-0.243435
-0.464144
-0.189575
-0.0499569
0.102156
0.697913
0.907334
1.00141
0.130385
-0.106243
-0.52151
2.08548
-0.329592
-0.252169
0.526234
0.550849
0.421786
3.15729
3.38403
3.01961
1.49231
0.329346
1.92967
0.0481396
0.0563019
-0.138388
-0.145055
0.0617978
0.484394
0.85267
0.447128
0.691849
1.76263
2.29806
1.58058
1.46111
0.536585
0.81588
1.66524
1.49331
1.35705
0.769341
2.22734
2.19494
1.71244
2.05678
0.254893
0.71487
1.02459
0.949018
1.60483
1.47416
1.22917
0.892609
0.708606
2.04772
0.588621
0.0202794
-0.141182
1.89985
1.87673
1.57657
1.29777
1.20323
0.344201
0.513879
1.36486
-0.166404
2.0034
1.78999
1.35017
0.0814865
-0.26408
-0.43225
0.557369
1.36909
1.65299
1.55155
1.80465
1.21095
0.567694
0.730339
0.238961
-0.175834
-0.0424955
-0.381532
-0.270142
-0.316923
-0.258873
1.76401
-0.691491
-0.557545
-0.0309116
1.24748
1.46445
1.38613
1.07018
1.79356
2.78519
3.02753
1.82742
3.26794
3.11895
2.99514
1.95559
1.92139
1.67076
1.51163
1.24437
-0.309295
1.19824
