182
0.3926813528038718
-0.9067913926287413
-0.6429415440841496
-0.0087871808557533
-0.7492991112736308
0.9193446233366832
-0.9412987812618697
-1.106109893406182
-0.19417140221233503
-0.2509235909847426
-0.3825245659271837
-0.2213553102037571
-1.30284541215223
-0.14439375335443225
-1.265895580947793
-0.6042631555548708
-1.2218736963708676
-0.09431573201317327
0.685454283667122
-0.025630478908314692
-0.9629837112115195
-0.6979736148495143
0.330306438548307
0.7261160043479455
0.5683256433321477
-0.3287859055110547
2.267995276947991
-0.35378412558721584
0.5969512948140435
1.0114337949185677
0.0382150648856495
0.6325484523712522
0.8401344769698984
1.1064880244647113
-0.29390605677707315
2.531289823692
-0.5785482628538192
-0.5716773054988483
-0.5852044529657761
-0.21141074273143076
-0.6469273719088032
-0.24943526033487012
0.08781377536013274
-0.8314159601948437
-0.04158335280947608
0.028217395633047652
0.0364956910193494
2.1665980726757263
-0.2122072746034026
-0.16998496451161824
-0.3958585440953904
1.7503479288951656
0.701174183347524
1.267267579082433
1.8521261390642967
2.8324836320128313
0.01634675541601221
0.22867455081111693
0.43208921906938197
1.3077345598515866
-0.142726013835112
-0.36697068296312546
-0.20696170727322322
1.800177076848571
0.18120056893719588
-0.4957042411386276
-0.05255838081267738
-0.6987799510613576
-0.35830690078130123
-0.4600931614644457
2.0299215920429745
0.466989942250662
-0.18448674607658472
-0.47420806856074726
-0.1788968536258323
-0.5642777813832179
-0.8679694541966948
-0.8679430529569794
0.48130461256731316
2.5838080508320047
-0.0036765833151226764
-1.3363234034495841
-0.9607403802984931
-0.7933994155214706
1.7971517832857287
-0.7803121157817627
-0.8025207308992782
-0.022463069629571536
0.22727139003269928
0.4706759755043683
0.200598514691736
-1.1834674977539927
1.0307552315048998
-0.20502319489235463
-1.1493979667367649
-0.6598744183991372
-0.12531140918661002
4.317353423431955
0.10118378644486628
-0.42636311613449046
-0.26095657725330507
-1.3101345372422901
0.8504295731375496
-1.0448391828372616
-0.4732872641609591
0.3335076571648162
1.704508792526002
0.027038950170129444
-0.9332490824884286
-0.0911539325665431
1.8292928963801371
-0.2247845303088136
-0.481240933701454
-1.1340696038144897
-0.4671623608717193
0.1270553685908927
-0.2034421689056218
-1.1647996665038596
-1.0778763628987067
-1.1350090260154941
3.9756541213843657
-0.6611635806953655
-0.01064258318756802
-1.1597664336036004
-1.4763880369459046
-0.09106956267595065
-0.9808906847078259
-0.8470622969175894
-0.5949705203830186
-0.9013256242099121
0.36342302533855125
-0.44240785660935544
-0.6128542714940236
1.5748427126913864
-0.7409788218909746
-0.4543722255436806
-0.5156095316969286
-0.5912717113846151
-0.5737531374167303
0.17213339998056795
0.23865480839857048
-0.536210542948294
2.516940724449326
0.9587628374443619
0.7201310490221688
1.8990390043504395
0.702265606572227
0.1474926322933557
-0.17920220192923575
1.294728723723525
-0.817758926065663
0.1513404821818939
-0.07446381372660128
0.8586148491870254
-0.47558323296819777
1.6168653200689391
2.0223113159555863
-0.32742775324451606
-0.10989538899578569
-0.9215000081433014
0.2955845743857069
-0.5414479518805353
-1.1748913735427504
-0.18818105296069226
-0.5172239722770591
-0.5748275809259139
-0.6372394487913307
-0.9252676695562533
-0.8050334934673276
0.18484087802504692
-0.38733138287904884
-0.8288515921567526
-0.8926350315114697
1.1930218890459974
-1.032807497310155
0.5095572672344496
-0.4294073019306965
-0.24343300253291505
-0.9492369442499993
-0.2877891665068347
-0.43514262869073816
-0.7978995905795305
