546
0.0847620717170113
-0.3476627216374298
0.5459722198056612
-0.5877164969059415
-0.5453436127178262
0.08492586466597819
0.2264196309346525
0.6853076336731152
1.637340239510245
0.8038824985108757
0.36815822843150076
0.35727633472305315
0.5260896204853543
1.1060198998686128
-0.3803880107758928
-0.2603864517988041
-0.5118041604681944
0.6761758533372986
0.20062362369940911
0.03978872334106404
-0.7516769915549399
-0.7090188726165412
-0.567390290946136
-0.4740661855441126
1.3814874818612721
-0.35925106800319107
-0.5385438435658086
-0.6011505043594325
-0.32697626856709017
-0.02321225447370225
-0.03260910072815741
-0.34521517622107384
-0.5484416287855263
-0.6934020549028801
0.30163162184541326
-0.2394032855315726
0.07147952032053528
1.4262760706402193
0.1531066948635851
0.5624684701257554
0.18417676928412782
0.14774386723918068
-0.2390160551837662
-0.7082014799601273
-0.7117976171510703
-0.6464317196198388
0.3313060263068886
-0.6920304929155295
-0.7055875705884083
-0.6315806074029477
-0.43638227076195674
0.25976146974011405
0.14588564472383528
-0.05489880925404767
-0.803254185323905
-0.6769125306528218
-0.6050826891983233
-0.06414314260871418
-0.4643632641447039
-0.29172593511701195
-0.43233667493459876
-0.629811741672246
0.006771348460466543
-0.06964097449391499
0.9415397960538738
0.016979757460867786
0.3785612893071494
-0.6517463790071522
-0.10753502238258789
-0.6838372692020313
-0.7635281108483853
-0.5594924617550932
-0.5406426099848619
1.0845560403101953
0.7214330254686802
0.5064583270951336
-0.6319117166722295
0.02611633977798554
-0.2648155023400858
-0.5933604457271617
-0.20578423071837165
-0.24032582426195898
-0.3290736032214776
-0.09952107095335196
-0.7009649296251825
0.03929929070170732
0.6933503422602438
0.8350801304139875
0.09270158208086748
-0.18305981712134037
-0.04189040017861405
0.2699156351392825
-0.00010879167730644778
0.06700343676965237
-0.3144708000435915
-0.5829236925783475
-0.10884074583966949
-0.33076158894234736
0.11755924340599135
1.1173716322006193
1.0044566093840206
0.1669306770940446
0.47302855399138916
-0.1232725972301871
0.15042399088580355
-0.16723875151559967
-0.013378096468411317
-0.05906929973803082
0.4231066364332375
-0.01364390744045735
0.7231731888938597
-0.1125822346522362
-0.5653814123557193
0.7928676024222794
-0.4467796068945455
-0.6635706046850719
-0.3023139112956055
0.08895179357874436
0.2955092307852847
-0.5614614888476768
-0.05826781621668217
0.2714069583429385
0.17887719114243175
-0.5351107414431184
0.16133920127555243
-0.8026774973356049
-0.6715399833211175
-0.48491842466159085
-0.022932223627106615
0.3080217348985157
-0.18216994256129354
-0.4213480350776019
6.426580401129449
6.455812302793482
6.780480142884579
-0.19233527981482834
-0.3094960915944884
-0.5558736379521291
-0.729998064913103
-0.6197872439275525
-0.6227000926811325
-0.6075609023412123
0.18526809338005093
0.6266667193487261
1.7331522092897735
-0.053142646485760094
-0.3290020185012234
-0.2360297208207068
-0.0972322211459403
-0.44345371038139686
-0.43864635236175764
-0.6148566024910299
-0.5798374043869089
-0.6656758730517759
-0.7902658799228256
-0.0337930696442179
0.21362206971215725
-0.6693047989998174
0.09615992155684998
-0.6077593226081146
-0.6113381623766254
-0.4056004413559679
-0.5223122660641581
0.5740830596493168
-0.09166215781040364
0.6665010874476555
-0.21779464028694642
0.6011685714426481
-0.5507554491898004
-0.16342959903762785
0.32472547862109696
-0.09085606476675447
-0.02055905088373483
0.24217796171227876
0.4057121302473035
0.6799627254103747
-0.16569935043114228
0.019438581929515805
0.04293943685095325
-0.015778925975445463
0.4474083550185295
-0.15115362596796966
-0.25776436341336506
-0.44993849794565133
-0.43226679416763175
-0.6979103996430029
-0.6918042071671975
-0.37311625486919225
-0.35526598433992823
-0.21792566331209284
0.6408113057436662
-0.12501815628363386
-0.5420499604886129
-0.5277663242812736
-0.5719126576825737
-0.5343726448861424
-0.4486935749235874
-0.36200982861191117
-0.27907827362845966
0.6747801581742116
0.42260550707076233
0.7347136850123583
1.0991820457398973
0.6452567585749759
0.6940084602099355
-0.5910392074865324
-0.7781254876182506
-0.6914629863750947
-0.1578716999674009
-0.39562029578959607
0.07934941052480403
0.9058838056936562
0.0827593793409598
0.5409951381802793
0.15081470904159233
-0.2149795687070845
-0.6046494198417435
-0.6989870812869167
-0.6378776060872349
-0.6455850940812804
0.42603762901958686
0.75014063686597
1.2007153027363977
-0.5258814524127919
-0.4083849593517909
-0.4954702982273889
-0.48784690484706406
-0.6062595810663328
-0.5589029975838045
-0.5328360868127565
-0.7046921368465692
-0.5828220060090976
-0.41416769581124013
-0.4575548943601685
-0.3415094300503056
-0.21231456252998868
-0.36577237440527544
1.0914272433329488
0.9757811987070459
2.2985617290353173
-0.021185384072606585
0.25684177233775896
-0.6915204592017858
-0.7223524101724232
-0.5292335638063799
-0.4750623738290012
-0.2762531747047708
-0.10607603054171551
-0.4762223762635354
-0.4764376824527676
-0.7247679682408082
-0.7206075880084833
-0.49209528464370356
-0.1266785645658237
0.7526570601214355
1.5251628517190914
1.3184938333169813
0.17686047497688684
0.5226827604492303
-0.21123294429851355
-0.6853795358545123
-0.719403778210559
-0.33176627178025814
-0.524220043132002
-0.07500535868614512
0.34021809512754625
-0.12944270072972897
-0.09011631972406076
-0.3631602077061766
-0.439375432878093
-0.3055504076535222
0.5645278130725002
0.21975915288513004
0.2857064557712879
-0.4094378442299042
-0.7803866800823427
-0.7404425976882727
-0.7669715351463914
-0.8417591114151742
-0.35116420639188595
-0.8566858568751611
-0.6326096081585046
-0.4169869354317534
-0.5297848244162008
-0.5240021483129454
-0.6980977889490401
0.5122654733827626
0.8976227393037973
1.8726739480208934
0.8742066012642795
-0.29220922272994243
-0.18366376980627255
-0.34754855388510153
-0.33049526486370395
-0.2515408338809338
-0.27230336854274667
0.48222589515722886
0.4077410792176244
0.6895955457358027
0.10651045267761423
0.6095908641701465
0.2106434602406982
0.33454305408743285
-0.42142006681826194
-0.7849627732204365
-0.6473965087681635
-0.01882944943019792
-0.3110244349097402
-0.40764430063052204
-0.525463456182605
-0.4668494432722959
-0.08639354177211762
-0.19901437352859108
0.36927996666469853
-0.13956406839142207
0.2989357736717575
0.668093734179215
0.9661093836879062
0.30547661822511624
1.1574342030944031
-0.09703853121054844
0.11144463121068099
-0.7158745718130448
0.5837744470772246
-0.3633421995974537
-0.3636139951833533
-0.5858367353063574
-0.5093945822076665
-0.2940258840511906
-0.2777066363245434
-0.6532291745432823
-0.7199347842659027
-0.4581472405970738
-0.4562811431399724
-0.7076100525857485
-0.22170587412055226
-0.5117235053140072
0.21596453689150946
1.2680283421165315
2.3620382002399203
0.3853510776078589
0.5625239921959975
0.10721562216136903
0.44640305574561656
-0.35574361174765945
-0.10435724338498291
0.7618631802935363
0.881088146820411
0.8398070993948048
1.2027910339104173
0.08920881442200325
-0.3712122976614737
-0.7045746319283187
-0.7094950679908941
-0.6787286817911853
-0.30304111778530013
0.747059430244154
0.6938819915773826
0.553068107173121
-0.2707879886968855
-0.47936461023146143
-0.7476889548707696
-0.5287645001694947
-0.4640299651117229
-0.4672576560777166
-0.584466037491671
-0.7866728378450452
-0.8184039766075797
0.11822926921404711
0.02597747281960218
0.07515362287684686
0.49383111110562555
-0.593327408362103
-0.5082700608431373
-0.6727801594203858
-0.2160486933521383
-0.08485357528031282
0.589465835946696
0.07302037197306521
-0.42499660138638473
0.7353293226499154
-0.11649093483285544
-0.14144817247633223
-0.2468071227502922
-0.062021047891616485
-0.3527163721894687
0.2256075460153112
-0.38912343637285607
0.14069400394511788
-0.15110070319919536
-0.6490028616306248
-0.34280069728899787
-0.7628925568500909
-0.3647676701755625
0.2616365835273861
1.049051679197331
1.030282554152735
0.11023765031675366
-0.6894852062937837
-0.13223820267332398
0.655807327639959
-0.6115416572911604
0.12322931236126548
-0.09700112491640979
-0.6627225860036706
-0.5974097025794006
-0.6525183308131028
0.6324618804763038
0.0931516863575895
0.3091330048258355
-0.3566198307049761
0.3377037425576885
-0.7176074731848681
0.9991008991492553
0.6263738050386513
-0.4537114461385432
-0.6617351509185619
-0.8263823886284469
-0.5705068152392692
-0.6149162350361513
-0.22865470221531942
-0.4628170219757944
-0.33885850985163574
-0.7930902276505506
0.2305960543056708
1.3877787202711986
1.4856851810579346
1.1062681594855297
-0.09939297319461148
0.883321004790177
0.5761577689191629
-0.17213410205776913
-0.29951458624130545
-0.6149340755867801
-0.05993504009784189
-0.6721370872228367
-0.7504241839450042
0.06339629144096845
0.04041904301088143
0.5929715383984322
0.7278007756281738
0.8362119126494963
-0.04165145739489432
-0.37394828470446423
0.6294617263933512
-0.568880205952077
-0.16109661647920653
0.14736768803573025
0.4972464706226001
0.554047687211203
0.18987439999452366
0.14188969855137054
-0.18783201025460078
-0.27635333088605835
-0.5390821227096232
-0.6095380697550528
-0.38084376212898663
-0.3312385195318682
-0.3457101461768557
-0.26358985279183716
-0.4902953429232707
-0.030710921315943496
-0.2955461620078062
-0.17989714668849338
-0.5016006036278678
-0.04473020491139433
-0.07617710234800848
0.09233078462707492
-0.0008372107950556093
-0.3732380589081599
-0.4356591603004424
-0.5553763724764189
-0.2759168040524334
-0.1902154341008188
-0.19452242953747506
-0.8325815629605716
-0.7196316529141213
-0.4080769729164011
-0.08393128007728771
0.1680544975412472
0.7127500489098053
0.028036562905341803
0.2633710292158546
0.26291527099749623
0.12255389673949334
-0.5229732861189045
-0.3376330333587277
-0.5182267939548422
-0.3551244448036251
-0.1280718440872145
-0.5079289359535564
-0.23533619597179495
-0.7190937293827193
-0.168690798703163
0.7667580228720322
1.0193892627031111
0.27166876618134805
-0.7802786040446722
-0.7108135499319181
-0.6359261825364186
-0.481037401750749
-0.5245160725916191
-0.4006494791937408
-0.7075856286706048
-0.4763341945864088
-0.3560039476776207
0.6731338722105827
0.48295437908330197
0.9058559019505579
0.9863329049534968
1.229407124629846
0.359292650354985
-0.612955672958346
0.705887153976314
-0.356114875540364
-0.40915486440230836
1.2607611933826344
0.2687000187155871
0.21209183245226412
-0.3342845296151174
-0.5912815077976368
-0.4802306761295325
-0.7144366745674267
-0.7078430496409746
0.2829898989429645
-0.7039610942422991
-0.5431430402622219
-0.7134604251331836
-0.48688445130269814
-0.524646869100769
-0.6870486970341906
-0.3767445984592543
-0.3725897115075907
0.3402063604492067
-0.2618104259421222
0.11824679350092526
8.2729516506495
9.095726129673261
9.392875808074628
1.3767773761122242
-0.5836690178130812
-0.724439189171265
-0.7122643532540621
-0.6798320582791467
-0.9110097132394422
-0.8752686989260768
