546
-0.12540906265851798
0.4681900142426416
0.775959726102878
-0.11015698543752313
-0.3505987630580669
0.05341128094594792
0.384120600499973
0.9425864902072324
-0.35744912445526394
-0.4215308815358378
-0.4930277673024687
-0.5544275760211405
-0.4519319501694465
0.5547117178988592
-0.43296340603726713
-0.4583607115534231
0.6848286510300698
0.8772205406839877
-0.5453854013368935
-0.6263301355433382
-0.06267655811553177
-0.05928447433835562
0.31093027368806453
-0.18575960619099716
0.3898068742112129
-0.42370204385904053
-0.30995598627892923
-0.5101497216651366
-0.5318630223435005
-0.47032135302073985
0.029249606277773656
0.33853917638921005
0.8911084323417603
-0.19255528177816805
0.612589988062203
2.067753215021729
0.6231422478840507
0.23844802925235625
-0.11851833707105719
-0.2753475180180941
0.39895642990777325
0.38809442829567714
-0.4177025699966639
-0.6189412931878777
-0.7448162272758313
-0.757128490444826
9.535202193956717
-0.6386897602243272
-0.6592859197066165
-0.6561437234857731
-0.6772719567158919
0.03271384194821149
-0.06595652177896452
-0.2950828006115546
-0.08555678714843659
0.6623980139365677
0.5723708490180118
8.925237340740733
-0.2789137639587382
-0.6577948103861913
-0.10839969639028109
-0.22633640340175515
-0.4619262425979863
-0.031026820473767862
-0.17635732836302395
-0.7381345825057978
-0.7155967047008781
-0.7180506343586437
7.697680792357326
-0.7674299274189064
-0.6219770678284656
-0.6684255055372121
-0.6455331761391608
0.5021059080992748
2.2961546167084483
1.9406783391575393
-0.3777221701489663
-0.062171437488016276
-0.23698628828162913
1.4846652600814303
-0.4353585521528699
-0.46885705772415287
-0.2947730489280684
-0.7762551747789754
-0.6122893268800724
-0.07831416575013171
-0.3067210568491555
-0.5979158357114217
-0.3093170790743098
0.14464686789396827
1.0643387410954313
-0.556059459980645
-0.443697885383958
-0.3542434061102403
-0.6495187902539608
-0.7198382322330916
-0.6923487303432782
-0.7463711402396639
-0.7715809950504282
-0.6145691995754279
-0.2699189420718801
0.7453767243402548
-0.29942229703076156
-0.6400938395372743
0.21256679670281087
0.8136801528678509
1.1908746130583179
0.3029055867038733
0.03397020200222467
-0.6280681829151352
-0.6565672219439249
-0.3812019888351425
0.762024123390709
0.34756523506010206
-0.0841745319634258
-0.5745115335997195
-0.5791696598588332
-0.5943708311513902
-0.37568875723415074
-0.5556164998664928
-0.3148061755242516
-0.23696993368097463
-0.2301705125753403
0.09332358737977027
-0.18093750350865664
0.012254198915853068
-0.3450134116460817
-0.7028264454051238
1.5177973565280394
1.6475459114676005
1.1504766190753621
-0.5834947891587168
-0.19681974811848188
-0.4582877661049412
-0.5867676559262105
-0.5041772236950832
-0.34373178366491564
-0.2486127926910777
0.9312646527914867
1.3480165762682288
0.10470472818171579
-0.6352140924958689
-0.6795976036613274
-0.6524570771577144
0.24706550481038403
0.3606451437268838
-0.24793036933480855
0.9430269374195843
-0.06508721273487066
0.0529546196658302
0.29778628657767664
0.674010837024167
0.6923300926061571
0.30444295330869503
-0.4124882076767671
-0.13176949347368555
-0.348672976742147
-0.20408586188521444
-0.7428233591392532
-0.6629810671152296
-0.6516397856382072
-0.5867890026495717
-0.6869328736548814
-0.7082771940272821
-0.5776440914024291
-0.548410336193208
-0.4519492006501506
-0.7686966793213614
-0.014351176081534096
-0.17242143538775545
-0.21175996295493402
-0.1320311165498667
0.13742277268224154
0.11729602800848589
-0.5574494233813155
-0.5141538775401324
-0.23377691494432076
0.12847984728695516
0.587609280909395
-0.4323990617953675
2.939521200196485
0.46298008062302726
0.3605545099182366
-0.5302083623256382
-0.4784038473004008
-0.583583860553773
-0.5191145899565713
-0.5903183842772718
-0.7665264387117309
0.047595792561783194
-0.3876818145209622
0.004593425313106989
-0.3171237582023995
-0.4825099815807565
-0.44752173062475875
0.30731357271750487
0.4988670396360418
0.722712990371434
0.03886564483641398
0.5452392754345097
-0.10938921151000461
-0.5335736821706881
1.5290685659496843
0.5333714592951799
0.40863274230869223
-0.5637639059957286
-0.6197942796957255
-0.5461716477382247
-0.4063705201220974
-0.4918759486809317
0.05267725544257019
0.19623834897079104
-0.4733393230703948
0.909336312979983
1.0673946407904116
1.331335281679563
-0.654641068419933
-0.6337527651501514
-0.5607776246084611
-0.547725988025944
-0.6699246629537965
-0.643666047285299
-0.19991725908844465
-0.3832692787399817
-0.36645388164056913
-0.05619092170970867
-0.3010195800984112
-0.32583438712897456
0.014734414388154517
-0.14152820183563325
-0.44044956726085766
-0.4557290867213265
-0.5714336519347728
-0.7307326382025388
-0.5536630385217184
-0.5033743374133465
-0.44188944965057203
-0.4975802689305779
-0.5608683427049539
-0.4525919281335257
-0.3515520357877476
-0.6227776824780202
-0.6594266174545025
0.5402188065460888
0.20440187966402093
0.5871778471127294
-0.6133646804630399
0.7520610989418645
-0.3556097464482935
-0.08786482235239854
0.3259702870643692
-0.042571409582666746
0.5283540411134338
-0.26337374975905653
-0.05577297451063786
-0.1592952540905674
0.008277941429576177
-0.628534974475742
-0.6844424914859503
-0.6944138912884129
-0.6450982126749331
-0.5937796625234121
-0.7172744916254392
-0.6227709445614917
-0.6302846770751911
-0.6063225371300305
-0.36233427669099233
-0.5125970280481296
-0.2895708850750516
-0.28309502528267555
-0.5868914234215301
0.13069239396522705
-0.31803638908448495
-0.1065284118238286
-0.2370467496377003
-0.7135345871792063
-0.6621298830460491
-0.6081609161620689
-0.5999876296160546
0.16396239766303647
-0.5422372535342035
-0.7139025811958579
-0.4444059921029992
-0.6209437204184656
-0.5978289098535746
-0.6279678262820232
1.5634470137192378
2.0091130878823735
1.652274619364822
-0.3307091833443597
-0.04534965727113972
-0.4720850900506801
0.40348820834057236
1.5932926548393314
1.1261855389191575
1.5608078662757212
1.4038451121824593
1.4232982903989382
-0.16265557872443778
-0.06319119557399017
0.04509604799160282
0.32810426738911197
-0.2990818752841993
-0.5649404352831761
-0.671474249434541
-0.5269362190958745
-0.37656610590880923
-0.5523937985875825
-0.5487080990776861
0.03249312069394781
0.3459369236614956
-0.31902882600626414
0.4990732828329615
-0.5502505382723268
1.2581699604190149
0.847753431925306
-0.6654422355516543
-0.6587040993829497
-0.7323308441256967
0.18272184423169374
1.062750066076707
0.9895579766884328
0.3612930356869851
4.80523076029735
-0.4414848255892205
-0.6676906185072422
-0.5910433030947706
0.7733027445291714
0.6591002704980791
-0.4792717275553598
-0.481670495560679
-0.5420889516462112
-0.7096805627106962
-0.3766607230714149
-0.3588239078066883
4.916396436462514
-0.5073385371003027
-0.4393123380853245
-0.6654748547061619
-0.5634618862833449
-0.6073904879324319
-0.649296356452153
-0.10944146828108209
0.12698800470072974
0.04552551556675114
0.3478062944796442
3.10375551321413
0.9122434504985999
-0.4883319585027348
-0.3698037090832445
-0.6128072350718055
-0.6262031849240882
-0.44121346550085233
-0.5400305455113891
-0.5991075867162399
-0.3484056740929236
0.9451321291307533
0.03002272343202374
2.5483595660803267
1.5848417120121534
-0.4936059274666106
-0.3906432880496022
-0.28381947149528314
-0.5272894538706534
-0.43006188165254655
-0.22337618304613313
-0.35051656970757916
-0.2728058331672106
-0.04880503782862045
-0.3019676531179948
-0.2358322024732938
-0.09295677970224284
0.43005761688761956
-0.023341867004143417
0.2725347301496665
0.255651932534241
0.9509260091356634
-0.11889603147500079
0.14349955990417707
-0.392206133757711
-0.5345451523488852
-0.43733559061315386
-0.4509141682208412
-0.4909944928070214
-0.6810556365443701
-0.04755141406572694
0.405390196325138
-0.12764719533804492
0.32248938854514125
1.0223363931260103
-0.577378798390982
0.002939358783124984
-0.03634865927995501
1.0629577945881512
2.295991573305545
0.044387054350015345
-0.5785501711846189
-0.6881894726997436
-0.6634925691588862
-0.5062755937736408
-0.013913887570873383
-0.7067926561996446
-0.5585729960277255
-0.36458182258043903
-0.5985934966715275
1.485398595163778
1.5251746285346393
0.24401446666008075
0.08414281888494507
-0.11777984082118235
0.38545371390850103
0.39919578835023745
-0.7220342182069208
0.6013452547266331
-0.7115984334604485
-0.7547731731949539
-0.6036693783959638
-0.2802779565628018
0.7196069870142309
0.3658803527230387
0.4841637807280733
0.6046000353665392
-0.07603215953897159
-0.697349530652086
-0.2182838642930763
-0.5592641313917801
-0.6438115892664169
0.3589938813152047
1.4403683772734628
4.727887012323323
3.704758180407419
3.2103789206253808
1.1989079478694626
-0.7129006042928475
-0.6552170404361236
-0.5419463911114176
-0.35324688907240454
-0.1170053256992286
-0.28537904745227805
-0.5701430698286515
-0.3721749685160701
0.08509558137469825
-0.10406279229990202
-0.6982570261185019
-0.7029473385240114
-0.5934536053867457
-0.5401807987371865
0.32019089567571585
0.37222333049254874
-0.29246099460946495
-0.5280021532988836
-0.6172516643587528
1.1379013604729558
1.3099420477459653
0.8038919121474993
-0.6580609540941985
-0.5951454857592394
-0.5309258741192809
-0.6952970877500684
0.21097624828631667
0.27105147547991804
1.0495346186751906
1.4738300894779508
0.031076507243706288
0.6992057047536189
-0.3936412272774426
-0.14894856759484734
-0.47899645998711815
-0.5654692396132033
-0.10794239902289962
0.22382514326094802
-0.2918689987494004
-0.09366469100965694
0.07166020071079636
-0.6831708340031639
-0.33408977993198335
-0.4040127904698103
-0.5500886523938457
-0.5350683173713949
-0.16334192274391324
-0.5452156023987231
-0.21173312716473647
-0.2512577343726033
-0.696113272189109
0.29025374551945277
0.04724762848091467
-0.5085571609544031
-0.1203596953100214
-0.49524359948908653
-0.6206465232648537
0.10913249083130053
-0.23721375985505117
-0.12637790051828027
-0.4048897978046364
-0.2715857120829245
-0.35426736948087995
0.411767062278518
0.116930295041284
-0.5699543062832897
-0.38330903100047725
-0.34565230154368015
-0.4073176297420176
-0.5481285703609997
-0.29236416619259814
-0.12466498958623182
-0.442098360172837
0.04184254990670396
-0.2694524465605129
-0.3765929540938381
0.6747880831834777
0.6375829446933889
0.3282121392040729
0.1630658792122566
-0.5734911185996139
-0.36144314580460746
-0.5519014547810548
-0.6446811100253934
-0.5086310827350127
-0.6281141963588782
-0.12003130827957144
0.09248068365453185
1.2182726044964163
1.299511217003311
0.9207331988273496
-0.6402745273167836
-0.20387468160608807
-0.2712407876409691
-0.5751277821465111
-0.5338687445239729
-0.4189268744541193
-0.40471639484652044
-0.5786231841864543
-0.3379369673625486
-0.30034260734704693
-0.5029343011676026
0.09466722767077611
0.3758661035470013
0.7172453493329863
0.5394761173324667
-0.03338283313556815
-0.3298627059388533
-0.1907587518553457
0.00686690348174446
-0.3295441861979788
-0.20072719318706128
-0.482866019566734
