109
0.743064
1.74502
-0.160508
0.214264
1.08945
0.956939
0.197488
0.77843
0.938688
1.29614
0.947221
0.204769
0.324666
0.701207
1.46944
1.24725
-0.262662
0.946571
1.13174
1.70955
0.134632
1.65209
1.7126
1.38905
0.414818
0.828795
0.186378
1.2615
1.3169
0.495104
0.406884
0.276639
0.505115
1.91115
0.38539
-0.0631509
0.541617
0.367985
-0.393532
1.58169
0.642648
0.148219
2.0331
0.346214
1.24452
2.1252
-0.309733
1.84485
0.499186
1.75608
2.02553
-0.344151
1.42719
0.231936
0.958585
0.716157
1.05696
1.06072
0.802409
0.392541
0.592591
1.55822
0.17325
1.48298
0.602918
0.478613
0.697701
0.167054
0.567846
0.765945
1.16138
-0.192466
0.995393
0.387119
2.15174
0.305651
1.34807
-0.172023
2.10251
0.792791
0.537831
0.710406
0.289953
1.6222
1.36168
0.637494
0.112352
0.596144
0.747121
1.80136
0.613623
-0.0966081
0.645278
0.0878761
0.523215
0.875055
-0.151805
0.678536
-0.482625
2.57345
-0.64092
-0.174
1.82192
0.904963
0.457745
1.37165
2.52796
0.511892
0.777803
