546
2.0416077024694284
1.1748024130856065
0.4331543123622623
-0.25944508298350155
0.20366086528145705
-0.0662094534063864
-0.5451533823938964
-0.3461341618100357
-0.6192728541517983
-0.2119522812558349
-0.08685928239394275
-0.7371230389609589
0.40092218963321585
0.7622195175895091
0.8438356297994127
-0.008250928089818893
-0.2664119933574494
0.34224609554784674
0.35549251540025795
-0.44573014667515515
-1.2071234119439018
-0.8081459554517766
-0.8093915218342722
-0.4321200190257594
0.76450849771991
-0.21284052658873656
0.48455694582496184
0.10745324185694699
-0.3636273448825077
-0.1485168820244379
-0.33085454720229057
-0.7302753058131382
-1.1170035114347052
-1.2245938535160754
-1.2053397622239292
0.42356528544237976
-1.0075114148638957
0.34879704964946023
0.6254338199170999
0.621515155153482
-0.5945374823302993
-0.331086556728867
-0.6371273005524443
0.05099253704541695
0.03700677191068306
-0.2167830925070707
0.09436237587708846
-0.7846266913846168
-0.4834590941659241
0.313659919307287
-0.15744331215282523
-0.9889863171382991
-1.2031834016556646
-0.9912517556699819
-1.2032432029169147
-1.395053423594964
-1.5403538796120333
-0.23430687899852104
-1.0033596305556902
-1.047448585409089
-1.1304869160848356
-1.3380581949773573
-0.9677712960039225
-0.3563539608938536
-0.5455036439844332
-0.8036495234807474
-1.150673387306109
-0.881117860288048
0.04023766975854868
-1.3143947369311109
-0.5820366127957821
-0.5699536201280974
-0.20936240252842103
0.021215265987571272
-0.44789211877548557
-1.0880889950055412
-1.0195227816517125
-1.1443771219261967
-1.1519183395410026
0.19970778196442318
-0.8728645094874551
-0.39321888393915844
-0.11538834245136997
-0.19537924889271358
-0.3236770073698036
0.4503709677473879
0.6095030376948121
0.677635078355594
1.7811479628568712
3.268074267915424
0.25189881163942995
3.892910182040527
2.7772095173278446
2.009847714170225
0.2884576176822737
1.0738589133225918
0.7684436699021965
0.2771535110636849
-0.6539465807342504
-0.037239727663891484
-0.546643621346811
-0.00015619332293708742
-0.4265132874066536
-0.154799382973485
1.205925911130435
1.3336243036210722
0.9759337019501906
-0.3721657169521615
-0.5624052679774487
-1.1017730260279275
-0.46061797736071214
-0.8314306834782346
0.36395397383275835
-0.18748024953180809
-0.5801126771827791
-0.8028551210856726
0.16858763682917444
0.2053759710409221
-0.25305840129781193
-0.6870192508000863
-0.7202900188065906
-0.788451973697644
-1.1752040819096372
-1.1306036802803723
0.33922645181741345
-1.2192000022668903
-1.0762393125895222
-1.055091068800654
-0.3486626217326318
0.38056940463607924
0.7166865581045422
-0.11966561267164913
0.11607334351238455
-0.09144888090079707
-0.27276992783980547
0.4071170300418268
-0.577973315812784
-0.2823100190051567
-0.4879428953398116
-0.6892948969124526
-1.136090856937154
-1.2438446816588473
-0.163646696895982
0.7727947155517022
1.1629159543708243
0.3710308094523978
-0.05572477793610456
-0.8507553062939681
-0.6859701540058148
-0.5339966706586616
-0.3021639667193773
-1.2141829782101776
-1.2658828402663087
-1.4432425980604995
-1.3841108295554552
0.10247572434154628
0.26648505770629355
-0.5524149703406811
2.17301548986667
1.303348283838014
1.7037549921625907
0.4193952080966255
0.005149074477007877
-0.3635070943977032
-0.8758707585485097
-0.500127604669713
-0.22810465188085546
-0.632815667635727
-0.1032520767010773
-0.7152130934659807
-1.2974467842202226
-0.9137217604836767
-0.9812478237981971
-1.0001108197069042
-0.16510587636647514
0.23674960423415822
0.23318677625135342
-1.2661015561716698
-0.7604458851430707
0.47236659691423355
-0.4848860539766147
-0.026768945673564915
-0.2570197822710453
-0.665958323903699
-1.5673776113708449
-0.1598221345815684
0.16625715818984102
0.5360322063871814
0.1174452221519437
0.23188300740206122
1.380178941469701
-0.25734859021896483
0.7613716217906029
0.7737420653895838
0.865320795359704
-1.1525309265761614
-0.6346640540196409
-0.27252763085148923
-0.7527603928926133
-0.3890106081927278
0.09586815314391674
0.9836605011942962
-0.035660921593783874
-1.1125317678513948
-1.0607233898789639
-0.9599339560121031
-0.9725460530662859
-0.28387421763076515
-0.3035154025016647
-0.8681149067473672
-0.4959464221821091
1.0806084499460327
-0.13337245773310505
0.700907919743799
0.8804118182390933
-0.647869268601888
-1.0326443888852708
-1.386714943659316
-1.360738582559737
-1.1670975121222333
-0.5912875881164797
-1.0147057693671124
-1.1287666844872093
0.04601801831141386
-0.5431619951734711
-1.207547876868604
-0.698732015037945
2.131328770379745
2.44335514055287
2.3283005947669047
-0.04753442294041192
-0.4950556414916479
-0.20822413489446492
0.03635391068726524
-0.27372919226479303
0.06876368428753522
-0.8042999611673998
-1.1528797799921162
-1.2459660120487435
-0.8757592824468301
-0.6291337452424209
-0.6797352165862154
-0.15005779899302293
-0.33784928760791133
0.06093897161801203
-0.5099421515339394
0.38336487978432426
-0.49067553364106525
-0.33794948661438823
-0.5465024784728069
-0.9689946945751027
-0.6008458989616245
-0.25533947862984246
-0.16299267741522266
0.12254013279107166
-0.05666746899478916
-0.05520062236896805
1.193355854507532
-0.9144316747571105
-0.5402322487301346
-0.3674626481484829
1.5388672292159362
1.2276934512041182
0.4013076389341459
-1.2160455413825177
-1.0384484134154512
-0.5421907915789445
-0.35065268450225545
0.6698889888412463
-0.5804175944840314
-0.9105572859825146
-0.3526870442360437
-0.45675007021443287
-0.16882633948775294
-1.2442410148560719
-0.882115953751587
-1.0102737024906616
0.18323030278956426
-0.0617989376275146
0.06507079025930013
0.10834622276177253
-0.7144548001505377
-1.0873488240785059
-1.2638274520696169
-1.3104382206098064
-1.4217289060878961
-0.9892547539023219
-0.49817710465708925
-0.6230693835902493
-0.36927883338227513
-0.4279460459663935
-0.30282771491583393
-0.44446939094264093
-0.8085107803640835
-0.926704627690829
-1.0675736273326675
-0.41091480453641865
-0.5127720520983464
-0.9299922784642556
-0.9981532353911614
1.2824479499163892
-0.32336406644082016
0.6768319423248705
0.6626599652724412
-1.0724386843783562
0.06308832219570674
0.1652380166566501
0.8608744821832376
-0.5379858351836417
-0.6749293988201311
-0.393198763374425
0.06042550288620873
-0.5148912027944136
-0.34023307598164665
-0.7315230771485154
-0.8350738304067445
-0.5537152587370773
-0.6114662081422202
-0.5915346293187318
0.8061893784070582
0.6804372339471855
-0.21602510538851172
-0.6655291747742397
0.7822072719057982
-0.5716821620589766
1.0252154818227401
0.8324350146484146
0.7915200778915167
0.47095419762509344
0.27820662379664246
0.009152722417620524
-0.41550803262577596
-0.4464976275522868
-0.4506211516235178
-0.2580933136879225
1.490936921305507
-0.29418964950918103
-0.25426072288825174
-0.9741956141215641
-0.8119426280920718
-0.4420190128503026
-0.03719594459944711
0.5841689929047799
-0.007764941502957947
0.022409125551345905
-0.7367430394169642
1.4864262613515324
-0.6895085383245274
-0.5472573191881522
1.7390894975554463
2.289760446175885
1.7604015488210079
-0.9314595270055582
-0.4777618121636308
-0.5154197429956042
-0.8087406549979509
1.7136039680720572
-0.037514089239941636
1.9260907556107376
1.8989974408713892
-0.7205842161351292
-0.9390038836266377
-0.7267787814774308
-0.645795503399034
-0.43142794926981287
3.028412771930885
3.4713764571552312
3.096550017962433
-0.37957664357964715
-0.6300598520640014
-1.2545057905918167
-1.2396608952183719
-1.3952905367625936
-1.3422051216011652
-1.111079597457404
-0.6073912833223369
-0.7127893569235524
0.10176223845462223
-0.030677626559745194
0.4792477624686548
1.2381976427029588
0.1027235308521133
-0.11785828140931354
-1.1967785735966225
-1.0754735478309048
-0.8838829786896376
-0.5437298974334196
-0.5883866847089105
-1.2113214593252941
-1.5876718680308313
0.6498211297214327
-1.3603578649472035
-1.123902164919072
-0.16154117966443637
0.9967017009669918
0.5321183821585255
0.9375680566470476
0.3840307033394936
-0.25741596693437724
-1.0124126900582429
1.1695198841794125
0.4022277992028313
0.49592605134910517
0.36131958537830505
-0.30703140436583276
-0.5003715356193636
-0.48330522995878716
-0.8432690106088473
-0.9374666237465022
-1.0488144826699004
-1.400393297445691
-1.041283824175888
-0.14289719358720224
-0.8360821420767273
-0.6172595874703053
0.4015005594272833
0.5877821002830207
0.8873292120463896
-0.14549973624659077
-0.7265267808859497
-1.4810264038352938
-1.2530151151235422
-1.0088278450550632
0.09759377028512467
-0.8027699712783259
-0.6951217861014252
-0.06873650461776885
1.7982041058236151
1.4217527366910387
0.9757968007529148
-0.13547702628163813
-0.32205562170506724
-1.2804262048223696
-1.0256001045388854
0.05761913989180234
-0.6943518367550495
-0.7283076433079255
-0.36009573429677144
-0.3191614743759732
0.15964849555522895
-0.34456415580418126
0.13068950654110384
-0.011131842617283172
0.061841835666886294
-0.006812704982472179
-0.08986162186635403
0.676576386241483
1.221863623975127
1.076870545993127
0.49692950496668203
-0.41632856732108603
0.16950989771600927
1.027258824889091
1.216338203693797
1.3212140892673971
-0.029956830155279873
-0.6658433138107566
0.6284995865978773
-0.34047506709470987
0.04407758434594329
0.0741723945637099
0.08152466466824197
0.21387877307923542
-0.039408966299185444
0.6853083408801776
1.1450641814621991
1.500240228524235
0.8299468120159758
2.338604807720367
3.811108060723895
3.434682416162468
3.404975309099147
2.40994633029149
1.7096861255277802
1.1113359184674658
0.07617005606723282
0.05380156979923983
0.3250337074104019
0.21563783943993126
2.367439882258527
-0.014627679659874503
0.22379682928500433
0.5288840123039364
1.906282550641563
3.3774053625424543
3.2778024786918474
1.4764505224722202
0.9322233994836507
-0.048619692085947366
-0.27505611897169224
2.3614345752836114
-0.6273380393187088
-0.6190185255078822
-0.9619318799801683
1.167185557148121
1.9547250863832168
2.00128095365626
1.9152495328823862
0.9995115656684694
0.5801399871693096
0.5428082597717218
0.9939419055851177
0.11188997328403882
0.6435358450019121
0.5420975059618361
-0.006482793613935021
0.08485734806788901
0.47307641550208573
1.0389710321622054
1.4542734715908077
1.8256654025926733
0.8666791535095122
1.2318407957300823
1.2345238044671432
0.9561448572219013
1.4208016682967664
1.3520275133806983
1.7033323248582817
1.7059890892522371
1.4666277732992072
2.8296127635239356
2.125431559428286
1.8352310873081388
0.1407031865816566
1.6597998428278145
0.2030713860167809
-0.14987328911248757
0.6119254782929788
0.26031140871753883
0.03875126910072392
-0.5115173015341321
-0.3796706242647493
-0.3502196797004898
-0.47001375997647626
-0.026528940314183368
1.3368296007959781
1.3774556144352572
2.0822229990776124
2.317723193634661
0.9473127735659816
0.9819015963085529
0.21469418832280024
-0.09000950810823789
-0.2808651302465498
-0.23348236837878528
-0.7637626102169506
