544
1.12304
0.768717
1.32901
0.961607
1.17864
1.37656
1.01381
1.68717
1.96616
0.818461
1.11694
1.02267
0.650349
1.8773
0.617974
1.24236
1.27022
1.35638
0.672261
0.713903
-0.474511
-0.445287
-0.312404
-0.458562
1.23354
-0.2039
-0.657015
0.689061
0.635214
1.23738
1.33608
1.20156
-0.0535559
0.930167
0.675316
0.165057
0.784724
1.05282
0.520925
0.518203
0.809866
0.970774
0.630983
1.23792
0.681515
1.08971
0.306748
0.995089
0.944698
0.300096
-0.0654163
0.104014
-0.0827102
0.888564
0.856714
1.14595
1.60029
0.588892
1.9956
1.20185
1.6725
0.944937
1.06684
0.643462
0.944281
-0.11723
0.243238
0.188222
0.744968
0.340409
-0.00518089
1.22116
1.24807
1.2188
1.04485
1.1723
0.0246149
-0.165515
-0.0814485
0.798373
-0.0290558
-0.189352
-0.245459
-0.00375598
-0.149604
-0.115232
0.0777323
0.261153
1.36649
1.61536
0.114305
1.48237
1.42651
0.354928
0.853523
0.361672
0.70852
0.693894
0.723662
1.07451
0.887773
0.902558
0.464518
0.628469
0.365644
0.995669
1.24839
1.558
1.2562
1.27228
2.05304
1.62889
0.848155
-0.0284941
1.68694
1.0255
0.565865
0.25994
1.25482
1.61205
1.30382
1.07609
0.983642
-0.567855
-0.281611
-0.333283
1.20579
2.19648
2.21886
2.11996
2.14687
2.04582
0.806211
0.823326
0.622001
-0.532493
0.540478
0.373134
-0.10451
-0.437404
1.56203
1.6948
2.51551
2.26218
2.5848
2.34689
-0.287181
2.38186
1.74028
0.911481
1.24982
-0.566746
-0.00249897
0.184288
1.15011
0.910259
0.817587
1.07131
1.18781
0.781136
0.853622
0.501897
0.514434
0.353849
0.326624
0.792766
1.05447
1.16836
0.809878
0.579408
1.03433
0.781496
0.929758
1.02352
0.924767
1.50414
1.25823
1.39382
1.60764
1.19988
1.28772
0.764996
0.327113
1.01458
0.90506
0.569223
0.617386
0.566992
0.227931
0.545108
1.33814
-0.25977
1.27011
0.975763
0.752102
0.479694
0.872556
1.22791
1.23244
1.05608
1.00006
1.05675
1.07295
0.603212
0.102463
0.207794
0.261924
-0.0035184
0.371239
1.02317
1.30803
1.04622
0.775518
1.41136
0.800331
0.215806
-0.279706
0.297681
0.117881
0.168503
0.205727
0.574632
0.241337
1.04384
0.539346
0.991995
1.12197
1.0604
0.332542
0.777717
0.310776
0.70567
0.760656
0.812864
0.141448
1.13625
0.520025
-0.0900454
0.482409
0.388627
0.391368
0.398154
0.838535
0.984657
1.34725
1.46977
1.09979
1.33037
1.21265
1.93163
0.549382
0.264603
0.16253
-0.379401
0.345465
0.426105
1.11805
2.03317
1.20833
1.4532
1.0587
0.638354
0.539981
0.377501
0.569703
1.36871
1.26026
1.0892
1.20081
2.19905
2.23704
1.65626
1.60987
1.01767
0.0311486
-0.169324
-0.533005
-0.395081
-0.110318
1.80499
-0.378652
-0.140342
0.430113
0.258939
1.55961
1.5351
1.38059
1.6311
0.878081
1.67059
1.75923
0.819503
1.06253
1.35797
1.66761
1.33253
1.02128
0.8827
1.52375
0.305948
0.231983
1.52791
0.628638
1.06891
0.397353
0.634359
1.15009
0.922265
0.708205
1.19546
1.17087
1.46247
1.14177
1.81815
2.0147
1.72091
1.0802
1.38829
1.00547
0.27701
0.743609
1.07126
0.710523
1.64561
0.544711
0.419615
0.457188
0.169463
0.583856
-0.0874093
0.463389
-0.102314
1.18334
1.31433
0.692093
1.25343
1.3769
1.41237
1.25126
1.54774
2.163
2.07593
1.61354
1.59907
1.02113
-0.2536
0.542475
-0.032021
0.207512
-0.233278
-0.453462
-0.50398
-0.0612143
0.87993
2.08059
1.88568
1.81698
0.325359
1.19221
1.18499
0.369985
0.0186523
0.123751
0.0314695
-0.104828
0.0616221
0.56729
0.207107
-0.417249
0.268008
0.625018
0.581659
0.258163
0.683791
0.899021
0.731747
0.657308
0.562134
-0.747299
-0.406402
-0.4671
-0.779506
-0.473324
-0.346109
0.478248
0.164637
1.22095
1.45464
1.17335
1.18396
-0.326094
2.73505
2.2874
1.99214
1.87806
1.15474
-0.705055
-0.922292
-0.497456
-0.303025
-0.492012
-0.696488
-0.134044
0.685695
0.303741
1.10503
1.25541
1.63781
1.74182
1.96591
1.49872
1.59158
-0.114501
1.21883
1.22171
0.170145
-0.297678
0.349964
0.534941
0.697235
1.25045
1.27605
1.86285
0.280332
1.61747
2.4713
2.0261
2.44032
2.53321
2.42074
1.71619
0.567536
0.945111
-0.335252
-0.00582065
0.601048
0.258659
0.547076
0.358034
0.551071
0.178289
0.118285
0.494176
0.153219
-0.113646
1.72632
-0.0539949
0.257601
0.283622
0.064123
0.634714
0.258433
0.580332
1.21076
1.47391
0.478308
0.436447
0.773473
0.46891
0.148076
0.23404
0.0177682
0.0430833
0.0408103
0.65068
0.625348
0.940978
1.34781
0.167788
0.616811
0.807127
0.957642
1.00879
1.32085
0.931854
1.78775
2.0428
1.54136
1.96958
0.3061
1.58224
1.0665
0.788118
0.481502
0.700501
0.859242
0.817008
0.78886
-0.0605225
-0.105496
0.306381
0.00669085
1.63391
1.60925
1.25725
0.65309
0.796889
0.810055
0.610978
0.220028
1.25708
0.332841
0.476174
1.09398
1.99066
1.92688
2.13308
1.97001
2.19484
1.51575
1.33262
1.5821
0.950416
0.665295
1.35719
0.260912
0.742418
-0.0490846
-0.399458
-0.105344
-0.209195
0.261662
1.62097
0.445668
0.638198
1.13553
1.13009
0.388283
1.2373
0.986335
1.1731
1.59388
2.06815
1.76996
1.42406
1.26758
0.540664
0.328083
0.201074
0.0588591
0.188822
0.13416
-0.277562
0.0275491
