544
1.1864
0.701498
1.48848
1.11658
1.3943
1.19282
0.988408
1.71275
1.85349
0.650728
1.13229
0.949939
0.444967
1.89095
0.59705
1.34839
1.3769
1.24162
0.883207
0.742982
-0.521253
-0.43905
-0.357828
-0.349085
1.12707
-0.165024
-0.742867
0.608193
0.718509
1.37436
1.49639
1.16391
0.0293446
0.835702
0.858383
0.149814
0.822805
0.822827
0.546878
0.532512
0.817904
0.734735
0.73561
0.969452
0.786733
1.11686
0.392585
0.749935
0.895316
0.232039
-0.0354041
0.0616703
-0.0219827
0.92144
0.957472
1.08496
1.48405
0.721247
1.93925
1.21534
1.54491
1.03822
1.07489
0.556729
0.798453
0.098484
0.355656
-0.0745134
0.85019
0.33527
-0.0177345
1.229
1.65994
1.18436
1.15352
1.09797
0.0144913
-0.0896842
-0.145236
0.715383
0.0507137
-0.222819
-0.0747174
0.123292
-0.0952027
-0.186891
0.0328525
0.483479
1.36186
1.32435
0.231888
1.43164
1.3396
0.495132
0.906626
0.40154
0.82472
0.683922
0.841664
1.00409
0.91811
0.925681
0.284543
0.446717
0.588351
1.2934
1.42243
1.74279
1.28009
1.29195
1.86998
1.74391
0.888376
0.034543
1.79008
1.07114
0.526633
0.249067
1.37795
1.84347
1.17239
1.17334
1.07432
-0.480419
-0.31438
-0.261036
1.27743
2.21136
2.21927
1.86948
2.10102
2.06099
0.55949
0.85734
0.55446
-0.327333
0.453678
0.0558399
-0.145066
-0.1289
1.47413
1.67778
2.27448
2.22557
2.67484
2.2592
-0.295389
2.18582
1.53955
1.08848
1.27394
-0.508681
-0.00307725
0.251808
1.03392
0.825176
0.9551
0.9803
1.37025
0.611536
0.675912
0.687058
0.336746
0.560744
0.252029
0.589617
1.06001
1.09783
0.859873
0.724497
1.02689
0.658516
0.971274
1.04066
1.08419
1.35272
1.1351
1.3881
1.57045
0.958292
1.20858
0.638114
0.383265
1.08288
0.918108
0.531894
0.547763
0.581726
0.204635
0.355382
1.50731
0.0151562
1.23895
1.00661
0.916959
0.686793
0.566803
1.20312
1.34434
1.01725
1.04346
1.14737
1.05039
0.611224
0.0367486
0.206878
0.347531
-0.0344019
0.405308
1.01859
1.29699
1.20899
0.734006
1.22435
0.569372
0.281495
-0.459259
0.146198
0.264257
-0.064972
0.181884
0.546256
0.297186
1.03731
0.409289
0.972516
1.13493
0.807789
0.249386
0.783233
0.140931
0.87106
0.577731
0.83962
0.540295
0.997311
0.380473
0.217256
0.371695
0.152963
0.506358
0.362017
0.801768
0.918506
1.42654
1.42494
1.21762
1.16321
1.34626
2.01202
0.650545
0.19347
0.227992
-0.0404838
0.332985
0.632067
1.08053
1.73205
1.30227
1.7029
1.06144
0.797905
0.482998
0.199838
0.643654
1.28855
1.22791
1.0087
1.21982
2.00509
2.17761
1.59344
1.80237
0.93676
-0.00612599
-0.148138
-0.425264
-0.495407
0.0714383
1.93402
-0.400608
0.165623
0.357661
0.368316
1.46273
1.40409
1.4469
1.35562
1.0134
1.77315
1.87411
0.89552
0.976437
1.37673
1.61521
1.34659
0.789085
1.06091
1.51658
0.555401
0.30419
1.50895
0.798866
1.17861
0.370511
0.773867
1.14967
0.775145
0.796835
0.999167
1.03861
1.46478
1.36024
1.84285
2.04879
1.69669
1.20531
1.63537
0.874911
0.273683
0.841909
1.00869
0.731171
1.68409
0.652459
0.0620619
0.427782
0.349527
0.257597
0.128363
0.526658
0.0912304
1.25245
1.28386
0.56382
1.24937
1.29879
1.40505
1.41646
1.51997
1.95507
2.23715
1.51237
1.83312
0.891874
-0.497413
0.653845
-0.131438
0.0782181
-0.165292
-0.435621
-0.455194
-0.00194295
0.760979
1.94641
2.17552
1.97461
0.516121
1.32739
1.27093
0.44102
0.0900144
0.305442
0.026664
-0.13569
0.324942
0.395003
0.0898507
-0.316118
0.447141
0.856344
0.380618
0.164492
0.910786
0.960869
0.719633
0.730919
0.595634
-0.864907
-0.408956
-0.207494
-0.532859
-0.297664
-0.105675
0.399263
-0.137944
1.13023
1.22275
1.08288
1.62153
-0.227449
2.7481
2.16389
1.78996
1.9875
1.28556
-0.751166
-0.853343
-0.601598
-0.335262
-0.293761
-0.65574
-0.128723
0.637347
0.248371
1.05042
1.27624
1.41227
1.61804
2.07824
1.30265
1.42659
-0.211474
1.56868
1.18463
0.151327
-0.357601
0.233143
0.505965
0.582199
1.15543
1.17363
1.72716
-0.0605922
1.54034
2.58185
2.233
2.56407
2.57573
2.42533
1.34245
0.70451
0.614519
-0.0498216
-0.0716681
0.408614
0.191973
0.51808
0.566299
0.596879
0.243015
0.155543
0.41042
0.377448
0.1524
1.57431
0.204685
0.0950331
0.298588
0.142006
0.595006
0.374812
0.647163
1.18775
1.54758
0.41729
0.361443
0.580231
0.473762
0.324285
0.199526
-0.0222002
0.181709
-0.0114981
0.630961
0.463893
0.978012
1.4203
0.213029
0.613602
0.901877
0.836778
0.951043
1.41851
0.971422
1.58434
2.00315
1.59479
1.91775
0.401101
1.67918
1.14795
0.771743
0.334279
0.647436
0.942917
0.882745
0.645015
-0.217179
-0.111714
0.297233
0.145601
1.73397
1.6114
1.54153
0.705123
0.814412
0.9069
0.62475
0.246447
1.24182
0.223073
0.723977
0.927161
1.87098
1.83159
1.94054
1.73838
2.20439
1.28679
1.38726
1.66509
0.869553
0.738573
0.982892
0.355784
0.700745
0.0599801
-0.0751013
-0.0939556
-0.12708
0.219734
1.6512
0.275405
0.388756
1.19814
1.15326
0.340521
0.919988
0.96058
1.11891
1.58623
1.87699
1.6272
1.53137
1.2592
0.595164
0.419426
0.0165418
0.0380844
0.122454
0.0614562
-0.399899
-0.165639
