182
0.0934314
-0.302006
-0.432332
0.948368
1.13129
-0.306061
-0.447736
-0.695769
0.160718
0.0869382
0.673783
1.38292
0.258741
-0.729964
0.0872849
1.20538
-0.192599
0.128295
1.85901
0.462789
-0.588566
-0.457009
-0.72677
1.966
0.791061
0.889198
2.08325
0.0834233
-0.319076
-0.418553
-0.119296
-0.536554
0.309439
0.596528
1.66765
1.67668
1.98673
0.294908
-0.285225
-0.193032
0.0702454
1.23506
1.48772
1.93025
0.0645007
1.09732
-0.20203
3.01342
1.93869
1.44288
0.274338
0.0325891
-0.143743
0.541957
-0.846991
-0.238533
0.584894
-0.187608
1.68877
0.479811
0.39794
1.92773
0.114519
1.46936
1.30562
0.116794
0.364326
-0.293404
-0.676075
2.01497
3.69905
1.50074
0.422526
0.471688
0.538531
-0.089032
0.146611
0.237026
0.450606
2.43815
1.04392
-0.658657
0.519054
2.04591
0.915637
1.58678
2.33502
1.11175
1.3759
0.883301
0.775762
0.867668
3.68097
0.0064925
-0.315685
-0.503889
0.647249
-0.067414
-0.113491
-0.627543
0.442501
0.444619
-0.552817
-0.444235
-0.315944
0.462016
3.69448
0.2574
2.68945
2.35027
0.716152
-0.222901
1.24049
0.983523
1.70964
-0.0905512
0.455952
-0.68397
-0.530026
-0.384867
-0.439824
0.304844
2.4021
0.777946
0.701754
0.937231
0.0451867
0.312942
0.034987
0.728185
0.110355
-0.399398
0.248175
1.30608
-0.470266
-0.642572
0.00277709
0.196944
-0.366412
0.378867
-0.190846
0.965922
0.981797
-0.391838
-0.755443
-0.194951
0.584284
0.910993
-0.0309446
-0.762033
-0.420805
0.894982
-0.0773008
0.662847
-0.597855
-0.633553
1.79969
0.393701
-0.22857
0.0762171
-0.147855
-0.123339
0.317056
0.0810147
-0.18641
0.105815
-0.753488
0.160937
-0.0371839
0.624708
0.0778886
1.29501
2.74112
0.649468
-0.31219
2.16954
0.898634
-0.112255
-0.0761847
1.50014
1.45667
0.0356248
