182
0.0130764
-0.360447
-0.315407
0.927188
1.17645
-0.331423
-0.314796
-0.555134
-0.114983
-0.0585355
0.7874
1.42804
0.263883
-0.709062
-0.0307387
1.38441
-0.223011
0.096656
1.80485
0.622695
-0.521907
-0.518285
-0.44645
2.10437
0.920714
0.818705
2.10318
0.126908
-0.151955
-0.219444
-0.106313
-0.468513
0.624488
0.622267
1.73028
1.64157
1.93411
0.450334
-0.157507
-0.0375302
-0.0273883
1.28389
1.68295
2.0015
0.117952
1.17727
-0.0517933
3.11422
1.8741
1.53319
0.330468
0.208304
-0.14989
0.66929
-0.790215
-0.264289
0.447698
-0.179009
1.82306
0.513529
0.350823
2.10344
0.160549
1.40942
1.38368
0.23528
0.370906
-0.286504
-0.548117
2.02293
3.72635
1.6068
0.436968
0.471048
0.715709
-0.00678031
0.324739
0.331381
0.539849
2.52304
1.08521
-0.469303
0.407715
2.01759
1.03642
1.51173
2.31372
1.07245
1.41597
0.968679
0.757684
1.05614
3.68829
0.0241604
-0.377648
-0.467109
0.549214
0.0831914
-0.116739
-0.58922
0.382142
0.296853
-0.578014
-0.365107
-0.274191
0.448885
3.77127
0.332761
2.67045
2.36613
0.717076
-0.254922
1.35488
1.15499
1.60791
0.00628152
0.312501
-0.594337
-0.464865
-0.235124
-0.292688
0.264758
2.31063
0.796749
0.795043
1.06665
0.0826139
0.401944
0.113752
0.644194
0.149613
-0.377055
0.282983
1.38327
-0.484234
-0.455116
-0.0484575
0.209281
-0.218402
0.348429
-0.250472
0.950155
1.01228
-0.431078
-0.582707
-0.213966
0.51143
0.865196
-0.108787
-0.782412
-0.547518
1.13075
-0.164887
0.813729
-0.567022
-0.53118
1.64925
0.464853
-0.0782264
0.0783064
-0.272651
-0.168108
0.356334
0.0404919
-0.187666
0.395503
-0.463848
0.146305
-0.190895
0.562334
-0.0019574
1.28879
2.91312
0.68543
-0.267895
2.29625
0.927289
-0.149406
-0.0380318
1.74235
1.44652
-0.09294
