546
0.856725
0.701697
3.81404
0.264748
0.219049
0.686892
0.968517
0.954331
-0.713679
0.751047
1.17067
1.19232
-0.375405
3.54988
-0.7003
-0.134665
0.203503
0.366357
0.224212
-0.0268404
-0.582746
-0.437579
-0.00550534
-0.0360968
2.12566
-0.240095
-0.623525
-0.0501103
0.801731
1.01005
1.42893
1.38488
1.46551
1.12683
3.25502
1.99286
3.54764
3.16416
0.798091
-0.348547
-0.315174
-0.170816
-0.246318
-0.667036
-0.40379
-0.275823
0.895642
-0.212577
-0.409714
-0.474776
-0.528115
-0.549669
-0.436386
-0.438058
-0.580803
-0.594381
-0.613442
0.768855
-0.279978
0.644192
0.785175
0.631063
-0.327407
-0.174268
-0.107604
-0.152927
1.40913
1.48704
0.756939
1.38144
-0.611675
-0.593857
-0.746505
-0.104807
-0.174008
0.0350329
-0.660748
0.0690484
0.058059
0.402972
-0.0733734
-0.398729
-0.336448
-0.405027
-0.558248
-0.65983
-0.549914
-0.00118668
0.447351
0.552404
0.466592
0.661327
-0.152062
0.274622
0.571109
0.295214
0.239613
0.18336
-0.104881
-0.286421
-0.46583
0.309694
-0.272596
0.613341
1.90798
3.67585
3.9184
3.92267
3.67992
2.94206
2.0353
2.56727
0.283593
0.411037
2.65804
2.21483
1.39007
0.97814
1.18865
1.03899
1.67612
1.48737
1.5548
1.18768
0.34765
1.06329
0.995831
0.805435
0.48159
0.0560979
0.0938241
0.572863
0.895024
1.10391
1.09841
0.257172
0.946986
0.0935848
-0.0254503
0.834098
0.938106
1.15448
0.88831
3.02337
3.95164
4.11592
0.327176
3.68423
1.01043
0.40886
0.222623
0.226527
0.230977
-0.323494
-0.301439
0.249211
0.966045
0.238786
0.990705
0.896121
0.0892436
-0.0554236
-0.0897498
-0.130087
-0.190361
-0.19819
0.468058
0.565242
-0.0804068
0.292876
-0.459358
-0.548068
0.156419
0.388724
0.286633
0.644252
0.796916
1.18965
3.33228
-0.310898
3.65333
3.35601
1.38124
1.14977
1.21789
0.783504
0.598249
0.236659
0.184402
0.0772926
0.126807
-0.0983181
0.229246
0.272636
0.225943
-0.00746309
-0.492414
-0.673651
-0.822858
-0.756759
-0.581974
0.299024
-0.681709
-0.616762
-0.361395
-0.322768
-0.293433
-0.326794
0.226947
0.665025
0.552829
-0.179155
1.14459
-0.333996
-0.218889
-0.238781
-0.322454
-0.516476
-0.400693
-0.26627
-0.100538
-0.0582519
-0.0916879
0.338896
2.12639
0.261785
0.0425196
-0.136898
-0.564686
-0.451612
-0.542452
-0.114211
-0.126014
-0.170264
-0.545643
2.42258
-0.484445
-0.724239
-0.559589
-0.594618
-0.577747
-0.409495
0.676934
1.56523
1.58297
1.53704
2.18707
0.913362
1.08485
0.770424
0.253456
0.250685
0.174487
1.25576
1.25916
0.914004
-0.236362
0.668498
-0.368449
-0.42104
-0.335178
-0.477802
-0.0754948
-0.00424928
0.151505
0.045524
0.392255
0.102082
0.505504
-0.0539664
0.763848
0.880319
0.944756
0.4772
0.349991
0.65036
0.712578
0.529787
0.232235
0.312275
0.491633
0.431759
0.545886
0.82386
0.786989
0.280647
0.664432
0.745306
0.686203
0.638859
0.317152
0.707744
1.27221
1.19007
1.15379
-0.383038
-0.038286
0.12994
0.0739784
-0.270373
0.0949321
0.557687
0.422205
0.583295
0.242026
-0.216832
0.14746
0.382712
0.19088
-0.200413
0.706485
2.11686
0.486248
2.15817
2.06914
0.974266
0.923803
0.74925
0.942176
1.39795
1.34411
0.889105
0.420127
1.35045
0.385892
0.248382
-0.249838
-0.192327
1.012
1.19683
1.13085
0.15098
-0.364331
-0.221322
0.662622
1.46103
-0.320883
-0.363305
-0.653757
-0.678123
-0.271672
-0.250667
-0.270427
-0.308567
-0.327491
-0.345973
1.50991
-0.598556
-0.294655
-0.194822
0.13451
0.517189
0.727488
0.178957
0.13024
0.323366
0.386775
0.292202
0.0266188
-0.00090289
-0.292579
0.0776453
0.107708
0.160411
-0.312221
-0.343066
-0.430719
-0.800383
0.530522
-0.464271
-0.492788
-0.529538
-0.557546
0.817087
0.910219
0.948009
1.24038
1.23834
1.21131
0.534784
0.144734
0.278299
1.1736
1.9593
2.10112
1.99603
0.729419
0.583336
0.495891
0.284231
0.438788
0.167182
-0.237386
0.681362
0.887861
0.838704
0.052998
-0.0816873
-0.55264
-0.0223082
0.490971
0.141138
0.546687
0.561995
0.212275
-0.60749
-0.121625
1.06606
1.58722
1.81399
1.74479
0.805018
-0.530694
0.75593
-0.173516
-0.761027
-0.838424
-0.815939
-0.684993
-0.750528
-0.440659
-0.513782
0.0886587
-0.656715
-0.370508
0.400418
0.35274
1.19174
1.10567
1.14341
0.475406
-0.391491
-0.638828
-0.604054
0.746177
-0.661068
-0.684244
-0.147808
0.166852
-0.0750409
-0.310002
-0.312097
-0.106716
-0.330533
-0.528656
0.914373
0.875311
-0.487793
-0.135071
-0.221054
-0.318202
-0.565379
-0.716991
-0.882258
-0.745562
-0.167512
0.663911
0.811848
1.11369
1.11491
1.12395
2.17393
2.54412
2.39756
0.930825
0.0180375
-0.0173084
0.227743
-0.505057
0.10312
0.145043
0.167043
1.58863
1.7544
1.77139
1.32252
1.34302
0.683809
1.36716
-0.760039
1.93744
2.0074
1.8949
1.54522
1.95334
2.08106
2.25082
2.2589
2.06498
1.46844
-0.734235
1.14058
1.21527
1.38343
1.9797
2.10723
1.96564
0.0508435
0.12365
0.07974
-0.419321
-0.495048
1.23494
-0.287979
-0.303595
-0.377532
-0.388022
0.0830698
0.354457
0.713459
2.40562
2.71368
2.53533
1.12115
0.586908
0.365902
0.169818
-0.233431
-0.240891
-0.380349
-0.650429
-0.214601
-0.302128
-0.376749
2.11281
-0.525203
-0.161224
-0.024509
-0.253882
-0.115604
0.939415
1.2179
1.19854
-0.318795
-0.49597
3.74326
0.0227599
0.694065
0.806076
0.612216
-0.219211
-0.428115
-0.412121
-0.585473
-0.6973
0.0389495
