546
0.963327
0.654846
3.67323
0.251712
0.13848
0.754039
0.979291
0.944464
-0.715038
0.805523
1.26242
1.20008
-0.508972
3.49796
-0.809773
-0.0161732
0.169273
0.321746
0.10629
-0.0695751
-0.776595
-0.578467
-0.0889938
-0.178119
2.05846
-0.252837
-0.674193
-0.117045
0.946383
1.07909
1.47177
1.3383
1.43128
1.13725
3.59129
2.00747
3.47421
3.12275
0.6952
-0.534848
-0.473488
-0.436892
-0.355553
-0.80809
-0.445082
-0.350002
0.901302
-0.425408
-0.406055
-0.574362
-0.648032
-0.60771
-0.60577
-0.532178
-0.702709
-0.750612
-0.634607
0.781282
-0.41316
0.845822
0.705987
0.554146
-0.533787
-0.315302
-0.456743
-0.267996
1.53098
1.48867
0.733033
1.20466
-0.656168
-0.678288
-0.909416
-0.0536569
-0.07019
-0.00688139
-0.737049
-0.0684457
0.0908817
0.447471
-0.0823688
-0.584712
-0.193038
-0.414352
-0.51438
-0.76496
-0.720864
0.0178329
0.406735
0.422638
0.366416
0.525118
-0.208818
0.117369
0.447059
0.209763
0.294774
0.0756898
-0.203899
-0.464173
-0.558273
0.420093
-0.228633
0.659886
2.10911
3.89259
3.99074
3.90114
3.53138
2.86833
2.13273
2.6446
0.29448
0.318427
2.56229
2.19817
1.39679
1.01453
1.24879
1.05041
1.6526
1.55996
1.50364
1.15076
0.317573
1.12522
0.976406
0.757104
0.48601
0.219877
0.0950163
0.608129
0.88953
1.13673
1.04896
0.277759
0.88089
0.0867239
-0.18145
0.978319
0.985173
1.07595
0.858419
3.40842
4.16532
3.93318
0.323596
3.63279
0.86541
0.412879
0.255735
0.288564
0.237516
-0.409456
-0.328753
0.158426
1.04527
0.166602
1.00275
0.826065
-0.0668892
-0.141681
-0.147736
-0.176529
-0.194188
-0.35946
0.592761
0.489417
-0.0685854
0.145053
-0.592441
-0.588264
0.13285
0.344133
0.223131
0.754282
0.77131
1.4249
3.76332
-0.303803
3.59421
3.32878
1.38341
1.14115
1.1809
0.741334
0.599435
0.248082
0.164241
0.116383
0.178079
-0.102962
0.227891
0.233014
0.187417
0.0168312
-0.540325
-0.752948
-0.819489
-0.901439
-0.555758
0.291629
-0.67131
-0.722399
-0.220124
-0.402619
-0.335323
-0.366072
0.548351
0.623642
0.482681
-0.226775
1.19683
-0.42255
-0.123321
-0.35177
-0.326777
-0.633301
-0.362518
-0.264086
-0.143618
-0.110986
-0.168501
0.321064
2.39579
0.319249
-0.0209178
-0.113652
-0.613485
-0.397132
-0.664597
-0.0822204
-0.202681
-0.236302
-0.542626
2.25392
-0.669767
-0.766916
-0.494443
-0.679753
-0.58985
-0.426981
0.766951
1.64684
1.62784
1.46807
2.18904
0.932731
1.03173
0.697646
0.249594
0.178585
0.0120547
1.18721
1.05569
0.821648
-0.354791
0.738258
-0.36583
-0.478536
-0.585103
-0.71076
-0.050503
-0.166458
0.0604213
0.0747442
0.412483
0.0493689
0.448227
-0.127831
0.838426
0.848466
0.757219
0.3947
0.422436
0.664322
0.677734
0.510342
0.224919
0.478061
0.511859
0.413625
0.609575
0.775185
0.678248
0.380289
0.679046
0.723459
0.498261
0.647081
0.210934
0.694876
1.26877
1.18421
1.08629
-0.291292
0.0266947
0.0950985
0.0688548
-0.31374
0.263782
0.650668
0.488856
0.516137
0.173143
-0.288166
0.320662
0.354935
0.0150442
-0.222298
0.877247
2.31167
0.474275
2.12477
1.98444
1.00326
0.92306
0.682867
0.997772
1.47092
1.35709
0.890243
0.451385
1.43468
0.340767
0.186119
-0.184947
-0.142177
1.23092
1.16823
1.08607
0.0946763
-0.40573
-0.0974287
0.838276
1.54298
-0.396792
-0.343392
-0.679681
-0.695986
-0.132169
-0.29721
-0.194989
-0.332742
-0.314959
-0.297979
1.44175
-0.566016
-0.273881
-0.116615
0.254617
0.517804
0.736718
0.0724705
0.179156
0.330956
0.431483
0.400051
0.00892541
-0.101253
-0.451706
0.0958852
0.172478
0.129219
-0.321051
-0.491554
-0.520508
-0.709869
0.520113
-0.480054
-0.440907
-0.538534
-0.486192
0.9945
0.935142
0.865629
1.36468
1.19979
1.04083
0.510612
0.064107
0.371763
1.18154
2.18624
2.01726
2.016
0.725422
0.531563
0.497747
0.232384
0.386521
0.218995
-0.211535
0.789469
0.924059
0.783671
0.0375794
-0.0548969
-0.573583
0.0903318
0.63732
0.0888583
0.442117
0.589965
0.258898
-0.674255
-0.0284664
1.18432
1.75837
1.84201
1.71431
0.789095
-0.506478
0.603681
-0.257554
-0.77233
-0.817096
-0.770695
-0.772085
-0.822906
-0.413978
-0.580077
0.054116
-0.728797
-0.368903
0.496274
0.342887
1.26603
1.11628
1.16306
0.409826
-0.382819
-0.669487
-0.418733
0.779482
-0.647758
-0.645581
-0.059429
0.163665
-0.0734229
-0.246067
-0.216655
-0.0604012
-0.38231
-0.471609
0.957781
0.838264
-0.409566
-0.120776
-0.211747
-0.288964
-0.460753
-0.71239
-0.856985
-0.800143
-0.149808
0.727473
0.815047
1.22286
1.09499
1.12102
2.52959
2.46441
2.3415
0.859467
-0.0279659
0.0294256
0.215857
-0.56434
0.156631
0.0716369
0.242543
1.76425
1.69823
1.83024
1.30225
1.27962
0.584368
1.35183
-0.815287
2.12364
2.04031
1.86279
1.63964
2.05714
2.14554
2.30669
2.10393
2.1282
1.39791
-0.712445
1.07571
1.1985
1.31322
2.16579
2.08605
1.94927
0.0374118
0.102277
-0.0919426
-0.491476
-0.710701
1.26594
-0.278222
-0.333892
-0.462481
-0.43615
0.191571
0.373925
0.79123
2.76119
2.63294
2.4366
1.06159
0.557195
0.257702
0.172727
-0.20508
-0.172223
-0.468832
-0.617872
-0.219652
-0.341014
-0.353696
2.26943
-0.763454
-0.219569
-0.10293
-0.37966
-0.0498043
1.07096
1.20055
1.08347
-0.408454
-0.67781
3.90208
-0.0119727
0.663272
0.703585
0.540589
-0.174366
-0.46105
-0.399984
-0.696386
-0.797863
0.150854
