182
1.33346
-0.503359
-0.53632
-0.412782
0.0124588
0.13082
-0.631181
0.2578
0.079464
0.594816
0.507811
1.1827
0.40464
-0.78958
-0.0085118
-0.637307
-0.750463
1.65331
1.58141
0.504486
-0.454667
-0.420792
-0.722824
0.695443
1.34891
-0.11627
1.70315
-0.50266
-0.433052
0.916851
2.21618
-0.117034
-0.0452372
1.27414
1.43752
1.33383
0.862995
-0.640636
-0.439831
0.275761
0.0890108
-0.574221
0.4129
-0.771547
-0.0743234
0.415323
-0.232634
0.522079
-0.151339
-0.721366
-0.570125
-0.48701
0.242928
-0.527707
-0.163333
-0.232415
-0.277498
0.213306
0.988025
2.48713
0.974393
-0.219656
-0.379021
0.467448
0.252405
0.494623
0.376286
0.349998
-0.599453
0.380229
1.82433
0.943274
0.047063
-0.0578853
0.141168
0.998898
1.53563
0.795212
3.35763
-0.422881
0.7788
1.30892
-0.0205783
2.04095
2.84576
3.10672
2.54074
2.3765
2.49429
2.51282
0.136064
1.67014
1.21262
-0.136286
-0.671084
-0.0221236
-0.120909
-0.361663
-0.692129
0.480745
-0.396551
-0.397577
0.138087
-0.681375
0.385046
0.107949
1.52079
0.0220667
-0.629781
0.512588
1.409
-0.15353
2.06945
-0.313434
0.157818
-0.00913736
-0.494497
-0.641961
-0.308772
-0.67182
-0.848031
0.205779
0.773649
-0.394798
-0.524691
-0.331374
-0.600089
0.514441
-0.604418
0.271779
-0.474066
-0.53573
-0.262284
0.445351
1.19589
-0.0388813
0.53666
2.68024
-0.496897
1.51621
0.795892
-0.652704
1.50011
0.669267
-0.0331203
3.19805
1.24535
1.56987
1.26029
0.0447459
-0.685228
0.369511
1.19307
1.57918
0.610688
0.7845
1.47047
1.20767
0.476379
-0.0358683
2.70518
0.830208
-0.0387835
-0.527614
-0.0417952
2.76302
0.476962
0.589987
0.340587
0.31375
-0.743649
0.245275
-0.608106
2.09066
1.13635
1.40119
0.0942113
-0.452627
-0.440862
0.194577
-0.0790026
-0.00525161
