546
-0.17719027742909715
0.3256491010141315
-0.45428119338509554
-0.3226000787127923
-0.15278158629662897
-0.21050515922607133
-0.06399633133307604
-0.13216420473859006
-0.12735368806895264
-0.28527323751583983
0.31476128024689526
0.1383249551184949
-0.3717944952982355
-0.3070064268160406
-0.24961528364880778
-0.4220071043302608
1.6133581974933908
1.2066996079879153
0.4613251188410903
0.1977154530963558
0.020829205154511865
-0.35576843387310497
-0.5167995670748605
-0.38113109649425764
-0.4675152544177913
-0.40942675778472376
-0.38241287917687916
-0.5000027306427566
-0.4418908058440298
-0.4946548524646509
-0.4617049280797799
-0.30528681252499196
-0.3240547542876131
-0.5209901851844785
-0.27076260786541795
-0.41689607670757034
-0.4636178302883245
-0.30506727087040864
-0.22558017116867507
-0.33458822639587876
-0.4014312847818882
-0.18749532918958522
-0.30939592431839935
-0.29516014213581077
-0.41153962610950784
-0.07218491371943422
-0.41101662929444993
-0.2711373174475862
-0.12247881056075632
-0.21683060550677558
-0.31248024130228114
-0.35812019086896046
-0.3610744192922702
-0.007083095954408383
-0.2725044727822903
0.6089328207508446
0.7667715099679661
0.6070499305721654
0.29758300649776304
0.15599860477703265
-0.11719594327925033
-0.19335436411367304
0.32410135324133826
-0.0650848899979016
-0.0983927424858649
0.5594407560238239
0.5340820722795079
0.4256845348043715
0.01215411474500984
-0.17648800611994925
-0.21528723913017356
0.24066523222917316
0.17502757006658606
0.6935063132349939
-0.0890427498092974
0.18649435454458343
0.08809722012693873
-0.06393634001380612
-0.3116767842182431
0.03637843460555392
0.07000234361994727
-0.07161101277834593
-0.09246898825905236
-0.1854882323355105
-0.24872013403334853
-0.05751279899402235
-0.08842716345742718
0.3907360955861955
0.0410954860216873
-0.23288982575047676
0.22431678719612777
-0.30495754446806866
0.023465614938090826
-0.09534908645179231
0.18872199199661424
1.8983424663959783
2.131241777052378
3.8841911604636077
3.3772909041806853
2.974283000856671
0.113147198189405
0.2947485561467609
-0.2679621715618295
0.2674684317765854
-0.0854329993831342
-0.057394047807711686
-0.223391410578704
0.2341623249695791
-0.04503302771965773
-0.24132400084819103
0.024251293160541247
-0.32336963132954666
-0.14933506916898787
-0.43497500108996234
-0.29377710023870546
-0.1928879074722434
0.15995453980153213
0.020788913287653397
0.5358134595317317
0.08618678456107559
0.28229742092559235
-0.26493312900644994
-0.16632986237841846
0.20281392002644183
-0.420903934259916
0.4512546782427647
0.5665224678314544
-0.1476344145625292
-0.16485283539612988
0.47147086838810565
0.5601635824024115
-0.0809229729394148
-0.361616476168105
0.10394878809827586
0.7773068480914215
-0.003321488285872668
-0.37407574802433924
-0.21755522607388586
-0.05548737014169922
-0.32181908553118743
-0.20722003231970165
-0.4684988280648777
0.36131808580240926
0.10565685533741348
0.9269233332169939
0.2156405881520965
-0.14118236997192107
0.6590945856275442
-0.3155725188646255
-0.5468733618768892
-0.3909702533046516
-0.39630438905259
-0.17519799514868922
-0.3418758015498607
-0.36597629523305436
-0.44974491982625225
-0.2774603488264477
-0.27358649238705346
-0.29400916159439927
-0.29391516859573474
-0.23906064441728328
0.3058577948106654
0.677302625468824
-0.3697854161275649
-0.34959203607136446
-0.40039771722100814
0.034743642669172174
-0.3606695687350653
-0.18733700974649894
-0.34681348186506256
-0.3714877997128034
-0.33200242126853885
-0.391119347607837
-0.3929385575637395
-0.2565037492523419
-0.29654167303889
0.22480726525001593
-0.3980006020391854
-0.3016832333862331
0.09322241721571524
-0.38732418187012646
-0.2709812210361408
-0.4448739355189127
-0.1193263719114793
0.5974142464750644
0.3016129309573366
0.8436158272926612
-0.45770112794389445
-0.3788715676086529
-0.3296763076602019
-0.3450805315135834
0.3132551723711036
-0.23144018605550673
-0.42801832942328233
-0.5317432424338407
-0.44270328340519977
-0.5142255839767657
-0.32410998494279736
-0.3490251157221342
1.2371320236187922
0.1646858353408485
-0.2561869514200414
-0.2570246936253123
-0.4180724532504209
-0.23197390177128305
-0.15221748611922736
-0.2336930343650366
0.8793761899820153
-0.12646825387236882
-0.33529476882617176
-0.4887188320352045
0.6148868975904732
-0.4130363878830032
0.8428492291277114
1.2301683169194473
-0.4151705027829208
-0.5147702323170762
-0.47099052293945837
-0.4652597163621082
-0.348266077307845
-0.5062695176924465
-0.47755414807693286
-0.4505232136020745
3.5130122144312255
-0.3539850052197523
-0.39623745391716625
-0.4469289068289034
-0.21431227884822907
-0.29634820809179313
-0.3812848082493187
-0.22298736664833077
-0.34050636781837734
-0.46341826693433735
-0.3624484753458196
-0.480931476470536
-0.29362842798983146
-0.4517965361000611
-0.3290256664256362
-0.14601473400569895
-0.1682775164994189
-0.4345798174160709
-0.5356624656801416
-0.5401358506688793
-0.5042399053521642
-0.4687246677444474
-0.35189530876188385
-0.27046589791931414
0.2604492053689164
-0.39217678781080595
-0.30793873236572633
-0.15138025390668525
-0.3428185352371777
-0.19297517072405074
-0.3685614532530849
-0.1930652100069235
-0.3028573400416482
-0.33247276736159737
-0.3027158375835529
-0.21913595740650857
-0.287947711278233
-0.3953444185702747
0.37381264707928813
0.2501281576905917
-0.23227398675879082
-0.47740215008451886
-0.42066326697463846
-0.3966086543142831
-0.39312353524328175
-0.2686978547902328
-0.33354475463664024
-0.3923259518407785
0.21460312312332092
-0.15874664881980832
-0.18277296069137786
-0.2277781551553558
-0.4301663557037538
-0.4075485171051594
-0.2302429021635088
-0.4748176189524328
-0.3778389692382476
-0.1874959750316079
-0.0328797701308067
0.34600311057718625
0.6288126667118065
-0.157067775506722
-0.4881896528742601
11.06577701349602
11.145598849538946
10.591428362654957
0.021675986454954922
0.1673683713440521
-0.3819573434016106
-0.020786750015170028
1.0300341746640433
1.568374235449849
0.43719073848157236
0.14327892452686758
0.4941605916175979
-0.3085594797316559
-0.36000111299546883
-0.45153479379895833
-0.11991261384956631
0.5714322528837023
0.5694422860600177
0.44740806887477097
-0.3958614538842689
0.12756388045798397
0.5071369278174929
-0.4076851362433397
-0.16255898353430406
-0.2947228436333445
-0.5204673165677647
0.050962412185930554
-0.4440545581136526
-0.27619969257808163
-0.35249910401264956
-0.35186001367372133
-0.4190350843902568
-0.34826978181149626
-0.3942417393505134
0.09759381266342064
-0.3265073013761727
-0.4355881954699885
-0.3226887112022492
-0.3171945963869841
-0.29132194415612256
-0.20894962064866682
-0.431332846047484
-0.22667359420261687
-0.45657824909763634
-0.4328519520348489
-0.36460566408911016
-0.39249896974708565
0.2476219454138772
2.9226361511637435
-0.04225030953958813
0.561462428778241
0.17929574163212067
-0.47775899443010406
-0.5099891160254586
-0.3506619347541435
-0.012613740904294367
-0.4625204847092817
-0.35091119295399587
-0.3890272446734572
1.2655166919506444
0.7070573837491443
0.13339979176829755
0.09024132759267244
-0.07976408209918033
-0.11827754546865336
-0.24012932645945395
-0.13024264776070849
-0.4339234162096308
-0.46145649295120644
-0.45367209659842245
1.133479183570247
0.006067278223595318
1.8168554348305272
2.582640403416178
-0.39201671852383047
-0.3011262920738673
-0.5207080678353763
-0.46964125089739456
-0.2892420033806426
0.059995904664244266
-0.4766252988676738
-0.2521358154202044
-0.07339821092768403
-0.32991750445877827
0.26151863801847375
-0.31016222037341107
-0.37766601177238607
-0.43176627882669855
-0.33147041956245743
-0.07237241447733057
0.3199701644302704
0.1782691186061564
-0.5142319746011269
-0.26986308600396036
-0.5098908125887562
0.14473827180145474
-0.01241077968562202
-0.23977349337295176
-0.35372841936308363
-0.5154848013833927
-0.09768668655372582
-0.2659957013014367
-0.4594159171432044
0.35021507333418295
-0.2008560105875811
0.18779634160958153
-0.5343028311963813
-0.4000617906257766
-0.32008077132319734
0.5429324054669206
-0.18824665445426067
-0.2098897335569466
-0.383251958211999
-0.363631936061342
-0.3330384307638747
-0.39342377817505014
-0.254507568081419
-0.06919095912100535
0.06791206646005166
-0.13113020392046199
-0.23043877538208205
-0.35332951576816524
-0.2706411815799464
0.18905453407644734
-0.3863306581636053
-0.2576897263612217
-0.38966054355450175
-0.17056645424810485
-0.010420015530275203
0.8616284364774915
0.9076206008385533
-0.3459019397664606
-0.3773609992835073
-0.41135559811100425
-0.4167404083999334
-0.2628378938188028
-0.35994614300174255
0.03068613281713952
-0.37748472768589414
-0.5180869914216636
-0.41923010606925853
0.27966222546612574
0.8673575928593984
1.0045197961021717
-0.28455651308376756
-0.3905105891752798
-0.3379341939385614
-0.5170109647964003
-0.2085431923802709
-0.47423071107881903
-0.3619321223191322
-0.3693893895127482
-0.2986831047449251
-0.45665738748611834
-0.36135285679765056
-0.32070088237437416
-0.38860941211496114
-0.23207967991455222
-0.24337534316729187
2.8517568496283
0.689672170601957
-0.21727346600502329
-0.44697866403998177
-0.087627285922666
-0.45465977844094047
-0.3939874679131362
-0.2593064330845449
-0.36722170424044426
-0.3213618860563591
-0.26315036191132835
-0.26050178570600857
-0.14777144828861155
-0.20956453726184707
0.27592375317502627
0.5729744164425872
1.1226797801825907
2.836485940984035
2.891381861300741
1.0441360894931406
-0.2440653336210953
-0.2698299013118938
-0.40397229632116316
0.07026568323916474
-0.53497917823144
-0.42849211159274864
0.43036929751761005
0.39891048667707674
0.7888070287465099
-0.4047228343500822
0.905693754720983
0.7957829294955946
-0.49715745335862715
-0.41435309839214995
0.6041693374656967
-0.3929423471686231
-0.4494310837657088
-0.3480548480136134
-0.37194511423381654
-0.30315779898496115
-0.40676203489622703
-0.45417836769294395
-0.4716886465202341
-0.5214452877219685
-0.4004844784767486
-0.4053321195891376
-0.3896247940964499
-0.4868387755509404
-0.5035480388411581
0.5540460268024544
0.6142255418070081
0.5263924897035088
-0.42817074826245266
-0.4470350125645946
-0.48817095555591833
-0.540016067133573
-0.32916235114788994
-0.3350298560437286
-0.09059933488859853
0.016739550527484787
-0.44907638358903795
-0.43623301199883546
-0.47873624968995476
-0.4243439593725541
-0.43147849251934584
-0.33271925659736784
-0.42639664521194703
-0.10745411252126542
-0.2878867311384679
-0.18965998014838528
-0.2846592741660281
-0.34060857053223514
-0.11294332730940264
0.5167494567172018
0.008925012164907747
0.5384060103965074
0.41196684092040864
-0.1729110216521109
-0.19064629494065585
-0.253391528880138
-0.11732181441662388
-0.2567954624975779
0.4317374079273531
0.08983562932813477
-0.33871819679951776
-0.3440115713718011
-0.30856771579585424
-0.48085662745654284
-0.35569608526823976
-0.3060959099451605
-0.3950236527197894
1.0224980085180218
-0.29959641617650495
-0.1663583656613947
-0.27926866869519656
-0.5409119291643653
0.8845693315156536
-0.20340527214185752
-0.21934716231896095
-0.13476927854402765
-0.32687315781665993
