182
0.5383946007011795
-0.3043042887308854
1.3769857557064824
-0.11441537734829298
1.0068013428867935
-0.9803881056621596
0.22036656139713562
-0.6493898541613734
1.1939566150799783
2.761946460038638
-1.0085012612329685
-0.8687499142481642
-1.1473239831808877
-0.9247112712567203
1.1236895722270526
1.1663948911564912
-0.7494127752016707
-0.18118384777267357
0.0017700238072959793
2.5687867649970815
-0.9004181134981509
-1.018374634793671
-0.9392339129249293
0.4746435036076015
-0.44467066968022567
-0.10548332760427112
0.05739360484108856
2.1854879256565307
-0.64453078837241
-1.1163247081639605
-0.040928204770901144
0.42161748792452924
-0.8661247472423084
0.7881010072033309
-0.6121336891027952
-0.7175471433869208
-0.7988970848539407
-0.9569349092891091
0.4975024305217399
0.10882830001141108
-0.6979049515141947
-0.2798003318562548
0.2246576800744607
0.3523537485638833
-0.5390220597447344
-0.7934059550235004
-0.7391819471457622
1.2629178485377897
-0.8621871619888604
-0.6162391301461575
2.3004752574254366
0.2757589926384921
-1.009635970137815
-0.387450273239307
-0.5999912987798555
1.2723668153427106
1.1469238857459245
-1.0429630527321008
0.24096573188754558
0.4402094948741827
-0.7762781087184902
0.15677352941672468
-1.0158496334329579
-0.7465933427537182
-0.7593389676133981
1.5188548857228823
0.8835698248262528
-1.0588985922733474
-0.47457917580536163
-0.8263517075879757
3.274476674482866
0.06395052263449623
-1.0457079362137516
1.1527190219608598
-0.3207391280060909
-0.3798083937462133
0.055592876353256215
0.13516465097983246
-0.4890763139716363
-0.2750120838520671
-0.6808496725275244
-0.23962114845713775
-0.7443082770700953
-0.59220638108233
2.580359123715283
0.02158255326813269
0.4650006141959166
0.8678586844893699
-0.21667432190390887
-0.5297900819593997
0.42811869894634713
-0.14197109582598455
-0.934242943602392
-0.565028240443606
1.3293320833287625
-0.7380816732211106
-0.29330070068011116
1.0283897486857005
1.0571925364253085
-0.8641619878909299
-0.9257295494848723
-0.658490023440749
0.3431190122465697
-0.46012927558782185
-0.03616721290262921
2.745045710119618
-0.3596131857994373
-0.3713149529806156
0.22002769803857225
-0.7406797106400674
2.2358887668305596
-0.42584926286106817
3.162903984787855
-0.8716568208782808
1.755013949365279
-0.9211125388527439
-0.9886339316673317
-0.0070206066075465855
-1.1917983590850403
1.370553674420317
0.8087114929212812
-0.24352517432828533
-1.062511847866171
-0.36105183185141876
-0.7686949723292505
1.2346950555699292
0.7332879806350264
-1.0034241304684606
-0.001065387664816686
0.11809978952907521
-1.1985877639583442
0.4588706396868676
-0.029232243060458993
0.9246783710528138
-0.9321661094268858
-1.0083753420105248
0.6121845520118132
0.049461559295718036
-1.2068936093438967
-0.3551013272296837
-0.8177032247424109
0.3401829992876047
-0.02514471831259897
2.0492827387656685
0.15498455004432488
-0.8259785802448768
-1.1005257156649042
-0.25210668589162816
-0.6065305090263393
0.11867839423849023
0.03261035986696132
1.3340516498018953
2.4527981770642753
-0.58552592705251
-0.054190494578431704
0.696029760863971
-0.7117888272273255
-0.6324945937531243
-1.0479807256735614
0.2359755403565986
-0.7931262948048341
0.11821537135252341
-0.049787085408761755
0.6194059116453556
-0.6074648180378247
-0.6507689999494405
-1.1972141846282967
1.4829713119612313
2.7060445015702483
-1.0947741668777144
-1.198296198129774
0.9273336980923674
-0.9358707596792056
0.5522010295140194
-1.0752617027372016
0.02825069191323121
-0.36656213595589276
1.2833237651988256
-0.5419901695386313
0.49995293717449674
-1.0572132494307196
-0.7097083664101645
