544
0.570373
0.254902
-0.206883
0.0038978
0.0823123
0.855027
0.967022
0.853448
0.876471
1.12985
0.714287
0.859819
0.834714
-0.0559799
1.36625
0.64092
1.05112
0.461888
0.856804
0.432053
-0.0276315
-0.0900145
1.0349
0.83106
0.617968
1.00781
0.978997
1.53634
0.851423
1.40563
0.943656
1.0796
1.75405
1.4791
1.43947
0.300218
1.77118
1.48947
1.29636
1.22032
1.15362
0.66929
0.359824
0.558459
0.256779
0.097663
0.41302
-0.377821
0.177034
0.192769
0.890599
0.83552
1.23287
0.905267
0.778138
1.45791
1.27792
0.765751
0.968899
1.57596
2.10796
0.367217
-0.153306
-0.127079
0.59365
1.85876
1.23303
1.0298
1.86248
0.261855
0.408096
-0.655959
-0.289462
0.212616
0.626911
-0.853722
1.21397
0.612799
0.533781
0.425606
0.225195
1.40306
1.61936
1.08824
0.932235
0.797167
-0.466409
0.106424
-0.181513
0.346535
-0.269231
0.0369109
1.30653
0.830399
1.6201
1.85497
1.54143
1.56919
1.93756
0.711493
0.822368
-0.56991
0.576085
-0.676226
-0.232944
1.55285
1.26197
1.67447
1.4279
1.55716
0.919683
0.614545
-0.0378112
-0.301613
-0.446546
0.0338342
-0.162187
0.294857
-0.334898
0.703774
1.00258
0.416289
1.14207
1.20878
0.215035
1.17883
1.18286
0.909922
0.252769
0.747241
0.654392
0.811133
1.28574
1.46466
1.27717
0.128613
1.23853
-0.610632
-0.162252
-0.268339
-0.48368
0.389316
0.141661
0.585187
-0.0480123
0.842323
0.631724
1.84343
1.37373
1.48861
1.19265
1.43216
0.696805
0.902787
0.243508
0.776432
0.461164
0.548094
-0.18196
0.430068
0.753798
-0.0131219
-0.500206
-0.232876
0.437897
0.15789
1.36558
1.78283
1.43998
1.57091
1.49741
1.63679
1.23762
1.2673
0.931153
0.814656
1.24035
0.291283
0.685721
1.54589
0.354364
1.86663
0.0764102
-0.236921
0.478057
-0.134274
0.999497
1.17792
1.29026
0.525381
1.82275
2.32031
2.10578
2.42744
2.37848
2.33669
1.72592
1.56274
1.64351
1.62375
0.747357
1.53941
1.766
1.63376
0.739108
-0.237886
-0.438536
-0.371331
0.361098
0.051254
-0.0472014
0.114011
1.63213
0.226166
-0.416664
0.238246
0.542552
0.946711
1.08406
1.49939
1.6928
1.9872
1.23139
0.7095
2.34225
0.925009
1.15731
1.04952
1.61573
0.69154
0.983335
0.646522
-0.230326
1.52531
1.53071
2.20346
1.66221
2.10472
1.57972
0.15756
0.675127
-0.24883
-0.0101708
0.983813
0.256224
1.87779
1.90333
1.85163
1.52281
2.04233
2.35913
0.881269
0.503471
0.676035
0.867553
1.02302
1.66775
1.95962
1.46713
0.0849462
0.262493
0.192225
-0.20594
-0.476835
0.672098
0.0686944
0.400648
1.39606
1.58926
1.25113
1.26902
-0.262413
-0.236053
-0.408642
1.1814
0.955065
1.67234
1.20802
1.06853
-0.276443
0.553926
0.603377
0.247259
0.356127
0.741313
-0.0414167
0.429572
1.51758
1.43973
1.60023
-0.480378
1.46304
1.68297
1.30027
1.34791
0.0343452
-0.157572
0.489018
0.419725
0.84282
-0.266065
0.773409
-0.110141
0.142641
-0.135047
0.216254
0.664381
-0.0167553
0.960722
-0.150137
0.333124
0.674245
0.519058
0.671518
0.535749
0.989919
1.00806
0.569912
1.28894
2.42193
1.58925
1.95574
1.76567
0.291283
0.723845
-0.280767
1.00713
0.952466
0.952178
1.39637
1.70026
1.18709
1.08788
0.959715
0.0476074
0.7005
0.0940078
0.176958
0.772307
0.691025
1.3981
1.8835
1.09288
0.409765
0.187455
0.283285
0.80442
0.0639456
0.309
0.815384
1.90526
2.32968
2.34504
2.30136
2.04146
0.734366
1.12601
0.789434
0.742643
-0.16866
-0.571489
-0.156976
0.16878
0.382243
1.01361
0.980918
1.06
0.135349
0.226161
0.186283
-0.342517
-0.508937
0.291087
1.69501
1.85088
1.69256
1.13842
0.692912
0.37422
0.209247
0.384726
0.0434661
0.0169663
0.142907
0.0992169
-0.0713536
0.482762
0.587726
0.228468
0.662094
-0.393289
1.41041
0.043157
0.191332
0.64104
-0.368345
2.00632
2.03579
2.11442
2.02048
1.99963
-0.409806
2.09546
0.337672
0.415574
0.345375
0.0855114
0.518633
1.33881
0.987494
0.545449
0.4587
-0.0265882
1.09967
1.47582
1.80377
1.82564
1.7427
0.766651
0.885524
0.765858
0.647077
1.64995
0.411842
1.24634
0.80829
0.763303
0.783821
0.602964
0.469864
0.0986766
-0.290962
0.235935
0.363555
0.272488
-0.0857963
0.556753
0.363179
-0.086141
0.441693
0.235368
0.627097
0.948904
1.07018
0.645065
0.698848
-0.128688
1.05997
0.309261
-0.0761779
-0.156763
1.97265
1.89414
1.74551
1.87368
2.23076
1.0307
-0.077606
1.01559
0.83182
0.46204
0.841052
0.380712
0.392863
0.722851
0.602806
-0.490116
0.289045
-0.00288405
0.433566
0.15307
0.578619
0.618842
0.24986
1.26632
1.02171
1.04716
0.993113
1.27637
1.14288
-0.215243
1.05622
0.768706
0.786653
0.698642
0.997941
0.75437
0.819907
0.428655
0.012942
2.42274
0.0694319
-0.344926
-0.268837
-0.235217
2.48394
2.55479
2.57538
2.75064
1.39928
1.30291
1.62253
1.73685
1.55453
1.71271
1.52335
-0.275738
-0.753525
-0.737138
-0.314367
0.319318
0.941355
-0.00155858
0.598456
1.13941
1.32608
-0.656978
0.743088
0.711132
0.664894
0.37688
0.181778
0.972896
0.42283
0.0499149
-0.331419
0.662538
0.013954
-0.159417
-0.0927889
-0.15739
-0.776718
-0.90029
0.931304
-0.706097
-0.780243
0.259576
0.420038
-0.0927502
0.671055
0.00312509
0.205328
0.0741494
-0.30191
