182
1.48484
-0.110922
-0.124524
0.0852587
-0.595656
-0.301113
0.0195805
0.0662654
-0.0351822
-0.542698
2.24969
1.16317
-0.649295
0.137361
-0.585475
-0.237301
1.34077
-0.241943
0.711431
-0.292689
0.325844
0.608284
-0.41312
0.313044
1.65091
-0.712003
0.940201
-0.130843
-0.465665
-0.62556
2.22893
-0.411725
1.63728
0.448884
1.25859
2.70844
2.51428
0.755066
-0.391553
1.25148
-0.291515
-0.0059094
0.159868
0.0230331
-0.603353
-0.40584
0.183985
2.43529
-0.242697
0.554319
-0.471713
-0.471278
0.102444
-0.302379
0.577939
-0.549112
3.56732
-0.0272325
2.13511
2.27066
2.11491
2.19928
2.57758
1.66697
1.90224
0.285064
0.115795
0.378421
-0.373007
0.43794
2.93894
1.42103
-0.282621
0.512764
0.478507
2.44665
1.68376
0.533986
0.507045
0.282011
-0.481668
2.18762
0.793976
0.0455175
0.603305
1.16329
0.329777
0.467245
1.75761
0.511896
0.527284
-0.480954
1.73318
-0.316699
-0.383849
-0.75399
0.303046
0.0415812
1.76925
2.35609
-0.53938
0.130696
-0.604808
0.87738
0.685092
3.29726
0.163127
-0.595388
0.0352856
-0.399492
0.497434
-0.430038
1.24526
-0.0418224
-0.849411
0.305851
1.56399
0.0679376
-0.734376
-0.599677
-0.47232
0.139927
-0.572529
3.06293
0.888039
-0.552083
-0.429145
-0.234276
-0.47858
0.357027
-0.502075
0.86448
0.334335
1.67253
0.308501
-0.431677
-0.0625958
0.186153
0.230924
1.2448
1.66058
0.305969
0.701352
-0.487369
-0.467109
1.18475
0.835089
2.27789
1.84686
0.596107
-0.291991
0.495434
-0.405276
1.61939
-0.54556
1.66336
1.53923
-0.401005
-0.379532
-0.55101
-0.565153
1.94816
-0.319749
-0.44885
0.326088
-0.361567
-0.280325
1.10652
2.47531
2.35664
-0.325689
0.663038
1.21876
1.00782
-0.534867
0.788089
0.0861966
0.910754
-0.510865
0.195291
-0.101206
-0.387126
