182
1.48037
-0.109461
-0.239676
0.024431
-0.543738
-0.273066
-0.0984646
0.0204228
0.0933925
-0.365385
2.31373
1.10925
-0.726729
0.28412
-0.657153
-0.281906
1.42382
-0.135067
0.590429
-0.405651
0.261272
0.510778
-0.38825
0.391403
1.72233
-0.700335
0.929726
-0.224679
-0.411207
-0.676932
2.14794
-0.545304
1.57271
0.424105
1.2051
2.43477
2.44846
0.691961
-0.531798
1.19913
-0.166599
0.0131908
0.131325
-0.0221199
-0.681144
-0.493921
0.219274
2.42946
-0.357389
0.417613
-0.558257
-0.590368
-0.159741
-0.327489
0.309632
-0.482018
3.43168
-0.153056
2.16056
2.2753
1.91031
1.99047
2.52859
1.59662
1.76386
0.205435
0.136061
0.412117
-0.41443
0.471795
2.71855
1.53162
-0.397476
0.550399
0.55305
2.45011
1.60591
0.501554
0.470108
0.37425
-0.560805
1.92902
0.652874
-0.104916
0.42701
1.15149
0.315623
0.40941
1.52763
0.509583
0.579326
-0.42797
1.55515
-0.159319
-0.545588
-0.489845
0.367602
0.297732
1.9255
2.27742
-0.612782
0.150736
-0.635613
0.715587
0.521148
3.10961
0.149827
-0.532015
-0.0988583
-0.407218
0.591447
-0.498925
1.11164
-0.0772062
-0.835192
0.343811
1.29185
-0.0363264
-0.756891
-0.60552
-0.512271
0.122088
-0.560115
3.06306
0.997169
-0.501744
-0.424681
-0.145938
-0.45723
0.276319
-0.356933
0.890035
0.295905
1.57964
0.396557
-0.331009
-0.0575414
0.458576
0.280794
1.22405
1.58782
0.578342
0.716332
-0.569873
-0.308764
1.13084
0.887198
2.24868
1.747
0.652068
-0.279568
0.264887
-0.294774
1.31508
-0.684738
1.70802
1.37174
-0.363672
-0.352445
-0.558179
-0.50865
1.6986
-0.136514
-0.227553
0.36119
-0.0725429
-0.0440213
1.22171
2.41786
2.31097
-0.199597
0.822149
1.05089
0.814706
-0.599344
0.846461
0.0120098
0.951485
-0.603784
0.356516
0.0295713
-0.419198
