546
-0.755511
-0.649036
-0.331356
3.16555
3.04282
2.64724
2.43248
2.31497
2.04869
2.11486
1.95252
1.7272
0.165227
0.145864
0.171277
1.02036
1.30649
1.26164
0.236289
-0.290817
-0.404483
-0.494327
0.365829
0.479514
0.615383
0.419893
-0.0839432
-0.0525634
-0.137533
0.862742
0.741799
0.625407
-0.263284
-0.386879
-0.343759
0.477162
-0.405018
-0.394935
-0.511658
-0.562616
-0.587262
-0.685758
-0.61273
-0.378267
-0.256654
-0.364253
0.0315158
-0.585735
-0.573276
0.346544
0.407562
0.275332
0.0667917
0.0761751
0.147638
1.55506
1.80813
-0.375407
1.33859
0.770405
0.900127
0.862704
0.843098
0.0107275
0.518755
0.473194
0.76809
0.734687
-0.596917
2.00773
3.33115
3.3925
3.33129
2.63265
2.43886
2.01811
0.561659
0.795689
0.904414
-0.607592
0.862304
0.965953
0.727598
0.597534
-0.346335
-0.522654
-0.286258
-0.00869459
-0.210646
-0.205143
-0.14966
-0.324481
-0.450571
-0.546215
-0.514331
-0.663953
-0.672781
-0.688901
-0.59118
-0.235152
1.89928
-0.161389
2.13033
1.95453
0.355327
-0.422687
-0.392409
-0.478854
-0.585443
-0.262072
-0.237226
-0.347622
-0.470671
-0.337589
-0.535947
-0.544435
0.386128
0.472966
0.567076
-0.573001
-0.665122
-0.51291
-0.590377
-0.399137
-0.70347
-0.527408
-0.666984
-0.232722
0.853863
0.830693
0.763455
-0.443399
0.422302
0.436141
0.441165
-0.68149
-0.818933
-0.437406
-0.407052
-0.489797
1.62841
3.14244
3.285
3.17945
2.96187
2.70244
-0.18384
2.35513
0.857631
0.269023
0.0369244
-0.419831
-0.822202
-0.883628
-0.68983
0.173706
0.239198
-0.213091
0.260607
-0.0223989
-0.51227
-0.433777
-0.476391
-0.574512
0.242448
0.205243
0.099237
0.312375
-0.393198
0.713046
0.630192
0.476979
0.647469
0.577304
0.565423
-0.0637678
-0.356967
-0.370459
-0.306607
-0.582478
-0.341758
-0.364136
-0.145815
0.120702
-0.0292622
-0.213461
-0.428889
-0.227805
-0.255614
-0.0994622
-0.520414
-0.0385718
0.418699
0.381663
0.397086
-0.101471
-0.216322
-0.455225
-0.513362
0.822758
0.751056
-0.545391
0.571105
-0.407023
-0.42442
-0.45071
-0.288322
1.66757
3.02476
3.0463
2.82626
1.94555
-0.639625
1.769
1.59981
0.66509
1.56475
1.67133
1.53222
-0.257056
-0.160568
-0.228656
0.140262
-0.538196
-0.580222
0.0967423
0.105035
-0.0722477
-0.246418
-0.321361
-0.532322
-0.265539
-0.0439666
0.00367463
-0.213829
-0.434016
-0.173383
-0.276047
-0.249401
-0.236174
-0.434378
-0.273774
-0.573559
-0.687142
-0.300141
-0.171939
-0.458751
-0.223479
-0.659558
-0.568255
-0.30881
-0.330318
-0.387955
-0.199819
0.448204
0.365942
0.358996
0.404694
1.74254
1.78372
1.60765
-0.511409
-0.645227
-0.736824
-0.796298
-0.701172
-0.475563
-0.424136
1.54205
-0.314224
0.698402
1.1931
0.953873
0.671506
-0.412902
-0.537839
0.533379
0.591385
1.66453
1.55563
2.92905
3.0179
2.62863
1.209
0.991705
0.941118
1.39145
1.18867
1.04606
-0.0684534
1.16503
-0.0888798
2.28574
2.47728
2.28156
0.490062
0.457143
0.563029
1.35966
1.21433
1.33221
0.666002
-0.0935346
0.203571
0.158699
0.470463
0.243467
-0.0293467
-0.391088
-0.125433
0.199858
0.0929102
0.624643
-0.0290239
0.199312
0.340304
0.315933
0.0322363
0.305401
1.05052
0.765085
0.474849
0.192397
1.00142
0.169644
-0.172465
0.261155
0.455545
0.375386
0.297981
0.343153
0.395583
0.507537
0.427346
-0.586741
0.862384
0.344401
0.667494
0.607664
0.952321
0.553172
0.811649
0.319325
0.0158913
0.225049
0.706441
0.64842
1.7523
2.95117
2.91203
2.6095
2.46604
2.77663
2.56044
2.07784
1.12285
0.993224
-0.152407
0.736062
0.531478
-0.346957
-0.508745
-0.1053
0.320978
0.349072
0.239746
-0.241938
-0.222116
0.312598
-0.188753
-0.213179
-0.0892125
-0.13854
-0.303462
-0.226059
-0.363514
-0.445085
-0.530712
-0.359034
0.476931
-0.115877
-0.158107
-0.167426
0.24904
0.368978
0.288617
0.154891
-0.0381579
0.619626
0.433717
0.475631
0.324838
-0.290507
0.665691
0.714676
0.669724
0.0939616
-0.0845885
-0.259296
-0.031089
0.149118
-0.334343
0.143048
0.175583
0.0686493
0.821745
0.800164
1.48643
1.34285
1.21247
0.247511
0.484399
-0.28962
0.588337
0.227597
0.201214
0.603905
1.69737
2.55557
2.56798
2.09553
0.633073
0.356072
-0.602268
0.301079
0.237423
-0.0383688
0.953094
0.984486
1.48535
0.857588
0.558187
0.0283613
-0.0351581
0.375339
-0.234223
-0.250364
-0.58562
-0.24373
-0.0888759
1.2691
1.12586
1.05037
0.659576
0.611744
-0.542535
0.364909
0.839311
2.71812
3.20402
3.13264
2.79747
2.95729
3.09653
2.7811
2.05256
1.23674
0.234616
1.01356
-0.190884
-0.293672
-0.227124
0.317226
0.280125
0.256534
-0.293498
-0.221095
-0.451005
-0.428556
0.53737
0.526895
0.558437
0.481252
0.679457
0.622581
0.279248
-0.163529
0.928215
0.823989
0.00406886
1.25363
1.03611
1.37097
1.32499
2.04966
2.6316
2.5973
2.28508
1.63086
1.20822
0.0493769
0.67357
0.561527
0.304445
1.45044
1.6177
1.46567
-0.0538185
-0.212793
-0.351296
-0.436953
-0.398167
-0.535991
-0.242344
-0.194699
-0.480207
-0.429783
-0.475418
-0.515363
-0.623036
-0.742696
-0.203348
-0.117168
-0.638084
-0.211601
-0.704631
-0.487517
-0.140486
-0.0991826
-0.296672
-0.662835
-0.628335
-0.54019
-0.276586
-0.528162
-0.11619
0.375937
0.350336
0.300059
0.244211
0.334543
0.373998
1.53539
1.84337
1.64145
-0.356272
1.40522
0.984323
0.782131
-0.35229
-0.426846
0.235686
0.267001
0.909535
2.88433
3.23577
