546
-0.890429
-0.726582
-0.387342
3.3073
3.11249
2.62478
2.47651
2.2935
2.10263
2.18836
1.90405
1.77031
0.162232
0.256471
0.115788
0.950404
1.30213
1.28341
0.24088
-0.295005
-0.384644
-0.492471
0.321322
0.449845
0.547344
0.449001
-0.0349508
-0.0858991
-0.174842
0.783604
0.686234
0.758123
-0.147586
-0.42509
-0.347749
0.468478
-0.394008
-0.381739
-0.418223
-0.597679
-0.567836
-0.706728
-0.577516
-0.457148
-0.269894
-0.350559
0.103777
-0.66563
-0.577222
0.38592
0.356866
0.339941
0.0374701
0.0535698
0.261288
1.58946
1.7127
-0.409732
1.42532
0.892543
0.845714
0.92342
0.831328
0.0536741
0.456166
0.370103
0.688484
0.657167
-0.484518
1.99192
3.30038
3.4414
3.4065
2.72736
2.418
2.13125
0.529332
0.729357
0.860326
-0.595391
0.854031
0.934375
0.673824
0.618187
-0.313059
-0.591842
-0.222935
0.00299898
-0.219576
-0.22809
-0.195407
-0.324942
-0.40549
-0.604932
-0.490051
-0.639959
-0.698539
-0.706088
-0.587413
-0.21179
2.01597
-0.311868
2.14276
2.04214
0.405284
-0.459886
-0.458592
-0.515647
-0.55638
-0.302808
-0.304976
-0.339793
-0.462919
-0.340387
-0.535053
-0.420953
0.259111
0.463642
0.600642
-0.533956
-0.59827
-0.525803
-0.606439
-0.412563
-0.788921
-0.609683
-0.526361
-0.307451
0.8909
0.81761
0.960834
-0.505874
0.503417
0.487329
0.569235
-0.824393
-0.80157
-0.46182
-0.456772
-0.405292
1.65054
3.08793
3.25006
3.27682
2.97282
2.7143
-0.25426
2.51643
0.941331
0.256513
0.0643734
-0.286575
-0.829827
-0.822029
-0.705274
0.127089
0.216215
-0.213243
0.227207
0.00650678
-0.473357
-0.528321
-0.461157
-0.597893
0.202553
0.192332
0.1906
0.311489
-0.400852
0.672767
0.637127
0.428852
0.642262
0.545857
0.652648
-0.0947461
-0.399499
-0.360424
-0.341436
-0.489698
-0.33025
-0.328965
-0.189416
0.0923739
-0.0466714
-0.304169
-0.308096
-0.281282
-0.317924
-0.0610237
-0.43973
-0.0454345
0.326742
0.343344
0.384862
-0.0899703
-0.238675
-0.453689
-0.529547
0.823537
0.745225
-0.576347
0.605028
-0.322645
-0.381502
-0.424124
-0.27901
1.6876
2.98156
3.02936
3.05056
2.00517
-0.571664
1.78836
1.68959
0.668006
1.683
1.63002
1.59301
-0.463796
-0.222839
-0.304587
0.201378
-0.6053
-0.608313
0.0198492
0.0898119
-0.105447
-0.351777
-0.453023
-0.516907
-0.360389
-0.138669
-0.0648583
-0.350967
-0.449101
-0.28294
-0.309274
-0.420176
-0.319282
-0.459688
-0.316601
-0.577575
-0.634922
-0.341344
-0.158165
-0.498546
-0.135837
-0.544015
-0.662144
-0.379732
-0.29058
-0.313782
-0.227892
0.422994
0.372473
0.452317
0.386067
1.82308
1.77065
1.75428
-0.622448
-0.681435
-0.750067
-0.853137
-0.690958
-0.550322
-0.464739
1.58834
-0.379734
0.587844
1.17872
0.892457
0.700832
-0.445269
-0.461895
0.439361
0.560486
1.62967
1.48851
2.82843
2.95808
2.83147
1.26883
0.949432
0.816644
1.41257
1.11288
1.12626
-0.134533
1.34449
-0.222905
2.30319
2.41985
2.32525
0.416198
0.27073
0.742623
1.36
1.09575
1.4083
0.632913
-0.299587
0.0481668
-0.049221
0.279517
0.0225799
-0.000739155
-0.590268
-0.358676
-0.196827
-0.184059
0.509434
-0.0913637
0.142422
0.0886517
0.191106
-0.247245
0.0544764
0.708
0.511068
0.416548
-0.0187118
0.978164
-0.0536406
-0.601986
-0.124658
0.149254
0.0963705
0.106621
0.234813
0.292848
0.463611
0.400253
-0.537446
0.834624
0.266736
0.706937
0.585053
1.01498
0.611719
0.8522
0.135942
-0.137923
0.018127
0.477486
0.756653
1.71772
2.93244
2.85547
2.80827
2.45677
2.66879
2.5607
2.24965
1.12104
0.97746
-0.146769
0.677868
0.643544
-0.312164
-0.455943
-0.0870523
0.321583
0.280357
0.284012
-0.222644
-0.333828
0.255551
-0.179818
-0.30982
-0.183505
-0.21454
-0.258669
-0.198889
-0.400197
-0.424017
-0.612111
-0.471591
0.44731
-0.137426
-0.122158
-0.0331591
0.258443
0.335488
0.485426
0.30923
-0.0825024
0.573813
0.259773
0.497224
0.423117
-0.416218
0.686146
0.544756
0.465917
-0.105306
-0.212447
-0.487568
-0.202494
0.0634249
-0.399761
-0.0342507
0.0930526
-0.0706788
0.715942
0.769613
1.58682
1.32623
1.25277
-0.00520116
0.416347
-0.295084
0.416451
0.0628454
0.023789
0.464352
1.75219
2.48331
2.50881
2.26826
0.709734
0.333871
-0.724882
0.191877
0.212762
-0.0539424
0.912221
0.942426
1.66615
0.835606
0.807731
0.0458662
-0.05572
0.385535
-0.23435
-0.162273
-0.545323
-0.343173
-0.193842
1.06451
0.957622
1.03559
0.493681
0.508593
-0.596808
0.310341
0.831843
2.73126
3.15247
3.18417
3.02888
2.96644
3.06007
2.89095
2.06014
1.22419
0.241983
1.18394
-0.177871
-0.224673
-0.362849
0.317854
0.248552
0.258978
-0.276719
-0.429842
-0.416896
-0.306844
0.445853
0.473281
0.55036
0.435308
0.628101
0.550362
0.327507
-0.229936
0.81881
0.74412
-0.00820396
1.31263
0.862228
1.28342
1.19887
2.08385
2.60623
2.51863
2.33609
1.68422
1.25896
0.0279704
0.492559
0.433157
0.201413
1.56099
1.59528
1.5133
-0.0492002
-0.190451
-0.290408
-0.348774
-0.404202
-0.490686
-0.26313
-0.215001
-0.523564
-0.381516
-0.495359
-0.549508
-0.516696
-0.763882
-0.196912
-0.148984
-0.704585
-0.19561
-0.616706
-0.531077
-0.128105
-0.0857689
-0.291437
-0.547233
-0.570797
-0.553842
-0.192622
-0.551578
-0.0983781
0.333653
0.32525
0.30154
0.28585
0.278713
0.315059
1.5415
1.7981
1.6787
-0.334781
1.49506
0.845436
0.834799
-0.240063
-0.404088
0.129079
0.310547
0.803089
2.83203
3.22345
