548
-0.0515058
-0.298238
-0.121962
-0.698274
-0.124919
0.0381266
0.290124
0.0614731
-0.51397
-0.585701
-0.241642
-0.453792
0.230901
0.0721848
-0.430001
0.44094
0.0470605
0.0829039
1.20578
0.604375
3.67703
2.37349
1.06755
0.949326
0.209309
0.86062
0.854515
0.879551
0.96759
0.0158481
-0.313287
1.23873
0.268006
-0.385798
-0.501628
1.20184
0.981318
1.14481
2.15976
0.966526
1.26759
3.06852
0.98212
0.395069
0.00392371
-0.592696
-0.397536
-0.201158
-0.118078
0.361807
-0.426074
-0.0621891
-0.201949
-0.330856
-0.0286505
-0.126304
0.177091
1.01853
-0.255376
0.194115
0.242719
-0.28903
-0.542646
-0.358337
-0.53626
-0.578808
0.557412
0.155909
-0.253953
0.511754
-0.0316953
-0.124153
0.202607
-0.223238
-0.0237784
0.856243
-0.0513081
0.496873
2.75394
1.06208
-0.0387632
0.0474627
-0.291681
0.175752
-0.537461
-0.379091
-0.689565
0.065849
-0.491052
0.897339
-0.297244
0.566303
2.02953
-0.243142
-0.313771
-0.126476
-0.517447
-0.360305
-0.201318
-0.469412
0.07585
-0.365411
-0.373731
-0.464616
2.34032
0.657821
1.05941
-0.398522
0.211634
-0.693954
-0.460562
-0.555273
-0.767032
-0.570386
0.394098
-0.12706
0.0373017
0.324187
0.0126307
-0.163276
-0.328203
-0.269352
-0.653237
0.928282
0.47729
-0.349038
0.477107
0.0555702
0.221261
0.123478
-0.13734
-0.401608
0.151232
0.0379369
0.69446
0.151171
0.0216145
0.443539
1.37053
1.44278
3.60556
1.08783
-0.313448
-0.0170167
1.56841
3.29129
0.938079
0.122129
-0.489789
-0.442129
-0.337672
-0.379126
-0.328962
0.0191293
-0.0869928
0.128381
0.894214
-0.0462094
0.218105
-0.193097
1.72988
0.621271
-0.0211403
-0.00213139
2.25997
0.665799
1.73212
0.929828
0.969499
2.08468
2.40256
0.907871
0.301915
0.941739
0.735243
-0.381975
-0.487447
-0.415469
-0.301097
0.0288459
-0.290738
0.261724
-0.0800886
1.18712
0.262115
0.077861
-0.0942911
0.0590329
-0.0374039
-0.183486
0.483506
1.08763
-0.497982
0.0796272
-0.116647
-0.442413
-0.000226216
-0.557217
-0.523148
-0.2445
0.389971
0.902055
0.396238
2.15558
2.53281
0.720327
-0.100091
-0.0997098
0.533244
-0.0056758
0.721299
0.0863417
0.0400034
0.0452636
0.507542
1.89448
0.645695
0.396044
0.429994
1.79258
-0.0692296
0.252027
0.228348
0.361817
-0.069749
0.0466219
-0.368173
-0.321057
0.710751
1.22987
1.82958
0.15126
0.316846
0.389145
0.0477986
0.0345436
0.533257
0.0871369
1.38845
0.425724
0.583681
0.12861
-0.00425171
-0.0635184
0.646731
0.164083
0.615196
0.364227
-0.0266197
-0.0813734
0.654404
0.549005
0.816279
0.695484
0.315795
1.65839
0.706159
0.600835
0.444878
0.681126
0.294508
0.059779
-0.160493
0.0415693
0.0223679
0.464685
1.11963
1.48326
1.62736
2.12068
3.66916
2.54479
2.08714
0.952039
1.5472
2.16963
-0.239566
0.630118
-0.472714
-0.125154
1.99216
0.950939
-0.252842
0.275674
-0.180561
2.3066
1.11583
1.06618
1.01055
-0.272725
-0.264282
1.90217
-0.188095
-0.391368
0.39423
-0.456414
-0.262038
-0.292602
0.0917311
-0.151786
-0.0460811
-0.232029
0.222673
-0.283744
-0.108136
0.275561
0.039727
0.130296
0.110729
-0.069759
-0.172113
0.770772
-0.100605
0.0828524
-0.278833
-0.127034
-0.589519
-0.208759
-0.268035
-0.418065
0.279244
0.404246
1.00484
0.0753182
1.43711
0.570088
0.25483
-0.145368
0.545492
2.36823
3.9941
2.13487
1.25415
0.948869
1.75685
0.893089
0.28401
-0.449192
-0.653924
-0.29869
-0.40247
0.226424
-0.290192
1.6341
2.13021
-0.183091
0.322404
-0.324544
0.460669
-0.29529
0.525361
-0.490171
0.438046
-0.587969
-0.200011
-0.291382
0.438715
-0.223013
2.97772
0.158772
-0.376694
-0.210003
-0.392113
0.801187
0.114435
-0.461394
0.37859
-0.0207771
0.829037
0.603117
-0.0896341
-0.418082
-0.378054
-0.0880929
-0.397401
-0.306701
0.600272
0.00904953
-0.167339
0.0981524
0.325435
0.267083
0.560141
0.427238
0.266035
-0.208427
0.544496
-0.24465
1.23387
0.299778
-0.217574
2.84808
3.51276
1.02521
0.983341
0.111833
0.192939
-0.723027
-0.360469
-0.0191055
0.466852
-0.505015
0.0121379
0.246307
0.0934652
0.641722
0.629898
1.32321
-0.0737663
0.622995
1.14274
0.532276
0.633888
-0.638271
0.63552
-0.163472
0.254829
-0.25149
0.00801938
0.118652
0.582874
0.900974
-0.3513
-0.341306
-0.241694
-0.139928
-0.356505
1.18743
0.251289
-0.0649368
-0.0443119
1.06074
-0.31024
-0.150951
-0.321149
0.104646
-0.1691
0.199309
0.399472
1.25396
0.12282
0.391293
-0.358577
-0.286335
0.619543
-0.518272
0.232636
-0.106174
-0.433763
1.1676
0.686447
-0.584693
0.608497
1.17966
1.3601
1.54582
4.02225
2.13072
1.76611
0.929102
0.958093
1.57956
0.92938
0.984582
-0.221293
0.86538
1.77276
1.77654
0.289515
0.0111607
0.211652
2.70518
0.556498
-0.123143
0.0545098
-0.259837
-0.0183893
-0.106987
-0.459816
-0.285587
0.188897
0.817621
0.676589
1.60282
0.134625
2.05214
-0.209833
1.4672
0.552958
0.438758
0.00249325
-0.0202845
-0.118943
1.72988
-0.266785
-0.0945577
0.419001
1.41833
-0.201586
-0.525887
-0.564169
-0.421965
1.0041
1.92156
-0.310726
-0.323144
0.306897
1.34662
0.602301
-0.539497
0.275299
-0.087443
0.607363
0.106143
-0.378273
0.116083
-0.386216
2.34006
0.203543
-0.530084
0.653282
-0.27737
0.454503
1.08231
1.96289
5.06925
3.58227
2.58814
2.33155
2.3394
3.46109
2.52489
2.02987
0.921353
1.06777
2.79085
2.44864
2.77157
2.92062
1.05961
0.984023
1.4919
0.328204
0.305503
0.538808
2.44137
0.409322
0.898891
