546
-0.651906
-0.750349
0.192102
0.311473
0.255223
0.915727
0.904331
0.818018
2.08856
2.77043
2.71879
2.51193
2.14185
0.0927548
1.67239
1.52885
1.09767
0.968082
0.315613
-0.612995
-0.59176
-0.78629
-0.794068
0.164321
-0.0537845
0.216207
1.14975
1.141
0.957904
2.41239
2.64717
2.29267
1.71959
1.18167
0.976111
-0.250201
0.790342
1.00958
1.00033
1.05322
0.645577
-0.141738
-0.576084
-0.553138
-0.4699
-0.0968087
-0.456482
-0.056351
-0.0238965
-0.310325
-0.0745873
0.242947
0.194998
0.134299
-0.261704
0.604608
0.566868
-0.490389
0.336576
-0.593772
0.0611166
0.173885
1.05161
1.3393
1.27628
0.197595
0.665955
0.602093
-0.77278
0.40622
0.0266214
0.127462
0.111735
1.27763
1.16416
0.989069
0.564433
1.22214
1.1773
-0.589771
1.44485
1.05776
1.40188
1.10383
1.26645
0.882677
0.752142
0.533916
1.01586
0.78103
-0.521305
0.665098
0.0737963
0.466244
0.225875
0.239729
1.59434
1.85217
2.28473
2.56652
2.585
-0.603723
2.3111
1.25216
0.778027
0.647549
0.687496
0.739782
0.563317
0.8391
0.844594
1.10874
-0.454817
-0.468302
0.87044
0.584882
-0.336222
-0.608082
-0.570657
0.904337
1.83519
1.63379
1.3627
0.062901
-0.745585
0.0837
-0.160127
-0.362105
0.212456
2.38826
2.7396
2.72599
2.76766
2.56948
2.26602
-0.554525
1.53988
2.51496
2.56995
2.51173
1.0624
0.916602
1.1757
2.42304
2.73965
2.6581
-0.709654
2.31905
1.98859
2.00644
2.34679
1.88955
-0.339808
-0.344894
0.137689
-0.0512155
-0.466871
-0.629416
-0.503709
-0.289688
-0.375841
-0.307084
-0.267374
-0.307758
-0.15397
1.6948
1.97267
1.74979
-0.646698
1.29848
1.13986
0.663641
0.115239
0.606374
0.702681
0.408985
-0.517217
-0.522059
-0.371038
-0.648081
0.439292
0.340748
0.433026
0.194914
0.213199
-0.0855547
-0.0825514
0.0409453
0.0182955
-0.0782356
-0.778487
-0.216552
1.06538
1.16588
0.997311
0.607017
0.588521
0.39392
0.153372
1.06642
1.11149
-0.609443
0.818805
-0.29253
-0.628872
-0.78803
-0.0656982
0.162063
0.465959
-0.75544
0.025321
0.123069
-0.800668
0.351106
0.266262
0.119315
0.104826
0.14684
0.355224
-0.169768
-0.133222
-0.343022
-0.385723
-0.522667
-0.502267
-0.416482
-0.272568
-0.268583
-0.309901
-0.494923
-0.498048
-0.25391
0.162351
0.137473
0.193676
-0.167962
0.770391
1.12375
1.80725
1.91535
1.73648
1.62689
0.0649002
0.133899
-0.0438904
-0.0269749
0.026697
1.50382
1.86608
1.46279
1.22203
0.864955
0.837099
0.138872
0.177886
0.243551
0.447358
-0.340571
0.145289
0.223765
0.230376
0.318629
0.139474
0.17964
-0.16999
-0.916781
-0.874022
-0.739521
-0.173264
-0.745947
-0.533242
0.0392585
0.19839
0.180379
-0.223914
-0.688077
-0.530101
-0.62506
-0.13627
-0.417722
-0.082013
0.119332
-0.06461
0.0920086
-0.0471808
0.0279667
0.483101
0.266762
0.403308
0.461977
-0.179273
0.377945
2.6506
2.99264
2.87855
0.469687
0.663219
0.471117
-0.020901
-0.752968
-0.681508
0.0881928
-0.524457
-0.202138
0.0326223
-0.0532295
-0.194665
0.041293
0.26358
0.750252
0.1547
0.0691101
0.0391351
-0.153168
-0.0946143
-0.326712
-0.123691
0.0252334
-0.282386
0.700151
0.645071
0.488345
-0.137171
0.336782
-0.659896
-0.503991
0.108335
-0.158912
-0.312965
-0.577278
-0.569864
-0.507372
-0.362936
-0.364877
-0.760768
0.43647
0.174898
0.61367
0.598101
0.326077
-0.538902
0.569681
0.649947
0.545097
-0.100131
-0.0135548
0.436449
0.2159
0.656241
0.447981
0.0497364
-0.201933
-0.127125
-0.0666607
0.12247
0.128948
1.25174
-0.652109
1.46688
1.5872
0.114579
0.725305
0.269554
0.143037
0.0110187
1.82963
2.01435
1.8044
0.0675219
0.142937
0.085903
-0.400053
-0.178628
0.412522
0.276787
0.882338
0.650958
0.864907
0.735886
0.27416
0.556642
-0.281701
0.543962
0.48692
0.472322
-0.399576
-0.806295
-0.749232
-0.448028
-0.476062
0.216655
-0.699176
-0.808212
0.534539
0.495648
0.556727
-0.12119
-0.697578
-0.384671
-0.563217
-0.532187
0.475649
-0.308499
-0.246681
2.52151
2.80275
2.82526
1.25408
1.14129
0.913675
-0.134252
-0.159578
0.061485
-0.249189
0.24879
0.0561566
0.0826002
0.821233
0.838212
0.80502
0.346395
0.52005
2.41717
0.401877
2.60904
2.62014
2.6729
2.73552
2.7792
2.69576
0.929518
0.494506
-0.203409
0.185587
0.313175
0.026992
-0.163525
-0.529776
-0.238808
0.106712
0.878996
1.3932
1.42101
1.11033
0.811125
-0.844139
0.152467
1.69928
1.84806
1.43138
0.668514
0.0424317
1.06128
0.999767
0.848024
-0.374091
-0.189423
-0.224862
-0.322468
-0.368062
-0.54621
-0.727977
-0.753005
-0.701923
-0.728221
-0.832599
-0.44835
0.110571
-0.572408
1.07082
1.56602
1.29656
0.246922
-0.0446521
1.12842
1.17809
0.973582
0.353453
-0.084728
0.22304
0.0261434
-0.528379
-0.312186
0.0152714
0.612925
0.820911
0.697228
0.438361
2.618
2.86747
0.429821
2.74937
2.53369
2.48877
2.7641
2.7252
2.7997
0.337755
-0.112916
-0.479922
-0.304429
-0.37107
-0.722294
-0.503618
-0.751407
0.621789
0.693447
0.428526
-0.0582139
-0.581827
-0.767349
-0.667143
-0.716759
0.932981
-0.391429
-0.517957
-0.220669
-0.195675
-0.134402
-0.428544
-0.731615
-0.770989
-0.709093
-0.560021
1.00231
-0.414304
-0.181001
-0.273387
0.384926
0.161535
-0.16298
-0.544411
0.482754
0.324595
0.294797
1.19602
2.41772
2.69458
2.49167
0.0836783
-0.0408465
-0.687729
-0.209505
-0.184771
-0.252266
0.108254
