546
-0.429857
-0.68044
0.272109
0.419692
0.271873
0.902955
0.953978
0.783276
2.12441
2.77293
2.83371
2.59445
2.15788
0.219519
1.69142
1.58865
1.07918
1.04464
0.420379
-0.442307
-0.492143
-0.786045
-0.764797
0.11248
-0.0691017
0.366125
1.08732
1.22056
1.00282
2.46207
2.65436
2.38473
1.78525
1.30846
0.998359
-0.159671
0.807388
0.968429
1.04285
1.07135
0.692914
-0.127101
-0.643215
-0.560767
-0.472325
-0.109459
-0.187331
0.0787046
0.0581838
-0.277296
-0.0472113
0.299604
0.198271
0.108715
-0.157734
0.526639
0.469311
-0.333323
0.320505
-0.596051
0.0035218
0.201271
1.07089
1.31497
1.38685
0.30107
0.567643
0.619308
-0.464649
0.46724
0.072592
0.139343
0.225319
1.32793
1.17154
1.12558
0.551485
1.28682
1.23261
-0.258684
1.45292
1.04567
1.45544
1.11467
1.31467
0.849014
0.812625
0.5256
0.959046
0.861365
-0.306583
0.853927
0.164053
0.415778
0.19593
0.242582
1.63752
1.90679
2.37072
2.58286
2.65846
-0.277939
2.34128
1.35264
0.92318
0.673776
0.735666
0.758183
0.575033
0.880061
0.894938
1.12551
-0.37588
-0.267537
0.886546
0.647284
-0.229475
-0.53709
-0.537619
0.869707
1.80514
1.67006
1.38685
0.0773388
-0.424604
0.0709493
-0.0565404
-0.290863
0.328012
2.3738
2.87209
2.86805
2.91369
2.57884
2.16701
-0.292145
1.56536
2.6174
2.68141
2.47537
1.12159
1.05827
1.16997
2.51401
2.7433
2.70802
-0.361981
2.35295
1.99269
2.04269
2.26853
1.89834
-0.135522
-0.136837
0.0981204
0.178933
-0.319828
-0.428794
-0.377303
-0.233972
-0.228009
-0.183062
-0.168704
-0.230149
-0.0471344
1.62139
2.03441
1.80563
-0.378775
1.33222
1.14454
0.792504
0.0742827
0.594486
0.680221
0.413081
-0.475095
-0.358588
-0.294632
-0.271486
0.437921
0.44793
0.526203
0.248718
0.154721
0.0600554
-0.018321
0.0425069
0.196733
-0.0400477
-0.467392
-0.179285
1.07237
1.17503
1.17819
0.699907
0.592206
0.376734
0.189723
1.08577
1.12282
-0.442572
0.95723
-0.274417
-0.523186
-0.584463
-0.0590689
0.221649
0.513929
-0.658571
-0.0174979
0.121426
-0.564065
0.391798
0.356553
0.063869
0.0809291
0.217029
0.352883
-0.142373
0.0747441
-0.138212
-0.266533
-0.401112
-0.422004
-0.383494
-0.179949
-0.121619
-0.195263
-0.436434
-0.465749
-0.21903
0.31246
0.252334
0.259381
-0.111296
0.861236
1.12837
1.79379
1.9249
1.77211
1.65671
0.00431264
0.171498
0.119636
0.0236772
0.0589244
1.55134
1.82979
1.53979
1.29317
0.857857
0.88814
0.234377
0.17764
0.348601
0.464787
-0.111747
0.308033
0.283507
0.224734
0.364761
0.236243
0.192483
-0.132771
-0.906505
-0.887369
-0.723525
-0.0670155
-0.792236
-0.533933
0.0355332
0.272959
0.271212
-0.220721
-0.639902
-0.540863
-0.554865
-0.0207492
-0.336347
0.026362
0.122461
0.0728483
0.150381
-0.089197
0.239494
0.445521
0.352849
0.456663
0.48441
-0.0585274
0.35209
2.76318
3.0113
2.85134
0.585753
0.8092
0.609998
0.06952
-0.665174
-0.621392
0.195531
-0.412432
-0.133796
0.122238
0.0970685
-0.184732
0.0832496
0.405802
0.699945
0.247536
0.110567
0.10569
-0.122227
0.0875502
-0.191366
-0.0635959
0.0493641
0.143265
0.826549
0.803091
0.676985
-0.0211413
0.431234
-0.518758
-0.451448
0.121127
0.025961
-0.242534
-0.475391
-0.462248
-0.459941
-0.265427
-0.155753
-0.548809
0.502018
0.346738
0.927681
0.960941
0.482861
-0.189005
0.555027
0.752703
0.729859
0.0314773
0.0995243
0.568657
0.40785
0.628072
0.541617
0.00677987
-0.147529
-0.109627
0.053897
0.110864
0.252645
1.40119
-0.574477
1.46999
1.55097
0.257109
0.729932
0.417273
0.228755
0.0193999
1.79097
2.09182
1.96138
0.126487
0.278555
0.0664774
-0.413226
-0.0611985
0.388626
0.387248
0.965394
0.823933
0.938178
0.788271
0.398024
0.619024
-0.0864334
0.549395
0.605309
0.491484
-0.405793
-0.512915
-0.622114
-0.465576
-0.426933
0.388196
-0.506724
-0.755748
0.516936
0.482901
0.672363
-0.091284
-0.448189
-0.343775
-0.534732
-0.531378
0.474037
-0.21623
-0.208294
2.51136
2.82632
2.76456
1.1974
1.1829
0.967294
-0.0612139
-0.123393
0.298705
-0.137281
0.296683
0.0961823
0.151326
0.893273
0.880843
0.872427
0.340003
0.495921
2.47505
0.460037
2.70623
2.67101
2.87066
2.80609
2.80754
2.71024
0.95298
0.496751
-0.120268
0.218443
0.349861
0.120401
-0.0810681
-0.532402
-0.237784
0.267811
0.856546
1.45189
1.39389
1.17272
0.905564
-0.578632
0.290988
1.75427
1.79579
1.53558
0.779569
0.0604082
1.02813
0.934806
0.939856
-0.311644
-0.0887249
-0.134707
-0.33151
-0.334834
-0.415092
-0.659006
-0.530515
-0.754277
-0.611037
-0.779082
-0.494694
-0.0451602
-0.428454
1.09775
1.55317
1.43938
0.284832
0.0270422
1.1007
1.22292
0.971371
0.330012
-0.0214333
0.292491
0.0619301
-0.46723
-0.168598
0.0770745
0.541245
0.760022
0.7636
0.407696
2.57751
2.97857
0.57872
2.82113
2.63052
2.5969
2.85078
2.83223
2.86833
0.432674
0.0422199
-0.280281
-0.187514
0.00320965
-0.510371
-0.294263
-0.432677
0.61319
0.77153
0.722258
0.143402
-0.312472
-0.524071
-0.515809
-0.570334
0.950001
-0.339066
-0.458575
-0.0542934
0.0253166
-0.0257155
-0.286527
-0.398458
-0.446169
-0.531153
-0.460179
1.02301
-0.223526
-0.0751432
-0.13541
0.481094
0.214872
-0.097208
-0.497268
0.390594
0.408937
0.276496
1.23147
2.4368
2.73042
2.60835
0.111679
0.0255354
-0.574164
-0.239066
-0.0686603
-0.198065
0.0470625
