182
1.33008
0.212866
0.423272
-0.544737
-0.214779
-0.599354
2.92289
1.24673
0.967845
-0.0132976
0.112858
-0.419654
-0.200487
2.39197
-0.50882
-0.0302389
1.60029
-0.566693
1.15447
-0.529586
-0.420058
0.820632
-0.248393
1.91285
3.39294
-0.51716
1.36456
0.102988
-0.154196
1.33874
0.861157
-0.105214
-0.302971
0.205596
1.58251
3.35262
0.0659283
-0.65277
-0.347614
0.173392
0.25669
-0.205034
-0.458085
2.55937
1.10365
-0.518567
2.57863
1.91446
-0.478773
-0.551851
0.111044
-0.35938
1.78408
-0.041618
0.216876
-0.338041
-0.577383
2.41865
-0.57577
2.46249
-0.377787
0.71638
-0.124016
-0.273887
0.0353417
-0.21149
-0.236266
-0.320717
1.44468
-0.0971447
2.71632
1.03368
0.211364
-0.180448
-0.300358
1.70247
2.07198
0.206411
-0.557859
1.07055
-0.307736
-0.00917854
-0.355285
0.0447277
1.026
0.910264
0.193904
1.10936
2.17917
2.00624
-0.247661
0.660494
1.82161
1.03139
-0.508175
3.26818
0.418153
1.17327
1.94271
1.86531
0.435952
-0.129464
1.01092
1.04459
-0.439094
0.419427
1.13019
1.01835
-0.384964
-0.555948
1.0371
0.090125
-0.473319
1.84766
-0.269255
0.202097
0.389929
2.42139
1.4771
1.14052
0.129174
-0.490071
-0.19808
-0.23232
0.132542
0.24703
-0.319251
-0.796661
-0.501156
0.156307
0.197446
-0.428989
-0.641653
1.8774
-0.742589
-0.490256
0.644965
-0.387823
-0.287702
0.138116
0.257858
2.91406
0.994913
-0.345976
1.7153
-0.130784
-0.206306
-0.499717
0.119507
-0.235051
-0.482868
0.944977
-0.137056
-0.258519
-0.420359
-0.0956923
1.97747
0.266494
0.357943
-0.578109
0.254681
0.570171
0.63997
1.75962
1.26533
0.996068
-0.337033
0.772665
-0.48082
-0.437688
-0.359764
0.415685
-0.54478
0.0941405
-0.116532
0.173426
-0.352588
-0.164773
0.193403
1.23353
0.357238
0.0637533
