182
1.429
0.316253
0.426404
-0.431683
-0.139916
-0.333541
2.90391
1.32632
1.09202
0.193097
0.288693
-0.151761
-0.0344914
2.23073
-0.32456
0.184186
1.62892
-0.435421
1.15161
-0.213978
-0.394139
0.845426
-0.151588
1.82239
3.42115
-0.39986
1.46003
0.283751
-0.030116
1.50261
0.901929
-0.0124103
-0.141232
0.228838
1.74719
3.3026
0.234182
-0.429692
-0.208419
0.365372
0.46937
0.103888
0.0683914
2.3639
1.11494
-0.191639
2.76742
1.781
-0.323807
-0.249522
0.399735
-0.186886
1.81242
0.175286
0.254583
-0.0581685
-0.35494
2.33671
-0.135505
2.47317
-0.0963648
0.655093
-0.0318586
-0.0156986
0.271437
-0.0539746
0.0641795
-0.198288
1.46674
0.142337
2.57259
1.03231
0.183835
-0.0431334
-0.140728
1.53774
2.0599
0.565322
-0.101198
1.11871
0.105565
0.506046
0.201867
0.393386
1.20904
1.10298
0.663269
1.35539
2.0517
2.10876
-0.15038
0.859247
1.66848
0.938121
-0.557636
3.33024
0.398146
1.06421
1.73164
1.91728
0.434955
-0.129624
0.914512
1.11856
-0.350168
0.337044
0.935717
0.994947
-0.382281
-0.635379
0.893685
0.0746146
-0.426612
1.83182
-0.234995
0.0331993
0.420916
2.19413
1.65146
1.03699
0.210795
-0.534574
-0.15679
-0.276697
0.0554757
0.314684
-0.323281
-0.864983
-0.520674
0.266975
0.246069
-0.444932
-0.694101
1.7768
-0.626436
-0.689796
0.681976
-0.308726
-0.390694
0.169079
0.369248
3.06956
0.87953
-0.306255
1.62904
-0.0618036
-0.193286
-0.590104
0.0925352
-0.219404
-0.459529
0.665295
-0.113734
-0.216537
-0.311116
0.103338
1.87885
0.332033
0.191106
-0.235893
0.356843
0.541537
0.664965
1.58658
1.43166
1.08943
0.0258749
0.724861
-0.200442
-0.178729
-0.102996
0.389537
-0.0890686
0.41322
0.0253242
0.418972
-0.157799
0.114492
0.491302
1.45306
0.379496
0.210579
