182
-1.1171007304043445
-0.9056580209011854
-0.8212816333319285
-1.306692267103137
-0.8490819794056866
-0.500421112413646
-1.0260993947242059
-0.6960343246017148
-0.44131321275980206
-0.5249547754184762
-0.8298781524531955
1.4750294974953
-1.1943669294634398
-0.2708776459826106
-0.2970076087526036
-0.4161276442236901
-0.6705484837301912
0.30485197580362117
1.4306459423235247
-0.6887859177601735
-1.1603618961295954
-1.0393401674187794
-1.1674958294015798
0.7941826294810788
1.0102490995752964
0.09679498278444863
1.3576135648312544
-0.012791571174391505
-0.5561862229946466
-0.7149489948171037
-0.2810923228913887
-0.6122494062615066
0.4895468838436398
1.3018383285298272
1.8348470291312295
0.5908096152579043
0.30814278755497665
0.2601058015850149
0.016005287913656466
0.38463878940025703
0.3997678362258601
0.3920696324603267
0.20930651700271674
1.2627018969628816
-0.24568106229125894
-0.18046270533494602
0.34412784367390215
3.51590763607813
1.0074390524269043
-0.3263842782398433
-0.16692216630899526
-0.4789837816090897
0.8820005011088321
0.40076972593982146
0.15708458467823375
0.601261935342696
0.3448599167639429
-0.505685139223056
1.7785129081332307
0.587188597865851
0.09677731815893709
1.1892283648205908
-0.5091840832161918
0.11903018546859596
0.09219396270664434
0.49782235352151594
-0.7864993316246958
-0.3765609957007187
-0.7931600526347219
1.058901928677944
2.875210714448719
1.4714579430556785
-0.20013408187097978
0.45637938202496864
0.2124782273151363
-0.3325411951987543
-0.08904761952860801
0.9630700528509099
1.0260648488894446
2.126105345375687
0.12359874199048998
-0.12375331039924425
0.12155036836561443
2.9298788217006253
0.16743824697330703
0.9871085780141061
1.6187876145698157
2.5158834870516236
1.926634048218252
0.4035711917229654
0.5089844554417043
1.116911707502165
2.9112131532145518
-1.1897599328123536
-1.0398124803962459
-0.947083456700276
0.006754325943027499
-0.8473473203419902
-1.0450702733010446
-1.071238330757277
-0.3121125517292103
-0.9571575944863354
0.48187372004035245
-0.8372200000162402
0.12222154611595112
0.04302421728769935
1.9494009611405687
0.07127023227202137
1.2505779672532946
0.2858396193696542
-1.4941375480593322
-0.8959656831956267
0.6873815045472246
-0.566298878511321
0.5015364948645767
-0.5740932088368558
-0.19253222188364974
-1.2182164707531027
-1.032760858080016
-0.16556626568805574
-0.6827090786780026
-0.9776512738007286
2.7377765687653315
-0.9285879222172474
-0.3333119573392743
0.06808564991449507
-0.5645586768662764
-0.2272114218638476
-0.5608730156575389
-0.666332188888523
-0.5873861218781016
-0.7543973525949224
-0.8254811295085699
0.9001623997117862
-0.9202596947283876
-0.8163935089638892
0.03735184752425977
0.720851868785301
-0.9612714330939344
1.1399243704021458
-0.04672038544494879
-1.0674597323527335
0.38989339782853205
0.44772950091272823
-0.35596889218628947
-0.49692093883736155
-0.3242565702379936
1.4204278612042764
-0.38232230339138085
-1.1468225015889624
-1.6577500829437148
-0.43271361265217256
-1.0430934738984399
0.26281139145903537
-0.6980139354811432
-1.3447661771898884
2.369140934666859
-0.755050063893354
-0.9478168276600568
-0.6928063032768248
-0.7838953763680385
-0.4713422824827324
-0.8037156720404857
-0.5087544597497567
-0.5402431081994904
-0.5736368597787532
-1.4823243362977832
-0.6300741264256811
-0.4275657609937678
-0.9282753216051132
-1.0677887372455435
0.4855889564222475
2.1806899605790537
0.04623509209089123
-1.1627671545725464
1.3965809506267728
-0.8099310441800355
-1.1927076770461167
-0.64520598899443
-0.05112828246259049
-0.8516498431336061
0.674268549957588
