546
-0.1456425579509618
-0.7077577982913977
-0.3500405797516272
-0.38857291146317907
-0.18637900362459772
-0.23054051345201226
-0.30402604955335266
-0.09656178773117632
-0.3036787680987405
0.5632530395061182
1.638090907284149
-0.35557674631752473
-0.31959189029383644
-0.4666609833206087
-0.3091918382841069
-0.6650191101267166
0.3080475308528578
0.7716219956451289
0.3716081668437727
-0.6149139672330272
-0.6538635032317135
-0.5009976475246082
-0.45271289742154064
-0.2843494226018551
-0.6107633009720217
-0.10278233942644432
0.15182435720220144
-0.2020943789555499
-0.613157414669406
-0.7566690442272215
-0.6725384812706687
-0.5165773811869605
-0.6095560744775543
-0.6353904837806043
-0.7825094617445231
-0.6790872910144257
-0.6034783365042233
0.7375461676542893
1.0223530614259975
0.9526382605420733
-0.6420898716613048
-0.5997282869373181
-0.4364137451061332
0.01182205055074748
0.8499916411981208
-0.17066731551256836
-0.6640284114822
-0.16415467758178678
0.2264282586714531
0.37437007848642223
-0.03731280154232773
-0.5256947155443694
-0.06638494312227963
0.036657654292440375
-0.2964472145755346
-0.40709239592056473
-0.7020309849739301
-0.6712888307479069
-0.6777727774484792
-0.659058933030405
-0.37014990394905695
-0.7141920811689484
-0.41650731335069113
-0.2141552486298371
-0.6004580774778092
-0.20445261306785759
0.12132769467238935
0.3125527221255143
-0.8166708203244885
-0.4761387787467915
-0.4801980928317576
0.2355663988485566
-0.15063321764633386
-0.4043108146024685
-0.4271181680953954
-0.4247925704510172
-0.6954778450923622
-0.7526899553917007
-0.6879929032974682
-0.6728685227974232
-0.7217948224922732
-0.7497585405517382
-0.7127554507824969
-0.39221725275795927
-0.25249998154156555
-0.5161387091726799
-0.6617528027651343
-0.3675393615027399
0.8251081857684516
1.0282145565967373
-0.6647567777203277
1.6598308702053786
1.6640249375295968
0.6213602595371802
-0.4084517884128381
-0.3338002695125261
-0.31129919024383595
-0.6076531614528424
-0.4554441269146391
-0.3401366355335873
-0.7127499535540031
-0.7516508125405429
-0.6658816470341891
-0.7906056768398079
0.201453577806753
0.3927016731209923
0.26700268497354657
-0.6748967396749709
-0.7527552409498321
-0.7151330910217065
-0.6647606055510071
-0.6887167677211332
-0.5292248456444988
-0.683172938383567
-0.6655265884083944
-0.7679210900671989
-0.42938713700453035
-0.31550012553221757
-0.6070820409322568
-0.2526068563017082
-0.7598749493208716
-0.6036822345736093
-0.7722266679356882
-0.5926855950490713
-0.6145530434017036
-0.7435610390450279
-0.5242586432206604
-0.5669463131175292
2.538990560161273
3.131567339687702
2.710409787465752
-0.7696930249504803
-0.413678476023257
-0.20481489045826784
-0.5955289235631887
-0.7472366637342236
-0.5235964402833878
-0.26112881035975927
-0.49382842363100427
-0.603993961035628
-0.6414911099464204
-0.5281118682986491
-0.28706649916760446
0.2243013131930056
0.48241752743413946
-0.03390970141781358
-0.5815351999515145
0.10152292828598367
-0.5785836230400447
-0.5018555474746765
-0.32957784087104236
-0.6917917328909345
-0.5707012959652865
-0.572408159198339
-0.710153916274818
-0.5694910578767667
-0.4345776273169157
-0.6200686387080547
0.7825556004031043
1.6199763399102318
1.4958849247006405
0.942449714081598
1.166107329002852
0.40749453664282625
-0.033167160097298004
-0.034116820393452825
0.1504275876280041
0.008336755633582826
-0.732556471147525
-0.2921530592191714
-0.5669394263356236
-0.5467952470391356
-0.41590133784718597
-0.4031856942268058
0.7376547320485559
1.1826748823373658
0.6884510709577626
-0.5854736973300484
-0.6755258918065121
-0.5404847198140396
-0.5948495093047194
-0.6647788261070674
-0.06960960724690687
-0.40590660838803494
-0.5429332849693036
-0.5880797613304917
0.013470129821311395
-0.26303709525178237
-0.5366408378540258
-0.6542264947197713
-0.33119949470525534
-0.6756861960669127
-0.5046126800797015
-0.237529988633271
-0.3931594240482961
0.12071997759781873
-0.032854479989226935
0.8511087366544173
-0.005206293960425941
1.258562860596507
1.209925171443076
-0.4364329032067983
-0.02165199245006391
-0.5163138102178327
-0.48653227444938835
-0.645070386633998
-0.7415769060351663
-0.08381991554640661
0.18521964975422764
-0.3604046013758744
-0.0008926898984908566
1.302503335802076
-0.7904733086736002
1.806489858088436
0.9693722595412245
-0.62422844153061
-0.5239571061022568
-0.49651191197418504
-0.010930684973767353
0.0069114822164151185
-0.06140765335846315
-0.5407476786164526
-0.5737818920744565
-0.6283341488900355
-0.6855081648586274
-0.6029756611546306
-0.6026413517208336
1.250599687381108
1.6808676791519415
1.8263639373007643
0.35759145466634645
-0.30366862408251627
-0.6756206381103892
-0.65939583201193
-0.40684246637933597
0.26090349506984506
-0.6469082980777758
-0.5079202728861965
-0.4596065597774679
-0.06303191786082246
-0.17062725834376372
-0.48944984353198867
-0.4362110790663912
-0.10200044166495738
0.0515073022488257
-0.6823199446093874
-0.0989170787004711
-0.3861927440363853
-0.3850189334745052
-0.3333417519196295
-0.492251316721126
-0.7562253069577463
-0.2724351266677882
0.3978739332879798
2.0962145360220568
1.8710403937675046
0.3711908087854214
-0.25455639046092926
-0.5292563756598072
-0.485938302232689
-0.4833291006498023
1.7915336435480769
3.0235033195241017
2.382944819030642
-0.5540825434658384
-0.3344440256721079
-0.010072471116126221
-0.020561984163726142
-0.37666497258883724
-0.27284561838689153
-0.1769614930920316
-0.2650120032856915
0.08828654662883652
-0.24041655263080156
-0.7153574517200677
0.08521598844521161
0.8740374926241323
1.37977630263608
0.007557114045022383
-0.5933486256340919
0.715743026094909
-0.36233489913886285
-0.6475184619729542
-0.7354993905516194
-0.7522991146383788
-0.722746222244471
-0.6104473297239089
-0.40365897409804186
-0.5365219676436466
-0.6140909120396335
-0.6151423501731094
-0.39938967989934654
-0.1409028372895348
-0.17562027325153493
-0.24527413200152406
0.549351072594792
0.39493824301590247
0.6413324147161327
-0.5812195675501203
-0.6492287828763496
1.6998718695515957
-0.6872353522709912
1.7158838620463637
1.6709226213420196
-0.6782742537529575
-0.3563183920614056
-0.25142657918940037
-0.4544107512183191
-0.5024831602187629
-0.600797533386159
-0.05930946809806682
-0.4353396935077424
-0.7071834915449103
-0.6000703378534982
-0.3467450553212544
-0.14898239959410509
-0.31324249350431627
-0.5958579910318825
-0.6632170056325853
-0.6349136799070552
-0.4104661692376693
-0.5871736247784675
-0.4569267688846245
0.8296577382517979
0.2750175757130399
1.2608196405582484
1.4003246832144518
-0.18995656629333285
-0.26444884769891824
0.0003012974534013481
-0.35970743815251244
-0.5179208279193437
-0.21955965763328822
0.40300493613695687
-0.547160230511024
0.8852020345586535
0.4076878124233493
-0.0876027542334056
-0.5830697038003061
-0.3073839235182584
-0.25142799033496965
-0.3807099516296224
-0.29200884752890954
-0.5575522526188298
-0.7144711376847324
-0.47233368744967963
0.16918979036961662
-0.5304677079493236
-0.5573168022812748
0.8810230786357147
1.1811335390621442
0.6613758886139954
-0.7273595768406701
-0.4789517288258738
-0.6233179312781052
-0.6285528717358903
6.459419446711556
-0.613085339004398
5.897373141384302
5.188073283335707
-0.14508178818217787
-0.6048677224652629
-0.5356424428754623
0.10292760900915288
-0.08915066905847054
5.0916261701629955
4.203835069961648
4.833858408038987
-0.44955576355301974
-0.15530367998714906
-0.6852940236200824
-0.6033875860675181
-0.7809186104685861
-0.1776087111049741
0.25760414565229883
-0.12304318240330592
0.0754736606738159
-0.49842135266544185
-0.27880671802215784
-0.015940889107947057
-0.32717904988026625
-0.6771226285836096
-0.1196708746359701
-0.07999320998729258
-0.41333909739069874
-0.40696022383489877
-0.14186905856276763
0.16382287678597762
-0.5332703565406216
-0.6882111153844525
-0.31911981736702255
-0.6854134191043284
-0.7753105677891339
-0.4309055616922317
-0.5609531497791806
0.06387622989613591
0.5237643244563055
0.09770834966740069
0.0786098510340652
0.07702891205704165
0.8438225963249836
-0.5949273523957784
0.9573960585431439
0.33003785951608877
-0.41568979123213873
-0.36032449262538374
-0.4148219764729796
0.3583736861482542
0.24443699784547984
-0.030896088993178437
-0.5172729204358831
-0.18008311831422721
-0.6770066991645615
0.08474235938072813
0.026809069855575372
-0.28436704189977
-0.2517841740574491
-0.5246202734113627
-0.19700721507732308
-0.25883060352521425
-0.48363732078704524
-0.4602892082999325
-0.19037812738621018
-0.7204236186185017
-0.6002004104182977
-0.3369261291452303
1.0121465778271606
1.8458423333193057
1.8147786342501786
3.7392282346304357
1.3780737039720843
0.8441399482148803
-0.589886741987733
0.31777144260011086
-0.5623758574216752
0.5898388722913321
-0.012363815863171042
-0.5089451306429073
-0.07963902449199872
-0.644055907267074
-0.598279351206136
-0.5245219125579262
-0.6184378810476593
-0.6096327328572055
-0.216238868128021
-0.6553544389064109
-0.5189010252810247
0.30324109515154407
0.8091391804988116
0.3706809051845363
-0.33734473471162263
-0.44731541286174353
-0.15030830759678002
0.2667047554495238
0.17626723215056186
-0.5869562750889613
-0.562674404297094
-0.3349698748840295
-0.7255499692369326
-0.464116496008907
-0.3440073976446767
-0.3120335028814686
-0.25476716551327033
-0.3503130061921732
0.12319887496846937
0.5671062534962864
0.6993125227390276
0.6423417049239548
1.0711215361540054
1.7429739185203024
1.807246235959824
1.7200060773399568
-0.07922939238206589
0.0187646613203106
-0.14559088634572154
-0.3685752176811564
-0.6769985265850222
-0.4316463888272463
-0.5720536712714007
1.1330640467826347
-0.45575905250750276
-0.49651392438408287
-0.6830659575074347
0.7833997326658702
2.3552452790640177
1.9711290085064936
0.4484460302572981
-0.38937382077112337
-0.41877886326941366
-0.6560343604458833
0.16276501191299778
-0.534623424947001
-0.348171027949441
-0.6033499800822694
5.576959529933934
5.090880421147967
6.165488052480198
-0.37525734788559395
-0.6319652778154574
-0.4607918318918469
-0.5556377521009875
0.22441072465230943
-0.21745992207770623
-0.2450868818201125
-0.23263682214510886
-0.4623249002796709
0.1162115417234517
-0.19132590898665963
-0.37558081577151703
-0.5640123582678636
0.6441490300091349
0.6755591225283972
-0.08348239321753007
0.5605056286878038
-0.5808886560834285
-0.1982653606558256
0.022208818767145103
1.4041274296971433
2.3615439467140695
0.9660977969170884
1.6576800116128332
0.07295447802237753
0.3852360221344737
-0.14075290017668857
0.8241367162680702
-0.4587284540278479
-0.5446863112047802
-0.646660057174337
-0.5870078909808425
-0.7001259655351489
-0.679096133457125
-0.5160353137561836
-0.4024382288537226
0.345710785984509
0.02658925689947433
0.4833507600843867
0.8668206563392016
1.7172505893734686
0.6437777355783413
0.5680017791193436
0.42089132933942724
-0.1592219534694349
0.7540384332496977
0.36387038270487404
-0.4103682280886481
-0.559208818342773
