548
0.0120165
0.299658
0.222975
-0.495739
0.448533
0.255871
-0.473562
-0.442699
0.000447944
0.163991
0.0359243
0.967434
1.70299
-0.469564
0.0634001
-0.130717
-0.0592845
-0.389263
-0.338367
-0.448976
0.107372
-0.394959
-0.484515
0.692595
-0.493029
-0.323611
0.367435
0.2888
1.24797
-0.0277817
-0.0112726
0.95496
1.25331
0.295103
-0.358158
0.491955
1.56171
1.44232
1.65477
3.09781
2.67083
4.51724
2.48432
1.20526
0.0426609
0.670901
0.94873
0.336367
0.219908
-0.405331
-0.286291
1.49719
1.09689
-0.460293
0.156445
-0.287826
0.21013
-0.0585661
-0.00857751
0.237345
-0.544741
-0.127205
0.233216
0.13635
0.055315
0.112222
0.402674
-0.0477157
-0.367858
-0.164137
-0.392061
0.16476
0.246827
-0.187951
-0.074916
0.199828
0.0732945
0.267896
-0.281064
-0.273204
1.3687
0.51941
0.772261
-0.180871
-0.110856
1.27382
0.14326
0.611585
-0.519351
1.11583
-0.26801
-0.297214
2.57033
-0.0873491
0.50056
-0.051689
0.253469
0.350727
-0.205087
-0.401925
-0.251981
-0.306085
1.62192
0.584261
3.51692
0.152858
1.02835
-0.145584
1.02693
-0.239518
-0.434823
-0.194529
0.0696421
1.02787
1.08966
-0.394683
-0.261561
-0.484869
-0.572847
-0.222203
-0.550331
-0.369828
-0.369655
0.219928
-0.099124
-0.185388
-0.272734
-0.142047
-0.2993
-0.462118
-0.400674
-0.458937
0.0416324
-0.516672
0.191956
-0.207381
-0.407887
-0.191435
1.69324
-0.0686028
0.990741
-0.303568
-0.000696317
1.23102
-0.488033
0.5879
-0.534071
-0.435362
-0.164791
0.14769
0.417932
0.000867046
0.815499
2.09776
0.26168
-0.34169
-0.591143
-0.370313
-0.179946
-0.584415
-0.400313
-0.307747
-0.113916
-0.0251039
0.083425
0.581934
4.18914
0.266661
0.682626
0.597829
-0.0443995
0.51737
-0.244274
-0.581138
-0.0633018
-0.55798
1.37183
-0.0260052
-0.243843
-0.212334
-0.552114
-0.18379
-0.115785
-0.572726
-0.476876
-0.456022
-0.331703
-0.180781
-0.463517
-0.323008
-0.359341
0.0432631
-0.228483
0.182238
-0.476451
-0.368312
0.3579
-0.145301
-0.400893
-0.170615
-0.103533
0.992557
1.81973
-0.54994
-0.186249
-0.537379
0.540287
0.589329
-0.146015
-0.0060154
-0.493876
-0.372298
-0.313322
-0.461135
0.857908
2.81402
0.00726688
-0.404655
-0.262699
1.10222
1.06159
-0.599991
-0.576216
-0.331413
-0.443514
-0.173454
-0.101616
-0.182665
-0.267902
1.85575
3.56269
0.937826
-0.573543
0.433442
-0.532091
0.157192
1.35631
0.0248838
-0.589144
-0.357489
1.24629
1.27202
0.758127
-0.289252
0.110713
-0.0776342
0.207616
0.263495
-0.168525
-0.381552
-0.210826
-0.497442
0.740043
0.200732
0.412942
1.95015
1.8424
1.73592
1.63271
1.34793
1.73333
1.35069
1.53062
1.4855
1.22699
0.796184
0.485978
0.480576
0.29053
0.932696
0.456282
0.514225
0.162076
0.216287
-0.172119
0.670499
0.838964
3.21942
1.14005
0.630755
1.15519
-0.0772244
0.917131
1.14771
0.536033
0.951032
0.42854
0.334783
-0.148875
0.347048
0.400398
3.09601
0.0860822
0.0987764
0.239945
0.345724
0.0498784
-0.13514
-0.220686
0.110633
1.17251
0.784221
0.736575
0.664003
1.43437
0.450359
0.573643
0.582495
0.322187
-0.152315
0.30721
0.596336
0.456478
0.557416
0.346834
0.894474
0.0677507
0.240207
0.0488685
-0.0421717
0.192653
0.437084
0.491263
0.565393
0.277288
1.0399
0.595363
-0.218658
0.0690402
0.226985
-0.0181003
-0.0252952
-0.143267
-0.0317734
0.228058
0.115131
0.586195
0.0936738
-0.0354787
0.862396
1.10386
0.403372
0.266512
0.171973
1.6218
1.23369
0.897066
-0.338593
0.0311017
0.0200393
-0.120219
0.327109
0.112919
1.05146
0.0257854
0.0792412
0.519852
1.17562
3.65992
1.35767
0.359373
-0.00453056
-0.176879
2.97069
-0.0422053
0.00768036
1.26993
1.58121
0.238752
0.0132671
0.178268
0.872879
1.87741
1.78406
1.29784
1.44401
1.31485
1.38153
0.796126
1.05937
0.954019
1.13382
0.741481
0.748251
0.965438
0.884274
1.21444
1.78311
3.21738
1.93803
1.85423
1.12446
0.911446
1.14816
1.11721
0.936548
0.695908
0.723618
0.357381
0.259316
0.400079
0.607224
-0.0353357
0.194692
0.217023
1.14871
1.06475
3.06639
3.08058
1.61519
2.55209
1.0574
1.04569
0.0476109
2.35322
0.295747
0.462046
0.173405
0.230365
-0.43132
0.206732
3.51417
0.0298234
-0.463418
-0.59537
-0.38311
-0.435662
0.274462
-0.328916
-0.25202
-0.123255
0.126105
0.445758
0.468606
0.423719
0.147787
0.086748
-0.39412
0.500741
-0.00124792
0.034461
2.11424
-0.110271
-0.0213572
0.207092
0.0358988
-0.339126
0.606701
0.456339
-0.326859
0.210651
-0.466728
2.24251
0.629316
2.95874
1.1626
0.0718835
0.714042
1.05674
-0.293123
0.00952731
2.32717
-0.0724458
0.233177
-0.505492
0.681833
0.361801
1.65006
0.344698
1.83966
0.621972
1.54004
1.38452
0.395375
-0.126369
-0.315397
0.600417
0.200342
0.142676
-0.126604
0.0224755
1.05451
1.44303
1.33747
1.1752
4.31364
0.250908
1.97042
0.625919
-0.254787
-0.359106
-0.0995228
0.243426
-0.28282
0.501349
0.199062
0.351221
1.85741
0.902102
0.879011
1.18938
0.10269
2.72566
1.20063
2.3164
0.988111
-0.0321693
1.10933
0.00506276
-0.0288308
-0.0899516
1.70311
1.04264
-0.0863238
0.022642
0.376478
0.46363
-0.303447
0.25143
-0.211534
0.6354
0.429508
0.537461
0.714116
0.464444
0.691151
3.96284
2.86618
1.11789
1.51862
3.07763
2.54827
2.62046
1.46388
1.24156
0.936779
2.69329
1.69767
1.00698
2.13117
2.81661
2.82786
2.42823
2.21245
2.39966
3.60848
2.4827
2.54825
