182
0.6051750833039781
1.2124828341756924
-0.5097967934140308
-0.5800117603853912
-0.6963118248353017
-0.4362537860882623
-0.786416517269736
-0.6211604796265735
0.08251783020712407
2.3102071895445424
-0.42743032692670646
-0.8212108436460355
-0.2893192269206168
-0.16115289798168997
-0.45249712848000534
-0.5392443331908926
-0.5988342558755355
-0.5337234500517615
1.5894918486516787
-0.6915843728050105
-0.46006843474844994
-0.004292360107199864
-0.21088073802654758
1.4735146705898086
0.5660310098661446
-0.6851799708073428
0.5263578033212127
0.8058140728672659
-0.5173328458614874
-0.6815397655197746
-0.7837708886737806
0.6973990632718775
0.21838496357190668
1.2625339627127916
1.131036109391845
1.9981288663329342
-0.8160449634493641
-0.7109909074786065
-0.321497242498966
-0.745642150540528
-0.4930933378851416
-0.0652768846931818
-0.6348554016216154
-0.7574149830350423
-0.7447174696340116
-0.5693124907887162
0.7695780374651402
5.164337700070704
-0.5958434219686276
-0.7455291706406918
-0.616508524898532
-0.6126828829890204
-0.5579309890349095
-0.6820073020936294
0.1467395216640274
-0.6443373105445364
0.3726720435166536
0.23787670393155483
3.1194215281334143
-0.41032114458692875
-0.536794815146688
-0.30305758371537383
-0.36930425994793714
-0.5671641840208286
-0.37420266903364957
-0.2797846986568997
-0.6547062168059309
-0.805829671614116
-0.7113277830217046
-0.8026366251922578
1.9128934907844037
2.8006632719496003
-0.5145545650438456
-0.7022351855842901
-0.7391607689823617
-0.7782034557051162
0.01001953642235964
0.06037171195437644
0.12941595555836405
-0.3179368540226295
2.444327823371395
-0.7287601580584668
-0.6139621624265622
-0.6690565548596483
-0.7411509591654333
-0.2643776474560882
0.14687011589280685
-0.594352983934388
0.03894284016786695
-0.47553685987637323
-0.5511826326961489
-0.7573427303446895
1.4466565567668241
-0.5884280338268855
-0.1674074301624028
-0.7617372600334829
-0.6364329070991652
1.0662125251276
1.5663795905594062
-0.5576053717232458
-0.32742458268657065
-0.03693085516256925
-0.3618585068823332
-0.5831946654039064
0.8912438096418929
0.9079265292659129
1.0751908292498589
-0.507249811826788
1.5369518774007456
-0.7576888499375098
0.8998281385665634
-0.6322069701952042
-0.7076585882643972
-0.1464468635502613
0.8639428510412949
-0.00706917828998346
1.3783913945375872
-0.10110071286169996
2.703035445623638
3.4549722993165592
0.9731241163349269
-0.3801519820973505
-0.11869275499948347
-0.7431112917867471
-0.6671004244256091
-0.7962118590693856
0.02393040010396687
2.4143851899967017
-0.7773262093701754
-0.5592849800398415
0.35827678840417104
-0.7394590227600232
-0.8036825245975235
1.7839233439991866
0.9373275630708837
-0.2280151697962364
-0.6088487505815716
-0.76484883971118
1.0067072277397182
-0.46711374872149075
-0.8255043566242025
-0.6647722489194478
-0.7147405192439348
1.3587753998755887
0.6165720979146279
-0.511701443893679
-0.6581190458920487
-0.47356262089855444
-0.4437592728772717
-0.1103052440491566
0.7292132553507709
1.138487716143982
-0.3181429670492722
0.3141634939425873
-0.7291553286792714
-0.5058097941805856
2.1714522596225394
-0.5381607443756862
-0.6263102763776206
-0.6283928966458016
-0.5887213924213606
-0.6006508075983434
-0.7719970858556033
-0.5793879321684062
-0.5606035846325392
-0.42016102036807035
-0.3870217700110023
1.1160054402385142
-0.391063665767357
-0.732578588669453
-0.44350858611122784
-0.5389681926292657
-0.7761955483474965
-0.38640496492660564
-0.6699901932256612
1.8013394315480018
-0.4465127225110735
-0.7605546407319949
0.39056037349508027
2.1584017415088548
-0.6995384906827512
-0.8153575779161486
