548
0.520827
0.646871
0.275103
-0.145366
0.225788
-0.0377405
-0.112616
-0.151639
-0.00954355
0.902833
1.26356
2.4056
0.766736
0.536815
0.474668
-0.456085
0.177095
-0.191386
-0.102441
-0.457366
-0.0962725
0.315789
-0.206197
0.480508
0.116891
-0.0473354
-0.0556614
-0.400747
1.69924
0.354422
0.416525
0.280444
-0.0536511
0.0407297
-0.172011
0.615043
2.40437
2.85983
2.49472
2.92646
2.50431
4.03946
2.02596
1.48292
0.644497
1.65943
0.854709
0.135045
-0.0886015
0.393895
-0.0611264
0.576425
0.0501196
0.058864
-0.308695
-0.187848
-0.138875
-0.387254
-0.438509
-0.396514
-0.425905
-0.422783
-0.355391
-0.402867
-0.321729
-0.455227
0.412428
-0.182553
-0.334562
-0.199077
0.147189
0.124019
0.742308
0.0355488
1.48554
0.457845
-0.447726
-0.634054
-0.23022
-0.4005
-0.540464
-0.314814
-0.546735
-0.419561
-0.113216
0.0682489
-0.102547
0.317028
-0.11412
0.311522
-0.0081902
0.33057
2.85915
0.578345
0.590434
-0.13666
-0.0864394
0.58738
-0.104528
0.145774
0.0631522
0.157835
0.114497
0.582152
3.05374
-0.180724
-0.35261
-0.203191
2.80899
-0.120408
-0.43074
-0.128622
-0.243811
-0.373189
2.88187
-0.15709
-0.178262
-0.301213
-0.133266
-0.367514
-0.349037
-0.60166
-0.391024
-0.228403
0.256131
0.601756
-0.0474542
-0.144225
-0.173906
-0.217599
0.0208602
0.806511
0.162312
0.897853
0.0752442
0.231537
0.404745
0.446236
-0.207355
-0.290612
-0.363739
0.748162
-0.274948
-0.194681
-0.0883443
-0.222742
-0.195793
-0.464532
-0.288521
-0.253838
-0.261055
0.280132
0.281766
1.38481
0.271232
1.08905
-0.323298
0.616865
-0.375187
-0.0666344
-0.22292
0.50865
-0.0131272
-0.232565
-0.457767
-0.39205
3.06007
0.895683
-0.423529
0.420604
-0.329473
-0.0213146
0.715814
0.0858966
0.0365376
-0.300062
0.00572824
-0.0279472
0.274873
0.157256
0.102025
0.449616
0.853681
-0.472533
-0.440089
-0.215277
-0.137346
-0.089167
-0.40184
-0.108121
0.0633321
0.255557
0.219227
0.144976
0.16711
0.231057
-0.511963
-0.336967
0.15864
0.341315
0.885178
0.703872
-0.408937
-0.416827
-0.370967
-0.3564
-0.183117
0.116082
0.783313
0.485495
-0.291533
-0.264551
-0.0376167
0.00434413
1.0146
3.26021
0.125705
-0.251374
0.525661
2.07192
0.606373
0.51135
-0.0541468
0.301812
0.00346935
0.579253
0.8647
1.51609
2.16057
2.85562
3.65949
1.40521
1.16626
1.96718
1.26776
1.66255
2.51903
2.20145
2.25858
1.45996
1.33081
1.04674
1.27896
1.09603
1.62049
1.24636
1.13919
1.27945
1.19199
1.35235
1.23006
1.15656
2.05546
2.0368
1.87108
1.9876
1.69446
1.64776
1.69362
1.58892
2.12617
1.92924
1.67678
1.43691
1.64949
1.72128
1.30217
1.15686
0.776599
1.64483
1.02094
1.26036
0.870444
1.2884
1.36335
0.998594
0.740369
0.696344
0.739264
0.656536
1.97922
1.17797
1.19315
1.03678
0.914783
0.691907
0.744639
0.6317
0.401691
0.549842
0.907914
3.46241
0.343895
0.205622
0.498015
0.644363
0.516721
0.314293
0.218669
0.235346
0.440887
0.457268
0.329714
0.162655
1.55066
0.494673
0.652378
0.488892
0.158726
0.487571
0.613729
1.50126
0.748725
1.09405
0.959724
1.44411
1.24661
0.939801
0.579204
1.0352
0.679586
0.641628
1.28975
1.26261
1.07541
0.522323
0.317508
0.286643
0.327724
0.226565
0.107479
0.33968
1.17082
0.76486
0.399073
0.532054
0.558501
0.533575
0.38537
1.07098
1.34114
0.6241
0.704793
0.131088
2.24488
0.651882
0.547865
0.965584
0.803239
0.664006
0.756832
0.905529
0.640055
0.590839
0.80059
0.417835
0.253239
0.209949
2.96476
0.288283
0.172023
0.207254
0.136384
3.25694
0.223789
0.559377
2.74649
0.816909
0.850737
0.723447
0.181904
-0.0546229
0.0583365
0.101771
0.384657
0.314867
0.347328
0.539719
0.401101
0.285893
0.71741
1.34698
0.360652
0.275118
0.797402
0.805001
1.43149
1.97723
2.05163
1.46434
1.66772
0.857488
0.858134
0.800298
1.0467
0.575313
0.410546
0.423722
0.726522
1.32861
1.04009
1.34875
0.467184
1.45461
1.95775
1.13443
1.09046
0.537732
0.59755
0.429967
0.446351
0.947188
0.0843588
0.32988
1.04016
0.34313
-0.0361875
0.117763
0.200001
0.121854
0.0372092
3.50929
0.0946912
0.0966982
0.0443631
0.602685
0.0591933
0.563751
0.252038
-0.0136682
0.113769
0.095822
0.103078
0.214717
0.333884
0.854513
0.806366
1.26538
0.008151
0.257291
0.213443
0.194722
0.158039
0.191673
0.266442
0.259624
0.171897
-0.0840235
-0.0100195
-0.104247
0.567208
0.163361
0.125908
0.144588
2.83413
1.47484
0.896671
0.548544
0.209007
0.259386
0.583626
0.889123
0.186873
0.0529994
0.123946
0.391772
0.412605
2.37858
-0.211448
0.157597
2.59837
0.439125
0.329886
0.188146
0.463984
0.190641
0.692023
0.047826
0.4741
0.0848846
-0.00994304
0.596335
0.655136
2.06452
1.42426
3.66004
0.187398
3.16758
1.65992
0.9346
0.072685
1.00147
0.0553937
0.211947
1.47074
0.805053
0.503854
1.06138
0.545197
0.384577
0.720565
0.488018
0.501578
0.826284
0.657808
0.667814
0.562918
1.94837
0.685674
0.583939
1.04606
1.35836
1.29332
0.505773
1.10767
1.31411
1.14113
0.609554
0.522122
1.16942
1.19101
0.784059
0.99961
1.04797
1.36047
2.24907
1.63632
1.99447
1.31728
1.67196
2.85344
2.3615
2.75742
1.98761
1.9143
2.51244
2.78705
2.7533
1.98001
1.64989
1.24523
1.66366
0.934944
0.937564
0.946339
4.04509
0.636759
0.636966
