546
-0.37252499906657305
-0.37210336548885803
0.553799417089707
0.36900101115366657
-0.10856465431865944
0.2050029523023947
0.20699375672946146
0.13455670303694953
-0.2819973966807451
0.06975262327489225
0.040005859320355774
-0.020316386268963198
-0.33724275523342057
0.46070281168334126
-0.41958936959915694
-0.19810448894067392
3.937069680873464e-05
0.2555236535179475
-0.1308475646201498
0.13371206749657855
0.018477926012342126
0.10963720960847839
-0.3592040971227937
-0.33590178281268573
-0.23273098659286814
-0.44238039653142897
-0.3867171792804857
-0.3124880772117857
0.42903327452836376
0.39109980359937596
0.36067791324729853
-0.3614144102610454
-0.32806743638142905
-0.16710200069221262
-0.06847983435325712
-0.32846869929353273
-0.1602675570822859
-0.258502563925188
-0.342993773331003
-0.25177624502723706
-0.17088930089008944
-0.12537291191702676
-0.27881380184694116
1.692875162825046
1.5440299183956896
1.444377758556152
0.041891815637256566
-0.4491205153394289
-0.44549619676648916
-0.4205784506179901
-0.33839958168657863
-0.4207140976034256
-0.29836172497099295
-0.346994744543276
-0.0158223011283926
0.3540381938989402
0.4340203824964432
0.05274171212882198
0.4286970693235317
0.03162605523635267
0.00827407115941817
-0.12436978132629971
-0.019165839879695487
-0.3423577375022613
-0.3507686517870278
-0.2710924317870662
-0.16712936848283697
-0.3469361666421785
0.05875815453169139
-0.3911035199547204
-0.05804676339217752
0.02437728709244923
0.05365319174581929
0.5678679550923605
0.3626888540791662
0.4113508518133944
-0.3190188475267282
-0.32311213612642914
-0.3796569539760498
-0.2951380377204541
-0.35463103895949505
-0.4546491930821429
-0.4298387575505598
-0.4256447668529232
-0.4263358070462596
-0.46424327725257847
-0.4692612728244826
-0.49679193760867246
-0.3880118408434006
-0.42910251743459465
-0.34180927035138536
-0.34343348177661187
-0.4034632573733651
-0.28085850758628295
0.045240746856949766
0.26081318291976535
0.16223984191781946
-0.20877699131627755
-0.43694530591160474
-0.20818451386748735
0.14094961260514285
-0.3776581578521631
0.22730931499545784
0.039736216223393614
-0.26343673729931005
-0.35284433907996965
-0.4255549973200526
0.1807017828156843
0.1893759451827313
0.22122978335860163
-0.34127891359388624
-0.426156550049933
-0.34100811976956474
-0.2256480542408148
-0.4538375147781506
-0.4899610372934678
-0.2356534859607702
-0.21820936562036855
-0.09714687018011187
-0.4083545891012129
-0.1810033700627646
-0.23622825485794358
-0.24733863163009584
-0.3876324203930273
-0.25475239817952133
-0.3718135914547082
-0.22500425465244778
-0.2170031809733685
0.0057101363049359075
0.5106134966318308
0.6983059448084721
0.5440227365580357
0.42900349091340556
0.2584167064286732
0.10556105167473966
-0.15637824324266872
-0.4722524772684149
-0.46098511512097734
-0.47774543871771574
0.00500582243188791
0.317405437135383
0.6138050898059593
0.4442432442963579
0.25015362289943316
0.2605549436536002
0.167620827876218
-0.3178523694377297
-0.05871432853136049
-0.24655512345767014
-0.3552046598357555
-0.2863864829018467
-0.3240641501360561
-0.3643511020235381
-0.4310581649588799
-0.4390772913239342
-0.3840223000120159
-0.3378891356229383
-0.36518283905571597
-0.37147456929427514
-0.31022112576681143
-0.26829150002913954
-0.21518053006364388
-0.3337448001392428
-0.42403067764988844
-0.38840816072073103
-0.36921752541302044
-0.2978473584563981
-0.34101812574995516
-0.470615308818209
-0.2968569897447886
0.03470379640340585
-0.044136986467411016
-0.2008276703248243
-0.47801428026164444
-0.4541311506755087
-0.37573470988654994
0.24123454621177437
0.34341508135133747
0.4301002899389454
-0.3505741516203998
-0.27570114109549365
-0.2921559931654735
-0.2985684822349454
-0.13295070778507154
-0.18230155018413718
-0.15490257640392044
-0.20759530804804396
-0.36477217902840703
-0.37374276591024846
-0.4467882235766035
-0.14929977282936296
-0.02494307404420121
0.10097904402209303
0.11762907196975289
-0.27393255875007017
-0.23458472832310268
-0.4109884006556786
-0.4304099693903423
-0.449383753768348
0.21637559246277957
0.04865973787360462
-0.24286493231927286
-0.011459171977690571
-0.496736557216817
-0.4799489624495757
-0.2853759064584342
-0.12400396997354841
0.027035114740624196
0.03000668652777708
0.14635830841649025
-0.12720061861059154
0.7159790923878309
-0.3698597622179102
0.4376872310038246
0.4364060691595567
-0.3826375907643825
-0.4078846281436983
-0.25121855816077737
-0.28181842370378846
-0.4680548207757505
-0.48511863095059765
-0.36258399352991294
-0.3414160515692315
0.4279347578719853
-0.5072306585485036
-0.4339525087488721
-0.4707740573400741
-0.4160780066775329
-0.4349093578898074
-0.40439310530303924
-0.4470481726850666
-0.23186902325667783
-0.173758397637188
-0.13971869823264169
-0.3853616683777195
-0.5269895484056359
-0.29200498172062544
-0.3215169125111748
-0.25260046074165343
-0.199998317682573
-0.06564202048763353
-0.11190388071389044
-0.282663516268026
-0.45115064509164304
-0.4617423575426542
-0.45706376019629036
-0.46879454405214327
0.35227846333852725
0.5167918346922448
0.5536747949355145
-0.2127271437340777
-0.30044935409056683
-0.2345117368078765
1.1461915994446872
1.2064416989418234
1.0983878212236233
-0.3657507408672741
-0.35908059612039644
0.4239998098669845
0.3994705174995915
0.3913813592061269
-0.35870291640754565
-0.348375408980716
-0.25289232356361135
-0.00797641041412007
-0.10678997215869084
-0.07713177112585445
-0.20194087899853447
-0.26436585650049704
-0.4320402318037355
-0.19098811958214043
0.4075662549226291
0.30622858767042005
-0.019159240215509066
-0.3971564568959019
-0.4316872617364688
-0.48164616774032964
-0.44382869636298133
-0.38345898427933667
-0.23262318184125705
-0.2894080417849352
-0.2694111934079342
-0.21969713224901083
-0.20630308948836917
-0.22776122013809222
-0.2787710559076002
2.7644208302303563
2.9071287118337463
2.92363489386649
-0.21649754720000505
12.045854805480118
-0.3911637653651023
1.297277151697095
1.1071370959986373
1.2766791490798306
0.3052278899395597
0.5643321023129868
0.313415099439069
0.18906739119561128
0.3483299596662355
0.29531523815020727
11.83323536879609
0.6188755708968903
0.15153924689905496
0.13531059611857607
-0.02665257976149561
-0.09016910615079933
-0.12393886161754339
-0.22925429782888315
-0.4044379181067875
-0.40498410204109997
-0.36829816269807314
11.693685893778756
-0.3510364106741359
-0.3095168604431418
-0.3282130999863622
0.17504419718132114
-0.0004859619734155961
-0.07585799235053707
-0.37490729798521943
-0.3781770977444447
-0.4288041810410848
-0.21120703314360556
0.8018805111797296
-0.2768251237416441
-0.2785539091649339
-0.46558708043088864
-0.3546858470046878
-0.36979692333199804
-0.40079156164275986
-0.48060123034589913
-0.39281721985947066
-0.34331642325170086
-0.3136380952774107
0.23845140273394425
0.25061806000613507
-0.33457554364803554
-0.3368313883259525
-0.35845552978223183
-0.44194588747221314
-0.37611685218720914
0.19486400911286764
0.22245227040870486
0.1831846897687729
-0.3096414247237637
-0.18770195322769911
0.3455257742662523
-0.17723811299701786
-0.2001943004992554
-0.16382928387018256
-0.31419879785832344
-0.39574880745357777
-0.3423457669107143
-0.2980684209315335
-0.33867278363111813
-0.21131150741830002
1.2155345245876965
-0.1767265931527697
1.036577290943929
0.8444397417900054
0.08482404992612644
-0.05577701740001847
0.09714853365261965
-0.1811406612274036
-0.22858563543633015
-0.3841402956571638
-0.08955250694601095
-0.23365314326539388
-0.3145781784614893
-0.23455855361446964
-0.08324117110035624
-0.13199041964862415
-0.24082869129760073
-0.4598497041314931
-0.4732920089665399
-0.11967638488543764
-0.16788236241888105
-0.09023980599237033
1.5517019400014864
-0.4826451359755459
1.4927837954364092
1.4620451496030018
-0.09448497777246162
-0.14221700234837528
0.8192755284716968
0.7512752893847312
0.6087732813514798
1.4759099642502371
1.496267529318637
1.427487070553671
-0.45786620243581394
-0.3491818068195724
-0.5040964897157901
0.34599654469980234
0.4038205199855931
0.44348887996912884
-0.30323667559003387
-0.38001413089984604
-0.41649383554132713
-0.42112310172118683
-0.33020569062812144
-0.48169247317091224
-0.3729169824555156
-0.3575194208103842
-0.374448122257905
-0.05649413137776802
-0.08371014473493438
0.2361373787614831
0.25569311353512203
0.06951767604995315
-0.10052087240561738
0.15140729455679505
-0.4938038093842937
0.0376387775537549
0.0011050997429075558
-0.10406064282488303
-0.1093008118659265
0.02401781009392849
-0.33817600628659394
-0.35910647021080294
-0.4649998928549628
-0.4451267062796889
-0.4484828895219809
-0.4616400301676393
-0.4533344881697176
-0.43760586834918264
-0.4869392433616197
0.47091141028163325
0.31662247178951053
0.5639693216177715
0.8100401307813091
0.27927610342839343
0.022584069091109677
-0.39740636256397294
-0.4054262542768502
-0.4109365899168454
-0.46457257565970855
-0.36524615104678165
-0.3552463875931799
-0.27927048659678116
0.9272688501951617
0.9387876927987459
1.3743415004804522
0.09115529132454524
0.04233671326680376
0.15809107533189995
-0.18714971229900068
-0.34175282595067674
-0.21415970731513384
-0.045112297896418
-0.16573814694140812
-0.37740747520276446
0.8732750550275119
0.9356663897716248
0.851587174023771
-0.20398098793057395
-0.35995511195884566
0.06777371112785549
-0.3217821035014039
-0.1552675473651442
-0.14045507998285456
-0.19779679588127275
-0.3553213726140685
-0.019704636988415108
-0.02593891709014896
-0.028271598512134396
-0.44623189123435525
-0.42565800813540383
-0.0021414951141036334
0.06453463687641932
-0.009670632688635912
0.11909940605026448
-0.11721715765583314
-0.17446950824439011
-0.26686049923674904
-0.3499393118026165
-0.3510248537942591
-0.003943538012064311
-0.016475979171332165
-0.1687269459353116
-0.054717531850066156
-0.36080509319021625
-0.4090650204688152
-0.34435254582086133
-0.3396593716815486
-0.3512580411107531
-0.4309939597343656
-0.46961671928478954
-0.48253052935398016
-0.5110280348214392
-0.40193141874995525
-0.4787365531930175
-0.4590364265274954
-0.4051955353495293
1.1684350758014452
1.0879017563681583
1.087816452708386
-0.40106443456859014
0.005299678026882259
-0.14238800788474212
-0.17113459677759485
-0.41237854704461024
-0.48659524275134786
-0.2584577612263129
-0.17298697557336823
-0.10331679092490623
-0.009090346589856422
-0.1942438175050124
-0.021528449736210487
0.06920273114038131
0.1946126899383244
-0.18877052348022075
-0.26502480682544727
-0.30620232226643324
-0.3863823067434367
-0.08561622715860201
-0.024679350649659614
0.0054216599578929
-0.18943724003027942
-0.2745021548385928
-0.39096021351446564
-0.1995269545255904
-0.20832659093469513
-0.18975379817391025
-0.2597649610955494
-0.40266890092291074
-0.3692666499162802
-0.40340778223670226
-0.4116776893247438
-0.4070289165470434
-0.33271243706547843
-0.3976216709369802
1.004263759749716
0.7398492354172298
0.5826853624842854
0.8753798693432359
0.15158187551449612
0.09668847162906741
0.06163744232603149
-0.4365664623515236
-0.48570099210325085
-0.30029204441616514
-0.20598219871473877
-0.2111897289801991
0.06110617989978078
0.4477048422788148
