546
-0.0690919
-0.0337954
1.58878
0.405561
0.327093
1.12404
1.69272
1.94469
1.23803
1.08189
1.42996
1.33168
0.731109
1.86445
-0.1765
-0.291265
1.18756
1.73571
1.72952
1.49363
-0.186032
-0.714027
-0.321552
-0.186899
1.03735
-0.0470267
-0.598919
-0.435605
-0.237561
1.52531
1.43252
1.32274
0.233814
0.391117
0.282448
0.283662
1.02241
1.07429
0.805051
1.01233
0.733498
0.508766
1.04198
0.685057
0.542232
1.14265
0.24293
1.24411
1.44974
0.317428
0.124698
0.322316
-0.0278379
0.224253
-0.0539783
0.468867
0.78436
0.0233018
1.97334
1.30959
1.3582
1.02084
1.62275
0.962943
1.16378
0.520851
0.709212
0.345379
0.641801
0.614905
-0.29929
-0.0786614
0.0957776
1.68067
1.8602
1.76634
0.950666
0.437497
0.201806
0.583963
-0.0129813
-0.264341
-0.105528
0.022503
0.140425
0.0784546
-0.195247
-0.029803
0.0662947
0.305984
1.01748
1.69494
1.61362
1.60491
0.851602
0.203842
-0.0110653
0.446606
1.08992
1.40254
1.25449
0.967677
0.765697
0.249596
0.0815751
0.613865
0.957078
1.42913
1.17756
1.39862
1.55096
0.888817
1.02444
0.1385
2.37656
1.54583
1.10059
0.12966
0.0816479
0.959463
1.59932
1.85108
1.74065
-0.41107
0.295687
-0.560344
-0.586689
-0.0107961
2.06901
2.34295
2.38211
2.18509
0.885737
1.05831
0.944903
-0.0959561
0.258741
0.108145
0.220098
0.231599
0.179783
-0.482779
1.2115
2.84373
3.16561
2.34701
-0.0834242
1.84867
2.08901
1.06763
1.15683
0.161823
-0.148802
0.10555
0.406706
0.728634
1.53119
-0.202343
0.944654
0.0978961
0.799996
1.08991
1.14623
-0.36341
0.474067
0.810697
0.882622
1.09265
-0.457402
0.725042
0.580961
0.893497
0.375293
0.620848
1.34509
0.99038
0.881401
1.62053
1.74162
1.39682
1.61644
0.258168
0.229813
1.12583
1.34722
1.05136
0.346827
0.243601
0.328132
0.861203
1.50631
0.271384
0.583134
-0.10399
1.35481
0.810512
1.261
-0.155934
0.329187
1.33355
1.57878
1.40375
1.3801
0.719071
0.510808
0.492873
0.0253555
0.173159
-0.0258899
-0.0609275
0.6513
1.74833
0.702289
1.86964
1.16097
1.06354
-0.663527
0.228935
0.424228
0.25547
0.172656
0.347305
0.23214
0.944558
0.328962
0.672839
0.728556
1.23763
0.829466
0.811962
0.302886
-0.0250941
0.717945
1.05071
0.704629
0.73482
0.743711
0.369338
0.218635
-0.342056
0.318392
0.783495
0.29622
0.249874
0.796504
0.87176
0.0164343
1.18924
1.69403
1.99114
1.17843
0.512893
0.244177
0.230038
0.373963
-0.891428
0.0676729
1.04389
1.28886
1.67834
1.38782
0.842571
0.532168
0.0144113
0.280409
0.927683
1.23609
1.57787
1.31149
1.12023
1.14593
1.91463
1.98634
1.58765
0.463881
-0.0346156
0.0720464
-0.277976
-0.48931
2.61424
-0.547473
-0.0336418
0.355935
0.0128224
0.272572
0.689831
2.01111
2.36908
1.7864
1.19584
1.52083
-0.855285
1.27727
1.76449
1.42327
1.4746
1.52906
1.13559
1.23037
0.00430705
0.788722
1.09279
1.12433
0.407042
-0.372682
0.979027
1.23834
1.41341
0.997697
0.292251
0.948317
1.69538
1.09633
1.92234
1.15993
0.700406
1.28903
2.16619
1.59604
0.80224
0.662191
0.294503
0.64873
1.40851
0.944985
0.401714
0.0455577
0.157974
0.989087
0.209251
0.94604
-0.460846
0.524011
0.741089
1.44661
1.71649
1.38333
1.82324
1.19701
0.713399
1.02451
2.10801
2.60278
2.40455
0.86737
-0.17469
1.19646
-0.0332657
0.135117
0.0235573
0.0820546
-0.196781
-0.393666
-0.714727
0.0856186
1.52353
2.9956
0.953297
2.34127
1.75594
0.735358
0.224067
0.145634
0.372151
0.319417
0.357341
0.19615
-0.414942
0.030347
-0.0515333
0.716894
0.485764
0.383585
0.352339
0.416899
1.34731
1.3435
1.22888
-0.458601
0.103919
-0.542243
-0.329176
-0.0669374
-0.0709994
0.0797724
-0.651426
0.580932
0.820774
1.6335
1.80397
-0.10728
1.73872
0.942662
2.3935
2.53107
2.06264
-0.10774
-0.715838
-0.900012
-0.424134
0.0151763
-0.99598
-0.0007276
-0.0720821
-0.467065
0.420515
1.11508
1.89071
1.41442
1.59261
1.53276
1.61712
-0.547927
1.60362
1.91829
-0.326757
-0.268338
0.26816
0.365006
0.553708
0.150045
0.305049
1.43902
-0.468876
1.40152
2.36777
1.47545
2.39354
1.78893
2.42406
2.22589
1.61965
1.53403
0.0163222
0.526489
-0.014603
0.244088
0.819055
0.892619
0.667446
-0.0585859
-0.0235661
0.24888
0.304676
0.348121
1.32682
0.291564
0.661314
-0.433438
0.437002
0.494942
0.0998588
0.875138
1.02723
1.30645
0.971964
0.899919
0.645486
0.794706
0.187799
0.11101
0.302284
0.45118
-0.417992
-0.172532
0.0630481
0.753046
1.44357
0.126919
0.905667
0.859144
0.661699
0.947189
1.46185
1.19783
0.760773
0.913566
2.04203
2.10398
0.723812
1.90687
0.80516
0.695647
0.663081
0.845662
1.07405
1.06523
0.381018
0.535948
0.225707
0.265372
0.438637
-0.0877638
-0.314955
2.16463
2.33164
2.02771
-0.100042
0.60526
0.994535
0.198843
0.344056
0.478907
0.138224
0.437006
0.176289
0.872994
1.98
2.01511
1.50931
2.28773
1.04712
1.81401
1.26005
1.62882
1.17054
1.11756
0.400861
0.753659
0.237154
-0.00765139
0.30627
-0.119988
-0.690953
1.78486
-0.359939
0.914468
1.42442
1.0135
0.759888
0.904286
1.0594
1.33347
1.38088
1.03472
2.10755
1.82952
1.59845
1.01842
1.13115
0.242685
-0.193598
0.726901
0.501761
-0.291914
-0.305558
