546
0.12529
-0.0533112
1.56141
0.230338
0.360588
1.21161
1.56736
1.88269
1.25584
1.19396
1.40633
1.50325
0.703762
1.61937
-0.329716
-0.23073
1.21194
1.85825
1.61082
1.54225
-0.289855
-0.592677
-0.420933
-0.303424
1.22698
-0.273231
-0.555267
-0.312982
-0.36729
1.57315
1.40571
1.3342
0.0665548
0.412826
0.113811
0.494412
1.00116
1.23211
0.761746
0.907398
0.782575
0.546663
0.985411
0.622156
0.594138
1.60508
0.381603
1.35576
1.55451
0.23874
0.270338
0.302523
-0.0744153
0.444021
-0.0614995
0.507767
0.768748
0.0366766
1.90071
1.37441
1.34666
1.10795
1.72758
0.880272
1.10902
0.357512
0.606854
0.133945
0.662414
0.594977
-0.315519
-0.108947
0.0106295
1.76638
1.71992
1.77045
0.945385
0.373621
-0.0162507
0.555405
-0.140722
-0.376183
-0.082032
0.245071
0.0329547
-0.339573
-0.326516
-0.0373996
0.123465
0.415445
0.802436
1.685
1.78495
1.51715
0.648036
-0.11794
0.140581
0.376227
0.921288
1.15139
0.962086
0.71101
0.552817
0.127207
-0.0962388
0.598716
0.891532
1.35908
1.32494
1.26862
1.73292
0.862228
1.11201
0.316519
2.37097
1.53232
1.19042
0.158644
0.177082
0.966997
1.70652
1.76979
1.50787
-0.666346
0.104639
-0.762337
-0.734565
0.0505068
2.04967
2.3628
2.44356
2.17589
0.921073
1.10901
0.912327
-0.290653
0.165506
0.156329
0.405858
0.394102
-0.0217894
-0.597739
1.50225
2.71574
3.20381
2.38469
-0.0150585
1.88998
2.22199
1.00716
1.13727
0.216231
-0.143392
-0.117837
0.374378
0.694063
1.48116
-0.433628
0.993718
0.24097
1.02371
1.09784
0.958796
-0.446094
0.152703
0.879536
0.66099
1.23576
-0.38811
0.694163
0.550401
0.802941
0.178476
0.597642
1.17663
0.742716
0.825826
1.62821
1.73735
1.59384
1.76302
0.282015
0.258975
1.05216
1.28557
1.17709
0.214236
0.235059
0.223012
1.03615
1.21224
0.245392
0.52672
-0.140669
1.48207
0.754091
1.08139
-0.313176
0.161504
1.66711
1.35578
1.51661
1.51147
0.72358
0.390585
0.609251
0.10456
0.00918835
-0.0798292
0.011933
0.512173
1.91669
0.763489
1.6661
1.31665
0.982575
-0.737583
0.227509
0.489722
0.435485
-0.0535881
0.401577
0.0486549
0.937002
0.18557
0.707266
0.918586
1.28421
0.852062
0.890782
0.336651
-0.00484902
0.524776
1.16498
0.683862
0.911884
0.831721
0.49431
0.187215
-0.426848
0.25272
1.09509
0.178011
0.401933
0.729301
0.728157
-0.104799
1.16387
1.57157
2.01463
1.32451
0.522094
0.328007
-0.0352307
0.510559
-1.0176
-0.0372627
0.991289
1.06202
1.63066
1.27833
0.713898
0.351389
-0.0126505
0.0637691
0.726641
1.03555
1.6074
1.28975
1.00223
1.1106
1.90587
1.73198
1.62546
0.599562
-0.0993108
0.0296548
-0.267403
-0.572221
2.55151
-0.167394
0.00895482
0.230455
-0.0508984
0.538322
0.691734
2.04442
2.31079
1.85385
1.25933
1.36764
-0.682241
1.43221
1.76057
1.73616
1.60749
1.63752
1.34675
1.13031
-0.0961547
0.875898
1.02278
0.985597
0.413268
-0.349432
1.1973
1.22598
1.29138
0.970345
0.248575
1.03461
1.60282
0.978958
1.95824
1.44492
0.898974
1.04595
1.9539
1.48034
0.403726
0.333629
0.207703
0.580579
1.40544
0.836225
0.34939
0.176435
0.0415738
0.986603
0.0992667
0.892909
-0.476265
0.612032
0.413526
1.2544
1.65773
1.59248
1.89506
1.17343
0.491702
0.86709
2.0506
2.33095
2.50134
0.877925
-0.314992
1.26633
0.0259781
0.196679
-0.101958
-0.31553
-0.181378
-0.449526
-0.69616
-0.0554653
1.53157
2.72056
1.0429
2.24353
1.7495
0.851743
0.188746
0.232668
0.410074
0.255918
0.475217
0.00655023
-0.303491
-0.0382873
0.0270039
0.829877
0.820758
0.475994
0.421625
0.378245
1.0673
1.22973
1.16987
-0.355277
0.0449397
-0.584008
-0.482727
-0.0976856
-0.378976
0.0202645
-0.484966
0.55661
0.650944
1.56151
1.65472
-0.323571
1.77743
1.03384
2.63963
2.49187
1.96173
-0.024372
-1.01305
-1.08405
-0.615584
-0.241605
-1.2185
-0.00857838
0.0840717
-0.527433
0.571364
1.02274
1.86821
1.31611
1.60626
1.61373
1.69665
-0.623044
1.49177
2.01882
-0.278773
-0.34561
0.245389
0.369087
0.507551
0.149531
0.270169
1.41434
-0.765908
1.40037
2.31679
1.41762
2.45932
1.67318
2.45356
2.29216
1.5621
1.6014
0.0454076
0.547976
0.0253447
0.173954
0.987322
0.785469
0.985149
-0.0995916
-0.0383581
0.252778
0.49202
0.36104
1.2066
0.236579
0.439602
-0.524504
0.38206
0.548847
0.122627
0.951862
0.993553
1.35244
1.10026
0.639352
0.435485
0.588476
0.222985
0.0574968
0.174993
0.203758
-0.405514
-0.152882
0.0661731
0.657223
1.54708
0.0136668
1.02958
0.76099
0.540243
0.924898
1.46731
1.17818
0.714668
0.938864
2.03716
2.14157
0.53255
1.91376
0.745356
0.752147
0.656349
0.884369
1.10944
1.16905
0.347414
0.462457
0.177573
0.268315
0.480619
0.0589375
-0.497911
2.32393
2.21048
1.97753
-0.092226
0.378793
1.11902
0.23249
0.314325
0.290514
0.0318933
0.578741
-0.0919108
0.861455
1.89038
1.91348
1.51794
2.39314
1.21088
1.6647
1.20994
1.67512
1.29536
1.20101
0.435545
0.690427
0.0567105
-0.0405432
0.17757
-0.327733
-0.77495
1.61617
-0.382384
0.795283
1.38517
0.989342
0.49992
0.928719
1.12956
1.58777
1.28048
1.21882
2.08622
1.84666
1.55261
1.07852
0.967082
0.178724
-0.255455
0.75205
0.576552
-0.267683
-0.471516
