182
0.04103495998400089
-0.33732506453897637
-0.4673434761573318
-0.5953391694875334
-0.46497250845840754
-0.7148150845079502
2.138428060881955
0.4508311642174959
0.006618695521410332
-0.2236754909196961
-0.31090167548961595
-0.48875358013057923
-0.5651941811786574
1.5780798568104657
-0.5489621138310918
-0.6224964587236248
0.14315880806981895
-0.6608609979309695
1.104686832665599
-0.5371201944308862
-0.5965023915458886
0.3370044832876047
-0.5296381752564379
1.334871539094346
5.49534965771683
-0.6577237045772422
0.4582685581438592
-0.30599945045052745
-0.5894151691150988
0.054343900797517844
0.17239267203802333
-0.4877751463648087
-0.5306525123120603
-0.5807931735788463
0.23814833359897208
3.7406626177079896
-0.2772032774799036
-0.6085410136894396
-0.5399042845857914
-0.044597700031566316
-0.17487543598695607
-0.4363279460427701
-0.6172776282202432
2.543475969109199
0.2535656050379115
-0.6426994812192346
1.3970760163793987
1.456653139559273
-0.5322332279124007
-0.5596873360449087
-0.04781587097726179
-0.5584554487716443
1.5125646113631457
-0.2769368447553991
-0.012776348986464564
-0.41679988217438063
-0.625962497755883
0.7940175726665211
-0.6130179613785713
1.4206134567452513
-0.5110284113505846
-0.26024507374207656
-0.5059177335161253
-0.5831013843675569
-0.2943770341606601
-0.5138145331745462
-0.4843656303105423
-0.4640197196965182
0.04943844301081564
-0.5280514211197913
2.937855409965743
1.0360210519125588
-0.06523638448619996
-0.6211902129373656
-0.5917991360763635
0.6380351252994749
0.2924453188723016
-0.29949011074896986
-0.7118824787565844
-0.17651486189246932
-0.5870864824482753
-0.3579207049702211
-0.5311568937632862
-0.26601743500199737
0.5433744637374754
-0.050007320609404854
-0.08176567433653577
0.6678747076681456
0.7902448771854234
0.5106424123022173
-0.6295128420673097
-0.21946571711756785
1.1901814149334369
0.056444811570638964
-0.6693174093745007
6.845311394120769
-0.2708506928071878
0.3603707794423686
1.102176504775927
0.41264555184195006
-0.12573107069714745
-0.4667380836580264
0.3147949233439797
-0.1795992695082558
-0.6351321000854127
-0.4235777493862677
0.4992698648005483
-0.05362732911226119
-0.5042318021845495
-0.6937215076181048
-0.046031447131579334
-0.5720860645966088
-0.5821994471432054
0.8139070892913153
-0.5917001762617558
-0.5463711389416429
-0.3219414272363863
1.7652379785511376
0.10731388628230373
0.15140453442245175
-0.5626941358680827
-0.5398990168761674
-0.47282369506397165
-0.4895811645013436
-0.06968314148412384
-0.3468170152679398
-0.6049700136352617
-0.614183158461213
-0.6110762234405615
-0.1714283829947607
-0.4041725726575757
-0.5988111385169037
-0.5576553954779396
1.7574376608882645
-0.6755535781611619
-0.6898597007771172
-0.12129804841972427
-0.6034832715595624
-0.4084581439747953
-0.415243857727843
-0.41427537904629774
3.1513925781359164
0.11114486966082845
-0.5542704098607606
0.8867195334625829
-0.5717490791138142
-0.44211801407115275
-0.6820205314782125
-0.36256496401873994
-0.5389245316756389
-0.6507790993678845
0.6050989798598955
-0.21549817819539865
-0.6192667819899804
-0.6083183629810498
-0.4500264430458195
0.6578980444783523
-0.41181961746003154
-0.19539547385791722
-0.549429412151479
-0.45720604885005384
-0.3434499559874142
-0.32135139982795213
0.7979860027187449
0.3457290975847623
-0.0014652119744166217
-0.5062486660743747
0.09191204372372418
-0.5995103666016044
-0.5751747775429307
-0.49864122580789655
-0.1789981552269943
-0.5510651446284095
-0.5327448344439714
-0.5562890377832976
-0.1368424031880771
-0.649091561377489
-0.5199271312144793
-0.048689363407418515
0.7848514221749591
-0.1463821162362059
-0.28158613666951143
