546
0.12986955280848242
0.24165843397226738
4.16999017303722
-0.40594388218232524
0.25268258121440645
0.4872984651786219
0.5595913181886677
-0.2561205032980976
-0.7378928457655096
-0.2996337373834706
0.6134148005099157
0.6016377465811485
-0.37457208359459343
4.002081994022876
-0.337565126852575
-0.0034606286030878
0.5634778387951069
0.7145006139157337
0.028959647763280638
-0.8647812505610879
-0.3357008212459533
-0.20262558793084615
0.3179014028058801
0.5487232943070416
0.7129771085205399
0.2482394756331532
0.3889564991611652
0.43572759408268913
1.6451464714309352
1.67409555111191
1.0277757455419059
0.20496383950583455
0.006434684041047663
-0.2560805781660081
3.4724831049719698
0.5811420798421812
3.1679563574709744
3.6960542696737715
1.5857318669493228
0.9650461410099729
0.7382409347615987
0.5545251754956436
0.2432706311734204
-0.16560344967516802
-0.05424674098328388
-0.03906221284524866
0.02472303486361049
0.43119361605181056
0.8606855960959207
0.6976321115763486
0.45932163672759224
0.5439436446707102
0.16739772009266154
0.27584257007959617
0.12217353901183597
0.3232799374386419
0.7741395009793487
-0.28771882572752777
0.39898055439347285
1.0848304098833346
1.2055032904540186
1.0964162014908765
0.99211093430552
0.8434230202709825
0.88775147512823
1.2288780668935282
2.6243488226358136
2.5382061063613772
-0.2875413114278354
1.7034810617229543
-0.14909155391116602
-0.7111173003860592
-0.4093619390590298
-0.7383354143912578
-0.2826878157460086
-0.6354151464277563
-0.8234495824101965
-0.725205541921384
-0.6254273309945674
-0.8495338275794225
-0.791531532337779
-1.2194650165406422
-1.1061522488449462
-0.8361962760555393
-0.8599286048440827
-0.7338048852927437
-0.9179474636330159
-0.6680950198507214
0.2595953123237527
0.134320135958198
-0.7266449696627781
0.12915123696664776
-0.8550138959906903
-0.2966062553353164
0.23369899637863292
-0.3114856678484763
-0.5913599665350426
-0.8578368689121665
-0.7001606934787281
-0.9968785026401125
-1.0345355891514265
-0.5453780727319907
-0.8735875136903205
-0.7523659108934656
1.054141674108704
4.430614448274331
4.4630645060605225
4.777364304287826
2.394927763987768
1.329611931229882
1.1484140190041314
1.309318244297949
-0.797001878571368
-0.5728447104606967
0.6625214604311814
0.0030714996057183775
-0.03396636932544665
0.13698649978322655
0.8026432541549673
0.6136909615359788
1.2409254702454668
0.6399350966296218
0.05156259563567805
-0.6560932709389575
-0.5380412922939768
-0.14939936939445878
-0.3521232783509869
-0.4148380280843251
-0.4638885526776353
-0.3006483782395637
0.054568255699617964
-0.34635318963897066
-0.42714428982259095
0.08973914892897412
-0.29918393439345115
-0.6413789496788905
-0.22002724157379452
-0.8025577157704544
-0.8953375643843644
-0.5489401186495191
-0.39640100128446765
-0.49165325700763385
0.22845346505129385
3.1824023508189874
3.476407215432564
4.1422968721644065
-0.8456879949634436
1.4347651915299784
-0.2832670744742835
-0.42666523794745276
-0.6023407720541785
-0.48832499169019034
-0.45448610344679374
-0.5172044100965624
-0.3711860458028109
-0.12210634586971825
0.7635220890633255
-1.158317658254796
0.4821578900893304
0.24275630694478773
-0.2239101126999779
-0.6957070095725283
-0.8536191033452089
-1.2407839444291513
-0.9573140977386115
-0.8989263881474823
0.017094429481741856
-0.08790708611139943
-1.2630684423611906
-0.5173948468627123
-1.1164621748052526
-0.9693214213096137
0.018150593743475187
-0.052342132193362735
-0.24807535410657888
-0.3717736808628439
-0.5375477606307469
-0.08993998309630553
2.501608428324822
-1.0927922771381402
2.0621074265626547
2.090061324177912
0.32662689299597697
0.47052957326305744
0.9721600619030106
-0.38338788308917443
-0.6108258858169285
-0.49155517182250796
-0.18652305049690765
-0.5704722328719609
-0.7202988791304994
-0.9119639077436275
-0.8415276776270085
-0.4792222379042686
-0.2025584191100526
-0.4666450134277869
-0.7199485354205278
-0.9891775590113722
-0.6749207333169843
-0.8918799699467412
-0.801682079077989
-0.3371750150364092
-1.2270301725459332
-0.8149040713305581
-0.1313381634556716
-0.20733979911105455
-0.27155445376894977
-0.6461959174799083
-0.5458643236720858
0.36654684804584275
0.4120301542205237
-0.07534729601907314
1.0940186832412846
-0.8297925292486094
-0.7900259784082743
-0.5468398103587431
-0.1301614399973076
-0.3745551581852416
-0.6936200655842585
-1.030574533613854
-0.5214958300108126
-0.32936300579652183
-0.10106789768634981
-1.0706850819425637
2.278263106757085
0.3358256484978747
-0.20161486491643374
-0.34527507053226425
-0.8794631213900186
-0.9226546776237962
-0.8091523069186999
-0.7036389199774086
-0.6359654681045296
-0.6909213709550687
-0.45735649893724434
1.823948989084864
-0.7617421339664053
-0.6329922207267014
-0.9957772648547529
-0.8725351081347182
-0.9387114426675685
-0.5526007023470925
0.34736762674337873
1.6650177207262333
0.6260698436597281
0.46520491275671955
0.5487482939328676
1.0102567103880393
1.211072561216095
0.46348075796396526
-0.6311581498346976
-0.6136064563619895
-0.6089729585278949
0.24948994119465237
0.4543821384114256
0.6186703161156619
-0.26637254710058267
-0.25229809057750696
-0.5501334669574613
-0.9919401782121976
-0.7726344577641184
-1.0355719429531118
-0.9595459443830779
-0.9867924797086193
-0.9624965566577668
-0.020783790146874613
-0.042189645428336316
-0.24973673573310856
0.01589580088886715
-1.1211975699062149
-0.5542158935763996
-0.2617293607889217
-0.7048902458692897
-0.8204023041392413
-0.7222947504510377
-0.7834761072062528
-0.9033791581750394
-1.016130801112458
-0.6666579507610952
-0.3529478402072745
-0.14257130483798552
0.14916137468893048
0.5707635009077038
0.2273399114592234
0.3421449997452812
-0.745852667667059
-1.005090555257393
-0.6841403055498304
-0.9338743196098106
-0.26166874549783564
-0.866612537592624
-0.24684286308276893
0.4994862416892227
0.17969191864625858
-0.08796739824417693
-0.44637861524740813
-0.4656752515910214
-0.04937600027719036
-0.4586339910737374
-0.8068712274255717
-0.6340242859812188
-0.9605585261423474
0.5261865095429356
0.40598346080239434
0.027014459001865793
-0.7712837445815232
-0.9021991998054274
-0.9265243666104627
-0.7894194820446973
-0.9956027384725733
-0.10419336210581776
2.240253390374826
-0.9373226499229115
1.9836207021076822
1.0428923878177294
-0.03417597060398362
-0.5592207162683853
-0.6380132467176796
0.014080845354602413
0.5055803255245049
0.38022280277632603
-0.3996287688357221
0.2518760682791386
-0.410479210924588
-0.2716104040021467
-0.49852502413232747
-0.815666987076055
-0.8228501358929781
0.6508847451078766
0.6582432100572662
0.4174422737899918
-0.4600179026042986
-0.898423214337696
-0.3920315547569096
-0.5097188054822935
-0.06256652478497925
-0.7250705060985785
-0.7103965407084559
-0.8681241074897672
-0.6971494294250996
-0.5369344597563072
-0.3691594408260904
0.019981526752555892
0.2196594188153228
0.28462373824365306
-0.48666221464242476
-0.03836788966875462
-0.6011867003826782
-0.36667360947779637
-0.4439388983881376
-0.0001516744637156119
0.9887331523419283
1.1586936641172718
0.4235094018299238
-0.927643831025698
-0.9488906622334038
-0.1561192176537086
0.051043688610065155
-0.5077256350010453
-0.21385764158925533
-0.47179843976970964
-0.06302611995218943
-0.2656880769165772
-0.8369480747338623
-0.437020588114574
-0.13173007810357606
-0.5383153237751193
-0.8037537005385808
-0.2439418475537755
-0.8590303211126066
-0.6044864807800026
-0.9597642274039297
-0.7023845988487621
0.6428914602503119
0.5535230494844301
0.026603761990022023
-0.0939484056879706
-0.0702336531172918
-0.296858569050601
-0.7206999751800777
-0.4640776937066705
-0.5746421977427772
-0.5904499429611451
0.9244600163149295
0.44315593835173617
0.39751850620637347
-0.46640364941603707
-0.6956501858344694
-0.48979906087766395
-0.5680631774838218
-1.1451570846898023
-0.43856255233565994
-0.6665921680884003
-0.005592800971529307
-0.03993212171569871
-0.4438876171420155
-0.9118654686802591
-0.6347571717769126
-0.7373854511778755
-0.1763934726814227
-0.16418107796124887
-1.202350219116111
-0.20020952721418714
-0.3592435498829666
-0.6858596804544802
-0.43819545194253867
-0.5470590925478247
1.0974200246200783
1.4501994294787626
1.4169641499726746
0.8176758952950285
0.10621907115676692
-1.2483309649093564
-0.16680305302681664
-0.5522994990875679
-0.7794407933332057
-0.7014314850867801
-0.40243799029703325
-0.8606703965349979
-1.103311704047129
-0.9231758369085054
-0.8707131999470771
-0.26810156733769785
-1.0412835716717506
-0.4720729922788012
0.7373959336711725
0.789850178669752
1.2974885151048126
-0.005633661751367678
0.4110044163198945
-0.05161650665571387
-0.049424615549555045
-0.4352793191454805
-0.22514306504035428
0.46173874672450815
-0.5457343414280579
-0.7175955292214781
0.10287268013166594
-0.12154359328853706
-0.3290536091870037
-0.9153323293103853
-0.5112701023517666
-0.6691882109789713
-0.3284857327214628
-0.42235398079381353
-0.42940114386606787
1.0497589469151882
-0.4313952889558467
-0.6243804398167385
-0.7615802271796217
-0.7960761003413991
-0.882852779610027
-0.6866106408629221
-0.40417290389958305
-0.6218982095194032
-0.22184201526481753
0.4472738345209025
0.5877055745038151
0.5356210944993974
0.1704932622757983
-0.20105190096084352
1.1048171759308705
1.4312754998271047
1.368092963620926
0.10439163265043933
-0.24412525301040003
-0.522444389418335
-0.5615783619033716
-0.6225523510748812
-0.5374357327898355
-0.40433184207610134
-0.5060427509161645
1.018382793395781
1.368172032521647
1.6738869156004468
1.2692062618623952
0.9886546985816091
0.429480783581403
1.7063436509589447
-0.8340626060796208
2.082747244487306
2.27875608469262
1.3245975532139822
1.3417660281410504
1.7983097567531687
1.8281151275089134
1.8474486309827305
1.6453759843430658
1.9716389183487988
1.7003451369828744
-0.7182633159124687
1.80865889891669
1.044982075306537
1.147577875007238
1.601328328749411
1.7757103068699613
1.6056096405544507
-0.3903703335607479
-0.25600194711393987
-0.10308255154518114
-0.6404214638043283
-0.6535098246866355
-0.2703435426374938
-0.4329198034769191
-0.2539661478223423
-0.023437364918971956
-0.04124968107081956
-0.16648764387768353
0.5559865439849166
0.7972725778677221
3.042591971245
2.932502623227743
1.7155747562631585
-0.5001435280175052
-0.47232547353436816
-0.8757205890879807
-1.1251668520814013
-0.9877486167457948
-0.7856951447894908
-1.0835230746353346
-1.1798094323410744
-0.834456249170644
-0.7653602367700323
-0.8190383266466486
1.017014432656745
-1.0021858793023681
-0.586960556176194
-0.8433206382202699
-0.9463035532169212
-0.2874452449831982
1.8531070832416594
1.1604393602686855
0.36332334938974764
-0.9448429172696753
-1.1512045237392348
3.6943352323866785
-0.8737154542263615
-0.30747993085231917
-0.3331969442771985
-0.2889406564306341
-0.8796508751192674
-0.9875113433150092
-0.7291167930755236
-0.822525707316324
-0.9186232112374606
-0.4366902693854148
