546
1.5718946120209478
0.4353223733277746
0.5015113636688943
0.43788622538629174
-0.23543248396671299
0.9918066309343786
1.327776144649397
1.1968484671300883
0.22524003122056155
-0.17785990949275346
0.22243340027244132
-0.8206943784733449
-0.8957602758451834
-0.06555586990223673
-1.2905151894247544
-1.1507792641779506
-1.0586370076186378
-0.2863832923283956
-0.37538176159016506
-0.3784996534357317
-0.44690881599798604
0.477157270528603
0.04477770096255396
-0.1304544579733409
0.002036450901490492
-1.0790140434023765
-0.26519886629719563
-0.4598206376053078
-0.5536200531159814
-0.8943715740860719
-0.6660951564610221
-0.6367417995963
-0.8082058462766986
2.8724845450323806
3.5424984643042885
-0.024075650738656425
4.04525481472453
0.6104499971879896
-0.8316610768744535
-1.2269868376858395
-0.32490139810832924
-0.27062330368249304
-0.1440339747476233
-0.9053803527851962
-1.0650435617244882
-0.9876650984172067
-0.46380610503511793
-1.2418556335491682
-1.3271140776638368
-0.6604324060133986
-0.40327545284274474
0.21412368246328037
0.26137114542606404
-0.02784489950330919
-0.6480873807197879
0.6177649922204931
0.47621536744835996
-0.7531847877766331
0.6725636171855212
-0.24271315509711316
-0.4796817040060135
-0.5722368576278912
-0.6970528849673768
-0.6102153669923875
0.5053585950116909
2.0858527839459438
2.034928285773128
0.24233778980288231
0.1307498591043216
-1.1353669850195505
-1.3325949081853157
-1.248704474640463
-0.9802384246110517
1.2026052802516363
1.7169845086351674
1.2200204369319518
-0.2648728318349155
-0.9168072769048228
-0.8143158423626928
-0.3751776462895602
-1.3891415046392495
-0.8161427356962678
-0.493300406648335
-0.20121005926487312
-0.476420412768563
-1.0853228263745487
-1.2368681904440975
-0.963857656995171
-0.8407456288172881
-0.7107425574713204
-0.33747549175290464
-0.13171510307282755
0.38154736668472367
0.2732760061064109
0.07968342878322812
0.19185044591097128
0.26495821528530467
-0.5922335683455122
0.6829096643273181
1.1306968364655663
2.6723485172113843
0.2208017164930813
0.7100621675016557
0.1431813134467973
-0.5928788788574102
-0.9486080840845715
-0.9563441187847439
-1.2291409838262275
1.0966194109218448
1.4279777251253212
1.7930306880554798
0.9993015225068238
-0.20326600389967406
0.1337176851176148
0.1845041561774726
0.31139409701939363
-0.3324661627555448
-0.4647410268843446
0.31863375189748583
-0.2904769973525138
0.44614318977556555
-0.11920202922560871
-0.3975754085760663
-1.116036221131779
0.9559123431809083
-1.0407307018161691
-0.7836898932374663
-0.6435988315770785
0.010980485691567234
1.776185322035116
1.8326622131893797
0.8504685318883716
0.2660899657311265
1.8047140001879167
1.5617680306889539
0.8405028888163498
0.11479738517302647
-0.1744517962565202
-0.467444380364139
2.2655975674330153
1.707117031529765
2.1308575145085924
-0.4664845163776924
2.0407849408416134
2.0527720977973685
2.5677053734979207
1.5913256877133803
-0.8253257837866033
0.004394532805245424
0.07749574713604362
0.13958337810065446
-0.2093253221949773
-0.4431111321413521
-0.6619559661027263
-0.8737722946017222
-0.2700109761867906
0.0823585392409682
0.7957717819689171
0.2298933211383937
-0.7076690646976611
-1.4450324155175958
-1.271641131891729
-0.4406597759198853
-0.5515887011076931
-0.17963364821256797
-0.4950585867054887
-0.5937365848186433
0.08240110162386119
-0.861745670067009
-0.2535673841092399
0.7515430388408051
-0.3223035264636314
-0.4293464667382091
-0.058966508493376875
-0.5582433727481154
-0.49670208410959604
-0.8182394362470771
-0.3988925619623941
0.6681956168923238
-0.9138479949187669
0.12163209819824031
-0.603892096504643
-0.3157635818525109
0.16292786647916896
1.3642909338872038
0.43404220531365095
-0.7359709867275701
-1.0272867781032247
-0.4055993170048082
-0.07013357195964248
-0.720016735840562
-0.6598770400349927
0.8504130747684889
0.8633683709400812
2.0620367029926063
0.4866660424364505
0.4406648760207926
-0.9632142910241255
-1.0674102398378584
-0.3461918591311163
0.40469245263207837
-0.4598564802282328
0.6239779177112761
0.20509807260656637
0.44936123903698977
1.1842631711938196
0.873039726904974
0.9418953310304299
-0.5835122670622722
-1.1289581684471217
-0.6355222335671592
-0.4500817621296073
0.48070564266119703
0.16086316779470836
-0.4638226106127173
-0.39154473082614955
-1.0097827936056543
-0.3178427976453863
-0.32505621364855825
0.08102535560948655
-0.5412352848417571
-0.6890567841065972
-0.5346491399432938
-0.9634969576613232
-0.47666931870664436
-0.1338647253828743
-0.18664402751397932
-0.9683866258185633
-0.7692864907168615
-0.020331011593703815
-0.04376488982417961
0.7987557496833938
0.5979208774668283
0.8334573056629225
-0.9627661665087717
-0.4978726840721429
-0.8733695068432594
-1.015075138377104
-1.128640494872727
-1.1908539214221636
-0.14967778167149345
0.8256425885290584
0.23701847913063598
-0.39216267017149214
-0.5349903509542501
-0.06196484809990427
-0.9548005594824164
-0.025386414557107276
-0.06365193507966181
0.08323322778544544
-0.8725683003418887
-0.30712035169410595
0.23735585410428692
0.06911465053705475
-0.4415230272542362
-1.0593241851927047
-1.3034911246779788
0.1702842467339215
-1.0478906590860309
-0.8344084999792613
-0.06485524518334553
-0.4049180769190573
0.19031018831315785
-0.9318416230583659
-0.8911626228970067
-1.058476241182352
-0.4990772380669527
-0.1357684163582193
1.0305212340227687
-0.5649298564104593
0.7007796805639955
1.3633092018189221
1.4962111796361106
1.0226268656867876
0.6317944259960171
-0.2866596641352258
-1.192718996252297
-1.0515293341601368
-0.9858127105121837
1.9928096331663523
-0.4096293427045419
-0.5455778223143486
-0.10632451956084533
-0.4410968610593578
0.20760968034433355
-0.7951591699158804
-0.27120534159243315
1.2180220621140072
1.335055541099958
-0.20308652538682567
0.9022660044079396
-0.32380888491675963
2.0335992322021736
2.584034889376402
2.482623372841886
0.07048084947201698
0.06426858090740845
-0.04774434177109522
-0.17968181028987704
0.75032861178274
2.0881423093734948
0.44579005399804666
2.6341489951438306
0.2683527810413129
1.898731060167163
0.7215628384174974
1.227707867243722
0.09823115209811037
0.5732154236476774
0.1816771265914562
0.5480326858216223
2.1934812927671734
1.506660874082647
2.9675157760889284
1.3575944159805566
-0.22361363486686664
-0.29484819259335926
0.8449951807347369
1.8149442854650972
2.1395254760027953
0.01700325590151369
0.5672591688656328
0.3270956308398614
2.497648936893584
0.22576890927095175
-0.7064751232295106
-0.6068232823394383
-1.2065249095089023
-0.7829697500416155
-0.9511678979533115
-0.46389922623094954
-0.3684403100196924
0.02643829657399147
-0.3316327145782777
-0.8513599553983223
2.721006259141042
-0.5761879607068807
-0.9099544905193242
-0.8355333210108968
-0.5026506193098192
-0.46524627953134995
0.10224050665017473
0.019901193867804475
0.3196618085003879
-0.2865444388879333
-0.5820507427609957
1.7827586723838365
-0.11624405208005058
-0.22839698098098074
-0.8494875123977491
-0.5650318538966255
-0.40048012477844086
-0.5685020920023486
-1.2900200795554515
-1.0518324559419474
-0.19063209005601414
1.7649269074969787
0.7150509724735794
2.375026455252961
1.4433411573766803
-0.005980546938863113
-0.9328082712798135
-1.0792663290972546
-0.6187903859113004
-0.7320443484764299
-1.0993174513871498
-1.3231867096082464
-1.3209344611252651
0.2575826918700933
-1.4468291047600204
-0.031029272656975675
0.47769263553105124
0.5480444788268484
-0.2893092976623094
0.33671922356675377
-0.1542113669147175
-0.43006512330103347
-0.2790766225233536
-0.6687845712208643
0.060654955717712636
-1.1692115402256507
-0.9291768621921186
-0.6456846031747572
1.2452703211530385
0.8548496019966717
1.1848615198756534
-0.42565356005373994
-1.270374161714985
-0.9743828471975771
-0.7639086332725261
-0.23107011650581158
-0.7405652764448766
-0.5440393420321434
0.24046865430640532
1.5494975778667421
1.0605197809738824
-0.8897678101727633
-1.0507495970562541
-0.6236996289037424
-0.4359716978005045
-0.7932498760338477
-0.6560659187794132
-1.0086158822382918
-0.6444811054312091
-0.4732135268552348
-0.21120509170780188
-0.48190786528844876
1.040418322234442
1.1185041882420663
0.7424720065143536
-0.2852658334271033
-0.17346725411607364
-0.5895514046385391
-0.16737236494454508
-0.5294041204597564
-0.06532311480286002
-0.1652408552558923
0.04525020935149289
-0.9831371465271648
-1.1581469798443622
-0.9530924835515296
-1.1387155931461983
-0.46174008762190344
-0.7727277381753758
-0.689647879704601
0.5683331292844255
0.9126487879682464
2.0102799069467014
0.8200056954987162
1.3382481795291483
0.6585498936242873
-0.514804182960815
-1.2558453619904453
-1.0830472520162024
-0.28130110591892926
-0.5932086233486382
-0.30150257512161405
-0.17314933766122462
-0.6006280572079845
-0.589756284610048
-0.10210205060249317
0.060693100521887165
1.157926608436987
0.4713694447682136
-0.014925253549949126
-0.9208466308807292
-0.08564620649126356
-0.9604483309198925
-1.2327808078683027
-0.4664876273026402
-0.6826169076000348
-0.08909007232930104
-0.06819057542646874
0.5767553467612517
0.44672775919610974
0.1978691366085081
-0.4343581642020113
2.073778691614494
-0.28048267554457385
-0.18951283223111964
-0.21309379737254494
-1.252754743772663
-1.4205447213895834
-0.8472840926249887
-0.6306188139427551
-0.926538733692282
-0.953791258151476
-1.092169506013244
1.4543067755206134
1.5810265502576715
2.04421968163896
3.0312433201987656
-0.5235724442751652
-0.8731240798154736
-0.889963397547221
-0.6100613034368508
-0.11178912480408401
-0.058587207340944414
-0.27534152974107834
2.7532542684698913
-0.3406346200515603
0.9808307438930748
0.2945070901319275
0.6920244858606677
0.6804782098912713
1.8105762417149673
0.9775950924318436
1.570049408789499
-0.7524492396385297
-1.1195542619528536
-0.833737157432367
-1.3013384024220422
-1.060271824088147
-0.530059887524661
1.1481314979480322
2.013309063375877
1.4494637699815611
-0.7961147523263944
-1.0933892608808906
-1.2923542159209613
-0.943944684838657
-0.5294729887539986
-1.24471363335169
-1.0283707148236032
-1.0252051842005574
-0.276967302423244
-0.5184850228167127
-0.3094685048946294
0.09554136145264364
2.684709976104334
3.43304042876096
2.9686200229132464
-0.05069886319489026
-0.3682452733795131
-0.9071224335352873
-1.0059412923676885
-0.9598947790212127
-0.6991671407202017
-0.40804820321774593
-0.32150369073128365
-0.8218810306083248
-1.0255044856905349
-1.4793576788936105
-1.0849042366074457
0.4180515821429045
-0.08127239262948617
1.0449127999267038
0.5986432614865514
-0.4818126181557786
-1.0255994699362985
-0.6804356045481051
-0.8313427664726417
-0.46042602886423944
-0.43360760052579844
-0.40804252777041433
1.0528360477581962
2.1381638362542486
2.1312509121975873
3.571160739413791
0.8772982547916433
0.5188111284316624
-0.0096835015811383
-0.5190824028323511
-0.6682202736499631
-0.472554407240488
0.710096353763096
