182
-0.577851160033227
-0.7112428304610504
0.14382991851206886
-0.5276937013790182
-0.643481293474357
-0.642460717804471
-0.5396499147922398
1.0119236321589413
-0.5184823123927903
-0.7139884131187335
0.7506637774027249
0.8616953209419751
-0.7217449380936058
-0.03954549898141819
0.1605065523811212
-0.10357200945429684
-0.7522651776217552
-0.3657889579862991
0.07954538077678966
-0.6911245711610555
-0.682487166645944
-0.6770080325235118
-0.49704205993238004
0.27326072212726216
-0.7453270173264398
0.16662629408441806
7.080257708447102
-0.42083010440759155
-0.6109534941926527
0.03229882694039364
-0.7249664982826243
-0.7299964728784903
-0.4389165296549626
-0.5288312295550048
0.046623693627009084
-0.2851367958795677
1.9816455121086078
-0.3897548892160109
-0.7173042985829889
-0.3755891207228178
-0.3807309428885608
-0.0608609407230724
-0.6650788028807801
-0.7157745431320806
0.004598333264882186
-0.6939421553321213
-0.6859901799560628
0.5425007019279386
-0.670767696577597
-0.7824308822653682
-0.10734227500415135
-0.4806708497225491
-0.2820610350345803
-0.606453050383925
-0.7705682800099036
-0.6784850601162421
0.9491477481389402
-0.7634307495314284
-0.6552477646196821
0.32999903943252196
-0.6502840998400689
0.4975210324927162
0.4096647771097632
1.072111099572153
-0.23610903492377722
-0.6404225689078171
-0.5526025544293165
-0.635397426625553
-0.08620069928746205
-0.401640525823728
1.5334861769817227
0.8449747676475547
0.7323310954003098
-0.700067104359276
0.060982054113670796
-0.04720050786366064
-0.7631428937894653
-0.26915841028706794
0.1582070478077931
-0.700699495359957
-0.3229225041716731
1.2295289092175912
1.704218140008046
0.5962490593881765
0.4468386439890024
0.5383333292529207
0.7336169550563194
-0.06959798548395393
0.19213107088981793
2.5957497219645096
-0.5892621170241139
1.1983855843877442
0.8855284237956303
5.314787082428251
-0.7763096366664585
0.8951612169951474
0.8840063664352926
1.199687500598697
-0.5641043493594157
0.9510497245396884
-0.8140016212088393
-0.43631059943128053
-0.6915188920093489
-0.7254891440425874
-0.6230781463185746
0.010981792285037801
-0.5201482896911647
-0.758675745323633
-0.5809752322321161
1.2249461863242403
0.29077737465913434
-0.3173014135888798
0.45936525804373546
-0.4753294017151779
-0.820088833243836
-0.5132766584275701
-0.4497354534852138
-0.5129425608704001
-0.6939393713330826
-0.0560927089995658
-0.2552893476956175
-0.7031419146715755
0.4110840544314904
-0.07627914953826007
-0.22266522570567396
-0.17513873277125178
0.26751313746308064
0.11303652347976911
0.6145186453144367
-0.5156286306201536
-0.6192577203110408
-0.543727475380713
-0.7778799179645884
-0.41727436215981467
-0.7145866433582132
-0.6457859700737334
-0.5571219350947448
-0.6823138012775507
0.363152653210807
-0.6235610339372877
0.057019132918447415
-0.23277032860958324
0.3133338735946752
-0.2847319225409016
1.5908824738486602
2.132850648804153
0.2045060505855203
-0.6776749059499819
-0.5267694911324127
-0.7636319107423586
0.8090607600697264
2.6426263727982455
-0.47690993906263657
0.16664217811381724
-0.6785400129079024
0.6293045493111644
0.6894967803429785
-0.5815235866396693
-0.409905076939774
-0.09533358798635595
-0.43697995797140077
0.039206480043393895
-0.47851738315166903
-0.6191226351143355
-0.682988029251192
3.842799065606622
-0.21151406609566115
0.024793887090433897
0.24544223552897101
-0.6936821282653565
-0.4004842645938224
1.490780089015228
-0.5994799624449303
0.18770931795891496
0.0618285286309045
-0.204936483658609
-0.4984540042937198
0.17965806537570775
0.029876575427953567
0.934223282048933
-0.3669683033856087
-0.2996226725158054
