182
-0.03515967698757988
-0.0447339558174763
-0.053756505840419966
-0.08049336915270155
-0.07027726046035393
-0.06550837776290297
-0.046816337330625735
-0.07428614002289202
-0.04907999618953213
-0.029020155011949766
-0.04097775943354803
-0.047167433644627166
-0.06911603492599477
-0.04860748344191612
-0.04949875610809534
-0.07110784162688422
-0.06544873919867772
-0.04548309222989416
-0.04001831112831328
-0.08694532657844067
-0.08533845477133856
-0.057348249563578646
-0.06967346384311246
-0.002442159035197733
-0.0046545909988341405
-0.05752615002982142
-0.023470047746856793
-0.04836562665731625
-0.05930049061914083
-0.05927659605203678
-0.05014264133021529
-0.04042620825333604
-0.04113230542150936
-0.02463509716182105
-0.027815600627286996
0.024663472737986303
-0.05432670047110871
-0.057188033815631645
-0.08330440094574926
-0.056380077620336755
-0.05884460410199738
-0.062386200230710676
-0.04555863607255867
-0.03642603228246061
-0.03827258934086669
-0.0598740527502139
-0.031668988886501326
0.002397217203088442
-0.07752497811026893
-0.08254314528427437
-0.05896920887060236
-0.059710180382582245
-0.06004556629877417
-0.04178805367284921
-0.04062124578069842
-0.044018417022662626
-0.02888962063207462
-0.05391834875793239
-0.03707297328490394
0.02271517306020382
-0.027485843944541732
-0.011440543740193987
-0.049260849035308474
-0.02115284361677411
-0.02015041739402723
-0.017375276418083507
-0.04929703109832789
-0.03286449137186925
-0.0569466491484768
-0.04489253594552772
0.020032719836925672
-0.01873585509454123
-0.06130898721520056
-0.04028502411189966
-0.01797657945926323
-0.04449632873519088
-0.01441185185167898
-0.0181294751242293
0.03306480436204545
-0.036765279757081326
-0.046914940303971864
0.017548250335618132
-0.006988150910239133
-0.010929945693538612
0.002522142059600496
-0.00663635729870532
-0.0040010515705558025
0.004953168293390597
8.332231909158327e-06
-0.005826489778693489
-0.03632641720931157
-0.013332391651536546
-0.0083128788392553
-0.053606676025133304
-0.07053309104069083
-0.041691430112776706
-0.064954480537457
-0.021623920816334963
-0.024948318106605194
-0.02185353719393368
-0.0655430132805549
-0.0564550933078678
-0.07189869368899143
-0.062299968675559425
-0.02460235111177317
0.020563626893752573
-0.028508671840056954
-0.06968737299665462
-0.07078864289440912
-0.06236726167269596
-0.027762679866599915
-0.07304227390387208
-0.05252548043409805
-0.07464438934074435
-0.02976727699828957
-0.07690393169668658
-0.027513665885554373
-0.052930643007727984
-0.05463624115781368
-0.050879623791801276
-0.03585533924460155
-0.06079265077223056
-0.062220795880566726
-0.0486167478206424
-0.05851734351463439
-0.07688186906112937
-0.0666698527284289
-0.03936822373713056
-0.055641064277882846
-0.07276781063704041
-0.05685405328352616
-0.05344014829315874
-0.07089944686925748
-0.05392291887384043
-0.05968950600244638
-0.08169634494774847
-0.06266739707104768
-0.032687831791165856
-0.05321083610152233
-0.031280928638555416
-0.0533312058435092
-0.05732477245677492
-0.04226172538734896
-0.03490555325099404
-0.0006659505524986842
-0.02725904065681367
-0.06331607594226307
-0.03425575708938622
-0.04794917935919335
-0.044977340826959256
-0.08325528123039672
-0.051419407425320474
-0.05207888738573935
-0.05619333527422571
-0.08181362768510464
-0.07539596606786336
-0.00015831240627411924
-0.06087717468981102
-0.07342178267131827
-0.0731223511655294
-0.060179479868530394
-0.05704778637477498
-0.055890642875711716
-0.07720505296851804
-0.07131866442022106
-0.05926360455024343
-0.06093598398524869
-0.0547837604298142
-0.01340899907512283
-0.06681084844595758
-0.07430791491525002
-0.059903609841785055
-0.056313832855899804
-0.05929225564469581
-0.0677096401155931
-0.0560339861235577
-0.08402905180662501
-0.07784530652315585
-0.06100435997964343
-0.03489841857442849
-0.08515146979626459
-0.08448174629075517
