548
1.38646
1.98934
1.55577
1.10997
1.43472
0.619386
-0.00763308
0.226598
1.1799
0.84167
0.319158
0.323231
0.315708
0.264896
0.428053
0.665977
1.52522
0.320606
-0.147628
0.178219
0.507864
0.831329
-0.193165
0.648988
1.02017
0.813411
0.82907
0.542802
0.956786
1.34828
1.01785
0.784081
1.18728
0.872862
1.29869
1.61711
2.04387
2.50469
1.66928
1.51488
1.38251
2.60729
1.69769
1.39974
1.53553
1.47018
1.43614
0.852
1.05207
0.920597
0.326719
0.524574
0.325956
2.75121
1.27083
1.4564
1.03291
0.546536
-0.272755
0.0388369
0.406911
0.106426
0.542146
0.00281812
-0.128462
0.187201
0.739887
0.864273
1.0783
1.08212
0.353905
0.360686
0.505837
0.464023
0.567855
0.567595
0.946909
0.108135
0.156618
1.41055
0.419406
0.450491
0.416717
0.832521
0.593498
0.427298
1.05695
-0.0196112
0.625635
0.344659
0.762224
1.0846
1.51689
-0.0950929
-0.540199
-0.422499
0.135799
-0.347104
-0.493162
-0.104662
-0.495427
0.0212729
-0.125001
-0.345581
0.523951
-0.28843
-0.143269
-0.346186
-0.472453
-0.205541
-0.157447
-0.519735
-0.21802
2.45144
-0.117693
0.464297
0.327102
0.339945
-0.293525
-0.339932
-0.254485
0.180721
-0.167577
-0.265543
-0.320049
2.47899
0.683497
-0.254623
-0.295468
-0.410643
-0.344376
-0.162286
-0.359646
-0.39324
-0.351363
-0.443816
-0.419973
-0.020872
-0.0132933
-0.393678
-0.397909
-0.296398
-0.0369283
-0.412558
0.898101
0.129179
0.316415
0.290862
-0.212231
0.0811268
0.101977
-0.228295
1.51962
1.04022
-0.421617
-0.533047
-0.419915
0.0345338
-0.269062
-0.53116
-0.324539
-0.271994
-0.277204
0.709196
-0.115496
0.257443
1.4893
-0.0538984
-0.641962
-0.125632
0.016879
-0.199501
0.374115
0.248791
-0.106144
0.444649
-0.321967
-0.257272
-0.124457
-0.161394
2.08609
1.94041
0.364089
1.26193
-0.345916
2.11146
0.647422
0.278056
0.58122
0.247886
0.067192
0.685243
0.581869
0.0572964
-0.129322
0.531984
0.419076
0.788239
-0.0279634
0.203966
0.64995
0.105693
0.369951
0.210248
-0.330583
0.0396089
0.241585
0.00877648
-0.258655
0.168564
0.0727471
-0.0775105
0.0193817
0.217434
0.391837
1.77517
0.7095
0.592218
0.598014
-0.316707
-0.413119
0.171128
0.293215
-0.0020493
-0.226235
-0.0119905
-0.115562
0.30422
0.881982
-0.266453
1.00387
-0.125722
-0.411178
0.324858
-0.172015
-0.268757
0.487621
0.203507
-0.207562
-0.453827
0.380891
1.079
0.069011
1.90255
1.57588
0.454122
1.14341
1.02209
0.459712
-0.0442831
-0.2825
-0.248297
-0.222856
-0.333503
-0.386852
0.409413
-0.25619
-0.133263
0.633429
-0.248417
-0.246562
0.850247
-0.208974
-0.00442656
-0.16278
0.0949369
-0.339242
-0.372176
0.367208
0.0360914
0.140187
-0.135955
-0.361858
-0.408774
0.128126
0.134946
-0.432768
-0.164857
-0.225763
-0.431854
1.41049
0.842149
0.231755
-0.312066
-0.190323
0.819408
1.25887
0.251327
0.0482443
-0.266851
-0.237807
2.00287
-0.269668
-0.184214
-0.278729
-0.532814
-0.0448062
-0.215217
-0.223532
0.134822
0.537541
0.86676
-0.141214
-0.277044
0.453088
-0.242809
-0.364311
0.115243
1.86348
3.0301
1.16813
1.17318
1.15289
0.583472
-0.17093
0.422122
-0.505706
-0.598275
-0.39589
-0.348028
-0.336483
0.514407
1.29689
-0.278967
-0.223617
-0.403295
-0.330809
0.0814649
1.53045
1.3334
1.0851
-0.0202965
0.408175
-0.0995264
0.106258
0.29324
0.43114
-0.538483
-0.383561
-0.0648752
0.487434
-0.235658
-0.466863
0.317993
1.18488
-0.330955
0.0834054
-0.473607
-0.317248
-0.0284374
-0.307338
-0.29894
0.516272
0.0271673
-0.0747859
1.59489
-0.367414
-0.297501
0.181752
-0.0785172
-0.187343
-0.312361
0.18083
0.550591
-0.326577
1.21492
2.1342
1.4082
-0.0114941
-0.205997
-0.107659
0.573487
-0.35165
1.73775
0.778466
0.202176
-0.460133
-0.0990159
-0.109563
-0.551458
-0.445029
-0.474179
-0.141995
0.684373
-0.24432
-0.292064
-0.332973
0.607923
1.50416
-0.292051
-0.224355
-0.02882
-0.362949
-0.520779
-0.308469
0.22182
-0.352284
0.380192
-0.149567
-0.0590195
-0.298394
0.0419449
0.0235259
-0.182772
0.136746
-0.467604
-0.360986
0.235123
1.21958
-0.355148
1.052
-0.269951
1.20006
-0.035509
-0.452132
-0.134682
-0.463898
-0.558029
0.167168
-0.197715
1.18757
2.24477
0.918405
-0.494507
-0.506202
-0.150068
0.317359
-0.468869
-0.369033
-0.364949
2.10295
0.369913
1.07982
-0.236124
1.14391
-0.347927
-0.186467
-0.455672
-0.16484
0.203047
0.595914
1.03432
-0.102422
-0.390379
-0.276138
0.0717125
-0.105439
-0.458791
-0.240846
-0.321327
0.248939
0.44134
1.30924
-0.204648
2.41247
0.596874
1.01631
-0.227975
0.557582
-0.270221
-0.29637
0.279267
-0.342161
-0.329569
-0.56718
-0.560109
0.359742
0.448081
1.96729
-0.239674
-0.220918
-0.230594
-0.319414
-0.435471
0.0218355
1.02231
0.802815
-0.459282
0.775399
-0.346634
-0.358415
1.39232
1.92967
1.83523
2.49378
3.47386
0.699115
0.714412
0.551904
0.144826
0.0382661
0.500511
0.406728
1.20501
1.5384
1.58692
1.0674
4.88076
3.84133
2.57702
2.46983
2.59147
2.31806
3.02336
1.9085
1.99692
2.0914
2.00136
1.55851
1.30262
1.56099
1.91969
3.33845
2.06092
1.75406
1.9994
2.19842
2.67181
2.7855
2.85191
2.83908
2.70469
3.97341
2.56017
3.3376
3.07591
3.00415
2.97066
3.43949
2.61855
2.57666
2.22718
2.70893
2.26763
2.67363
3.10224
2.94055
2.12815
1.86345
1.95485
1.26707
1.36264
1.3487
1.94856
1.6872
4.10422
1.80566
1.2225
