546
1.1089307199911589
-0.9629903979730847
1.7007444459871657
0.28739130914600525
0.152441560583612
-0.31538146285648017
-0.27304411245359594
-0.4175662444800817
-0.17743238632346428
0.8738765466327588
1.4501231390964255
1.4291054831910412
-0.05715691839744366
1.0168961593095203
-0.8133262974902657
-1.121228154900767
-0.6241368693283154
-0.29769254602713
-0.2122194621447388
3.5547242563346586
2.376830002699496
3.9662245360463815
-0.13213693802457172
-0.3935528839365635
-0.7053543557603495
-0.8575564200570936
-0.7253118266658208
-0.6897472629436344
-0.4308253018829115
0.11965908045185698
0.0034271464409586583
0.002548382817156049
-0.4024173060898371
-0.8988999576361016
-1.3848697006214177
-0.6980147664098956
-1.3582151459993073
-0.25012391057853994
-0.5526007872847023
-1.0349730897924014
-0.6632281762736988
-0.8033452530389025
-0.38989667992895094
-0.3650087985847044
0.14895468943244553
-0.3391109786433349
0.840752901755781
-1.0966678945551334
-0.6238318608261016
-0.7864457739689812
0.002891802872445581
-0.06458820454806291
-0.5344236928744369
-0.4024525073926508
-1.0427709675641077
-1.0832620416830705
-0.746459273965279
1.4671222538205182
-0.5970639938347136
-0.09387958183563834
-0.3971867547633878
0.15522001168653146
-0.009739029265128053
0.6585852993338435
0.6264459926836812
0.2108919142800612
-0.46091700468622937
-0.5324667221592454
1.6365413891068838
-0.7197851259941659
-0.42392991407804814
-0.22613082311744667
-0.6827303282468411
0.9318415614477594
0.7774007723332438
1.3910922893469302
0.9243199327162503
-0.02576862071190994
-1.1054311388576672
-0.19143612466727392
-1.2021324052010756
-1.1634921887529928
-0.3185205914662955
-0.4154910635311018
0.6308333733757744
-0.11913740397001303
0.22577987424496354
-0.11663487268333696
0.039651703748160246
0.07052391644289846
-0.9502544927966904
1.8732023803315965
1.379817080381708
0.7134545771495372
-0.9741094416929227
-1.3430227266744708
-1.3064293997364012
-1.315396242282611
-1.1293165344636706
-0.9374083828034785
-0.5299969971221609
-0.6288822939823329
-0.20090707429265237
0.7711369656559147
0.4116319248692419
0.16889193240692388
-0.6631570082329015
-1.1128747829406345
-1.1869755281894951
-1.0203380694511814
-0.04852439746981418
-0.2688603103729475
-0.599733130299078
0.33340068175365756
-0.36624611390295453
0.09069908590024335
0.5760300945077939
0.6664118375484347
-0.7949401608257058
-0.17081864015370699
-0.5775533926352735
0.15068736833384289
0.5823311088478798
0.6827847976390479
0.5509216691211903
0.1800866609122994
-0.518996992415381
-1.0913113517415793
-0.5341131833593359
1.774408719948047
1.849769525692094
1.0919719174396174
-0.10592582864005416
0.41882878247685773
0.4314346964891174
-0.003301897624607985
0.06830769201738433
0.1465116316772742
0.545963896244755
0.332476306096756
-0.894066926628561
-0.9907745587072608
-1.3174680635620215
0.2549928753546005
1.040723153014521
0.9849421810240362
-0.6880679290546539
0.07633883354194355
-0.037221562607749725
-0.7491482728184147
-1.05276640694532
-0.916009678155539
-0.9746501795768303
-0.7875314819796883
-0.5421541184876633
-0.6666470152461834
-0.5144883463127333
0.49991550996191714
-0.31838920988737757
-0.03533850316882276
1.2029482528033675
1.2959368153511963
0.2619460537894624
-0.7648397901729775
-0.8071778832498555
-0.647834197605731
-0.9745079551684277
-0.7809816960910635
0.18498191083671725
-0.3814002879667778
-0.40114432215056056
0.9614539447843439
1.3601711415264297
1.1158792913271294
0.4926693865998786
0.25691550100543287
2.135197225122334
2.730241687296361
1.9989644270499811
0.3360833855887088
0.11061583743165437
-0.6564590603687702
-1.1221351739049539
-1.133769848254753
-1.0237499579566356
-1.0435239760577184
-0.2832558698704788
-0.6891319860880061
-0.8642336588819186
0.3624966428129049
0.2634022096280727
0.11717360526889774
-0.30077039372915515
-1.4692067249992147
-1.3439256504803343
-1.420707434983621
-1.2666849301791738
-1.0925841447775784
-0.9299611341258931
-0.34517837174623495
0.4906789873025894
0.9399735835954852
0.7161598634733678
0.043939854054797306
-0.05245853196368415
-0.20267586109663668
-0.1443752000873322
-0.7805162243980589
-1.203560433858603
0.7744023497373289
0.9002789726606539
1.419611154257268
0.5790840641351671
0.1958143222922985
-0.3743762054977495
0.029826389795869934
-0.9969650734291051
-1.0076702528537198
-1.2259598418503936
-0.9027679263568797
-0.9192994186084263
0.32750494718611517
0.07976233204952174
-0.40440294279907646
-0.9260651198087496
-0.45886801116279313
-0.8776978665926956
-0.661243547478277
-0.7414227636862932
-0.7265601653248115
-0.5830354901710656
-0.7535740801953651
-0.5299665422890532
0.9309108790253124
1.501052684379893
-0.8736567742997878
1.0163227651636064
-0.4097829262753336
-0.477321472801258
-0.38876209018272
-0.7901620873076095
-1.0338686799474421
-1.115950661831039
-1.0398742974703146
-1.1183846923924812
-0.865711508744431
-0.6901787914862442
0.9598173909653123
1.8670731788022008
1.4815306825571068
-0.07778843227326415
-0.5848064724664919
-1.0499669326105079
-1.1268430142739745
-1.0757025481830778
-0.8649904031756706
-0.8875292608320674
0.6034629849282173
-0.6992685209025105
-0.6208529894414225
-0.9716888190943873
-0.6863504015198589
0.030481363627625647
0.5454137862219541
1.201977618292443
1.2156546427453128
0.9507717517718913
-0.6555289502707206
1.032915913377571
-0.36709049583018355
-0.42879865634815395
0.755321198968549
2.347673641056032
1.7606316494743386
0.6668116076422981
-1.1206770769911703
-1.2296289263858724
-1.1524771220955468
-1.330465459181667
1.3928033072558161
-1.1554940970806322
-0.7843088731570995
-0.7839804138378043
0.0027438609457622076
-0.02498586119725137
-0.5659799830941818
1.4016697855520093
2.2160780999267606
1.8714104918369583
-0.3320936518271115
1.1148068734580072
-0.7975515195774971
-0.1365634087166741
0.37924300155210355
-0.08631398794003807
-0.48533272906843483
-0.054909420028845565
-0.16571910062391815
-0.196519438432781
-0.6443169963919849
-0.48859851140306176
4.4735590133976135
-0.5183652090445374
1.5851143714777443
1.776297153726788
1.0256735755761401
-0.8654392987499383
0.9038298236652804
1.0128867453642676
1.1190353399679092
-0.4847553494925237
0.19932843413812865
4.385651382480202
-0.10566951632636011
-0.2528448586235797
-0.4722162548121974
-0.3449553307910035
0.3538188383016023
0.7574187674308599
0.890514756990767
-0.09249963230503051
-1.0343480026204894
-1.0008532720469157
4.418488618545297
-0.9124094648819424
-0.5502540613640743
-0.5034097151714484
-0.1281557188948117
0.007729057012730399
0.03390350689136517
-0.6080787813698474
-0.06995340064165617
-0.7611593282526079
-0.5371333286440373
0.10997146836452557
1.0933855784042144
-0.7019545166717676
-0.48837100840958403
-0.9460037246584692
-0.9303360011905174
-0.5385321428871632
0.8969735959843709
1.1520145895581348
0.8544837863083293
-0.37126342694473
-1.1195935714867493
0.6880897997096588
-1.1641978534196264
-0.8856617055513196
-0.8878615912881286
-0.7523787118627103
-0.731269201250814
-0.5253504717667327
0.6600779639097057
0.42923294373930493
0.07464754613666671
0.17583588880672107
1.4609190100477047
0.14472630694583807
-0.5783057796676686
1.2259662490894097
1.4201852270263466
2.0696254453505314
0.03334908968579341
0.7232712786450647
0.1806432621699506
0.7968731479074258
-0.1278415273307032
1.3713090920293634
-0.3781569103389659
-0.411633535561231
-0.41576962556875907
-0.8074304524708197
-1.279245618716086
-1.163880174873859
0.1587975647884461
0.7098819021816164
1.1094628354940308
0.34405466150381275
0.848912163660843
-0.46603230627201436
-0.8599704038293677
-0.6843757565701847
-0.5891313597077624
-0.806923388238983
-0.8243009142793646
-0.9110803422803753
-0.9197219532728462
-0.9800035643526157
-0.6748928871708351
1.0367677211413753
-0.4847106185409908
-0.34216936827509736
2.32249135488175
2.703740590992349
2.0855475627680615
0.36136769373802285
-0.1596577501085486
-0.5679585529955157
-1.0914099343756865
-0.7964548627583632
0.19144753818862012
-0.7296962491560756
-0.6923411673174461
-0.9239804096624942
-0.3330254173327028
-0.12917077479852718
0.0696188376812869
0.16791040059879572
-0.004233984077072668
0.06642689193756139
0.6038597517147354
0.09143523908246598
0.8874754090597579
0.3456719483834102
-0.014884301951650851
0.9202829987773596
0.6580910904582264
0.04342449447358312
-0.7164840131061021
-0.830303915574166
-1.030166545559562
-0.44299224406687776
-0.49817344891826165
-0.22217481464081856
0.6826906122073132
0.14733720153766405
-0.17163339565949062
0.33663641094661156
0.8144643882997532
0.7885183227991449
-0.5128125144825467
-0.3464678457917682
-0.4596614617356707
-0.6103451492204739
-0.22339943031335013
-0.9100003536122998
-0.8995755096501907
-0.7820927353391192
-0.10633341351651932
-0.36093784737041246
0.3808146088866153
-0.12083626805097542
0.4405357326990371
-0.20910385037192988
0.01376107840968802
1.7322379365103018
0.3769732904295698
-0.23357092226747428
0.09526718825114813
0.08117348553536059
0.08913573549634793
-0.9840921704230047
-0.5815859845865998
-0.47233222672316
-0.29537860467635096
-0.7171077196254937
2.630822489244996
-0.5058673742180044
0.32903778994182364
0.6469494543683503
0.7769549549671932
0.2447934399337091
0.19045048203283402
0.4586877977319911
0.1257953517912169
-0.6349988909073329
-0.7942604013310932
2.0774859213622983
-0.7700297361671316
-0.768202035571656
-0.683126013660736
-0.6941824817179089
0.17378664358297735
0.2870245287324598
-0.43495706936871636
-0.3896505178172613
-0.7731249326312244
2.0312509073709646
-0.06755510110303742
1.8560216992891374
2.0066014347139904
-0.2571897992739622
0.6365746987486002
0.26224076289947046
0.012561776663956595
-0.9402441237560979
-0.8133769791565415
-0.04538296084237641
-0.3640463536248556
-0.7723743923614557
-0.047987044993153226
-0.7226921130708395
-0.5544211887634161
1.265141723625535
2.8621438325819035
2.3087506421021655
-0.9206169462197764
-1.0139789872764458
-1.2053290349283317
-1.3977590114234362
-1.284383180881975
-0.5936877724298701
-0.8691025976056553
-0.8712260052008357
-0.7817775269623491
-0.508459033909129
0.4649278899074462
2.175842530860407
2.49577056655569
1.8744914854824342
1.7385796880778983
-0.3681799005605271
-0.8715419711056075
2.1098172608036507
1.6407358733628472
1.7442677319374618
-0.5216386684031353
-0.5202579201558534
0.23229877896511517
-0.09352407315974791
-0.00956940469025442
-0.30720269819839424
-0.43930102275233024
0.31478174585508106
-0.055381505915222624
1.2480684738792573
2.089723022494078
0.41363366375524646
-0.7271722919531415
-1.3600991139033405
-1.1072528417106564
-0.8635443133028722
-0.9671490313862664
-1.0193929933401962
2.2200827384274744
0.559824086963622
2.628721845846821
3.870078229449671
2.528109304301778
0.21207581909625464
0.26978349289741327
0.715033149561662
-0.33406873660029474
-0.6507443750672346
-0.38641211223550676
