5460
0.0931157
-0.179296
0.8523
0.272745
0.954749
1.77616
0.593163
-0.10553
0.954961
-0.221827
0.642236
-0.217491
0.0334592
0.0561981
0.847728
1.59159
0.454513
-0.102787
-0.0381445
-0.0370358
-0.0179932
1.06008
1.58225
-0.456102
0.564509
4.12607
0.535916
1.00008
0.64572
0.0559448
1.86843
2.25626
0.703212
-0.0744929
1.83299
0.0104058
0.48133
1.39045
2.07899
3.33919
1.53253
2.10625
0.7646
0.227248
1.96329
-0.227312
0.166055
1.30615
0.103738
1.17403
0.799236
1.82334
0.40833
-0.00995533
1.08349
1.68061
0.0752486
1.29312
3.41194
0.719611
0.731114
1.69315
0.298474
0.300613
1.09222
1.33957
0.286003
1.362
3.38079
0.191898
1.01018
1.94184
0.632952
0.34242
1.04415
1.28052
0.409499
1.71944
3.4512
-0.22989
-0.129652
0.636487
0.131287
-0.0254389
0.436317
0.0971992
0.422199
2.1448
1.26306
-0.208129
-0.269258
1.1373
2.13014
0.0878112
0.597319
1.13064
1.68829
2.95414
0.268798
0.777143
-0.463564
1.16445
2.10519
-0.131293
0.283009
1.16153
1.50935
2.73307
0.451276
0.914463
-0.335168
1.90509
2.33093
0.397515
0.337612
1.27998
1.85852
1.78135
0.395261
0.925716
-0.42299
1.20361
0.649226
-0.24242
-0.0954814
0.142044
0.798609
1.37335
-0.00465944
0.638391
-0.141187
1.34637
0.665534
-0.50838
0.707524
4.18669
0.433749
0.892959
0.725621
0.294592
-0.255306
1.52994
0.273225
0.132649
0.176552
0.225834
0.25001
0.6657
-0.410481
0.0266847
0.208687
1.14022
-0.228488
2.67259
0.913854
0.477112
1.56602
0.327502
0.155464
0.877814
0.621683
1.18247
0.429547
2.4902
0.689328
0.423776
1.49519
0.978221
0.187805
1.28512
0.935909
0.452477
1.03823
2.61299
1.65627
0.457261
2.40224
2.01154
0.656852
2.1478
0.597457
-0.306171
1.01131
0.458786
1.2304
-0.450248
1.76306
1.65245
0.18403
1.89492
0.746687
-0.430447
3.17795
-0.259549
1.78963
0.125252
2.93668
1.38844
0.385431
1.56125
0.386282
-0.159915
2.77127
0.003942
0.559204
0.0845416
2.13282
-0.438344
-0.127403
-0.575541
0.159196
-0.376226
3.11822
0.0874191
0.646433
1.53435
2.24191
-0.0152348
0.895229
-0.521552
0.154692
0.245192
0.422133
0.0599531
-0.103249
1.06233
-0.287571
0.0901871
0.893115
1.27359
0.204649
0.140779
0.681655
-0.183683
-0.378357
1.19148
-0.212332
0.247365
0.85993
1.09427
-0.235138
0.850276
0.260816
0.196791
-0.338981
0.954843
0.28459
0.918491
0.00579472
2.02112
0.410288
1.15281
-0.144896
0.182814
-0.421971
-0.12317
-0.142362
-0.29506
-0.122939
1.07985
-0.240212
1.19867
-0.0111375
0.0309131
1.26225
-0.261191
0.431763
-0.46004
0.73719
-0.526055
0.0580301
1.19983
0.439115
0.171109
1.45712
-0.120553
0.0136977
1.14714
1.10562
0.0878009
-0.0999512
0.112604
1.17933
3.87349
1.57064
-0.513964
0.213314
1.01898
1.57121
0.0301074
0.352792
0.732631
1.3815
3.83213
-0.147221
-0.17144
-0.176492
1.32006
0.143842
1.32427
-0.00605688
1.66501
0.909617
4.02098
-0.359469
-0.252864
-0.234481
0.121938
-0.317673
0.842702
0.238247
1.73923
0.34769
0.619507
-0.215366
-0.261773
0.0473727
0.0381244
-0.440314
0.927726
-0.46108
1.38394
-0.0154683
-0.0486209
1.55051
-0.585855
0.112768
-0.281771
0.502743
-0.0491351
1.03781
0.87571
-0.176658
-0.273765
1.37821
-0.313559
0.0188785
0.797898
2.49333
-0.0311664
0.955674
0.95169
-0.376422
0.811587
1.5739
-0.532335
0.92766
1.06532
2.34081
-0.0683601
-0.173051
0.665649
-0.0601066
0.349426
0.984605
-0.0140929
-0.301184
0.564658
-0.362108
1.96429
1.05359
0.681731
-0.506585
0.846403
-0.409314
-0.300992
0.694098
1.6454
1.88256
0.046443
0.880378
0.426552
0.219336
0.973159
1.25348
0.296196
1.51714
1.20227
0.245172
-0.573975
0.747854
0.367954
0.0445453
-0.295723
1.2592
0.263935
0.927459
1.36526
-0.334896
-0.561258
1.54609
0.458382
0.254805
-0.0667371
2.52789
0.792682
1.41212
0.556266
-0.252823
-0.218937
0.676559
0.897388
0.102677
-0.0625375
1.61811
-0.026375
-0.58241
0.439521
1.32577
-0.239722
0.917964
1.24995
0.0274669
0.303166
1.74499
0.164935
-0.110464
0.0328373
1.22938
-0.216202
-0.133501
1.0845
0.333355
-0.226676
-0.0758772
-0.116044
0.482909
0.212335
1.37175
0.0412936
2.37398
1.57793
0.205448
-0.12344
-0.132365
4.77832
0.471708
-0.179316
0.139612
0.281799
2.25524
0.911231
0.537444
-0.382668
0.36036
4.75244
0.725327
-0.406485
-0.159091
0.653249
2.3683
1.11299
0.512424
-0.34192
0.407589
4.84497
0.591462
-0.213063
-0.130433
0.195275
0.136951
1.57798
1.97646
1.01435
0.882493
-0.202805
-0.30652
0.661601
0.354503
2.15104
-0.129698
0.684591
0.0810691
-0.335716
0.225495
1.03443
0.817703
-0.292534
-0.44778
0.199239
-0.51689
0.586627
-0.582834
-0.268682
-0.0988208
0.723999
0.791325
0.572518
-0.478859
-0.297706
-0.37481
0.307596
-0.310731
-0.306537
-0.1296
0.598046
0.384888
0.554234
-0.0305926
0.924858
-0.218266
0.773221
-0.0660684
-0.0739759
-0.0520778
0.670555
0.674301
1.3967
0.0731107
1.13348
0.125541
0.412807
0.219997
0.882496
-0.104903
-0.314665
0.540489
0.967547
0.461485
0.862424
-0.0243655
2.00772
0.623375
1.5685
-0.439965
-0.212283
0.557262
1.14148
-0.190526
0.850945
-0.302817
1.66108
0.434744
1.34678
-0.232762
-0.266618
0.062272
0.320592
-0.0438485
0.624869
1.8344
1.62019
0.616685
0.430201
-0.358477
-0.242113
1.35966
1.11422
-0.37303
0.498019
1.57988
0.67628
-0.152728
0.624853
-0.380418
-0.405648
1.38479
0.865123
0.12143
3.38164
2.02866
-0.177244
-0.188775
0.378028
-0.183058
-0.503604
3.07017
1.47745
0.122008
3.39755
0.0372315
1.39897
1.88511
1.09018
0.990785
-0.0113584
2.24712
0.555258
0.327286
-0.0766234
0.447873
2.33175
0.122831
0.930859
-0.376812
-0.415107
2.5019
0.689332
0.467438
3.46209
0.337995
2.77523
-0.103849
0.569436
-0.437053
-0.454516
2.69161
0.779605
-0.280617
0.939813
-0.217281
2.69427
0.0803113
0.933613
-0.325838
-0.235356
1.56543
0.0275245
-0.185002
2.66731
-0.33039
0.131872
1.20997
1.01143
-0.562369
0.247086
1.52072
-0.299449
-0.1533
2.53831
-0.372084
-0.0456589
1.63221
0.537273
-0.0720463
0.991439
2.36734
-0.028234
0.42773
3.01736
-0.370374
-0.0388309
1.75208
-0.201228
-0.392429
0.620644
1.13838
0.0922335
0.518427
0.894793
0.129484
0.136995
0.176203
-0.360661
-0.138825
0.277708
1.75366
1.459
0.668998
1.67918
0.373932
0.289204
0.0719204
-0.430527
0.1216
-0.271934
1.60529
1.12965
1.82807
1.0235
0.467501
0.453791
0.195559
-0.196605
0.293255
0.768543
1.60668
1.46376
1.70527
1.62993
-0.100699
0.910423
0.394227
-0.362738
0.462093
0.828637
0.995827
-0.220828
1.28011
-0.144072
0.0681183
1.81558
1.9777
1.02857
0.171221
0.0820187
2.11469
0.519103
0.961869
-0.278308
-0.197183
0.502185
0.321715
-0.316725
0.0946989
0.743125
-0.455527
-0.13025
-0.10689
2.05946
-0.328606
0.46772
0.11146
-0.371581
-0.23371
-0.122171
-0.460957
-0.483914
-0.419369
3.79564
-0.291406
-0.528288
-0.203133
-0.270752
0.0684041
-0.505479
0.351185
1.40897
-0.306038
3.72626
1.06636
-0.11132
0.0306536
-0.419343
-0.147315
-0.543042
0.518363
1.11645
-0.286653
3.28125
1.84785
0.740138
1.39131
3.39346
2.28628
1.43624
1.43861
3.1792
3.90319
0.731171
1.83476
1.00049
1.29377
3.33956
1.98461
1.35219
0.9466
2.57944
3.91094
0.358688
0.557835
0.713454
1.94552
3.50733
2.05646
1.28932
1.01375
2.8631
4.10892
0.504384
-0.0535477
-0.0599882
0.956878
1.34766
0.32922
0.340811
0.723865
0.733502
0.76093
0.153763
-0.301674
-0.280648
0.738327
0.84219
0.577174
1.79492
1.06963
-0.139344
0.088195
0.260332
-0.0884202
0.182604
-0.356849
-0.147043
0.719959
1.67633
1.06251
0.0208259
-0.351373
0.35967
-0.448605
-0.147239
0.160142
0.87724
-0.0118434
-0.197911
2.56343
0.786185
0.390019
0.251272
-0.436656
0.232316
-0.424798
-0.246886
0.855187
1.83949
0.848619
0.216328
-0.212491
0.478463
0.0121142
0.14897
-0.256149
-0.349451
-0.0714782
0.131443
0.281677
0.532129
-0.0642025
0.569698
0.881776
-0.199683
0.124271
-0.358315
-0.411542
-0.352525
0.326485
1.82747
-0.00448841
0.543377
0.922132
0.37687
0.176732
-0.350009
-0.216976
-0.136171
-0.426793
1.81708
0.189499
0.787009
0.506242
0.266538
1.01266
-0.215171
0.47313
0.30169
-0.35934
1.32514
-0.222163
-0.317561
-0.191584
0.434285
0.914991
-0.0300038
0.616905
0.186313
0.0624255
0.0829354
-0.215704
-0.444315
0.0819217
-0.100577
1.12711
0.726291
0.831521
0.489668
0.208122
0.393277
-0.211318
0.347855
0.230685
-0.0186269
0.374591
0.500468
-0.462522
0.0368612
0.682693
0.223975
-0.357301
0.450488
0.376209
-0.481824
0.40965
1.92264
-0.287474
0.462572
0.907019
0.0989113
-0.416573
0.463758
-0.182856
-0.461461
0.45761
1.78448
-0.345769
1.22226
0.815888
-0.189103
-0.136255
-0.150692
-0.229138
0.858894
0.22783
0.403003
-0.0811823
1.33535
0.711747
-0.319121
0.61597
0.321046
-0.304733
-0.424561
1.40045
1.73309
-0.148466
1.34551
0.768768
-0.166513
0.20231
-0.38053
-0.360246
0.495381
1.28059
0.569562
-0.0107888
0.888947
0.418236
0.0694295
0.326674
-0.275768
0.750815
0.516239
1.45524
0.544568
0.999036
0.917948
0.0781205
0.379072
0.21011
-0.38159
0.74612
2.86614
-0.243862
1.68875
1.04733
0.855961
0.449172
0.504812
0.57103
-0.183735
0.868045
2.43409
-0.0203816
1.29047
0.808825
1.13087
2.84289
0.340857
0.465472
-0.542152
0.039893
2.94251
-0.242138
1.41644
-0.173829
-0.000301426
2.71482
0.0948102
0.489559
-0.325844
-0.320238
0.907172
-0.0163576
0.121273
-0.550685
0.00779194
3.21765
0.149018
-0.192236
-0.494329
-0.335308
0.863786
0.0141236
-0.16033
0.303101
-0.23712
0.889371
-0.0894735
0.870765
-0.468514
-0.411769
1.63963
0.173543
-0.158724
0.288539
1.08191
0.901524
1.70049
0.823382
0.550987
-0.341942
1.8042
0.704655
-0.415932
0.854079
1.16424
0.139015
1.22175
2.30471
3.16655
-0.309635
1.05899
0.310528
0.158037
-0.25699
1.34388
0.901202
-0.085868
0.896337
0.701217
-0.406645
1.75292
0.338932
0.118598
0.264826
1.15515
0.294307
1.87766
1.5124
3.0057
1.44519
-0.300208
0.812859
0.0710388
0.302985
-0.161668
0.616348
0.540026
1.66832
2.86784
1.09228
0.125927
0.363718
0.104238
-0.366911
-0.330431
0.945085
0.680189
1.22553
0.736438
1.34751
0.0729189
0.600966
-0.480286
0.841564
0.10792
0.607655
0.853275
0.960309
0.131007
0.355497
0.309625
-0.0877695
-0.488866
1.01417
0.00434982
0.451592
0.95558
1.1145
-0.113571
0.0397217
3.50632
-0.311147
-0.399091
0.787606
0.212105
1.62171
1.14766
0.356833
-0.304346
0.0876235
3.76696
-0.461456
-0.353256
-0.0640739
0.637976
1.61784
0.427653
2.10486
-0.295995
0.365959
3.84762
-0.469444
-0.199204
-0.419984
0.643775
1.68641
0.052208
2.06665
0.45517
0.41357
1.93142
-0.236863
0.0479261
-0.287771
1.70128
0.514216
0.104372
1.50506
0.326655
0.206075
1.20924
-0.286544
0.175648
-0.530308
1.03069
0.495673
0.134699
0.238484
0.41539
0.10119
-0.268481
0.371587
0.147755
0.885421
1.60047
0.48555
0.28493
0.0467153
-0.00702335
0.23428
0.774078
1.06784
0.113441
-0.396102
1.44991
0.356992
2.13173
1.20198
0.216474
-0.0952674
1.00758
0.126298
0.0438689
-0.373412
1.71504
0.87955
0.378996
-0.00951364
-0.345179
-0.449671
0.745452
0.33804
-0.270528
-0.568879
0.556762
-0.0504982
0.0159727
0.152838
-0.040683
-0.0461384
0.310351
0.497378
-0.335885
0.877542
2.48254
1.53781
0.333461
1.30191
0.747006
0.18148
0.573175
0.134474
-0.282314
1.12662
2.35809
1.21427
0.229953
1.04383
0.809292
0.133923
0.382357
-0.230454
-0.106577
1.16675
2.57321
1.93296
1.12725
1.09339
0.597428
0.158354
0.187223
-0.495468
0.018121
-0.154496
1.37033
0.612438
0.894527
-0.296757
-0.120949
-0.391824
0.641747
0.388072
-0.114642
-0.19107
0.946384
0.950133
2.78914
0.619778
-0.221899
0.0768524
0.522213
0.840824
0.498884
0.0865146
1.37874
0.150429
2.33182
0.701479
0.129642
-0.0374202
0.614767
1.22376
0.422294
-0.013169
0.121374
0.195852
2.44965
0.717676
0.0243302
0.0416518
-0.0341283
0.604467
0.399899
0.186229
0.262301
1.67196
-0.510267
0.0429225
-0.194731
0.564092
0.350539
0.761216
-0.30479
0.81368
-0.0960591
0.445142
2.02275
1.58282
0.181746
0.243971
1.24047
0.353016
-0.44767
0.032422
-0.389369
1.68016
-0.521441
-0.402565
-0.0695128
0.658389
1.42896
-0.286841
-0.0180098
-0.0350987
-0.334896
2.76893
-0.501576
0.779812
-0.174438
0.886121
1.39936
-0.195634
-0.0728685
0.214606
-0.127972
1.84319
-0.420018
0.874983
-0.185803
1.02616
1.36771
0.544265
1.31281
1.02943
-0.0332411
1.95523
0.743446
1.30108
0.761975
2.04965
1.8183
3.53169
2.30034
2.55754
1.52382
3.50855
2.19879
3.36732
2.23428
1.79225
1.57658
3.452
3.1994
2.40932
1.29523
3.4654
2.6697
3.42825
2.38362
1.94656
2.18289
3.54774
3.15225
2.44067
1.49178
3.59277
2.75973
3.44342
2.62724
0.289409
1.11623
2.16944
0.8684
2.9625
3.06938
0.112373
2.61071
2.68502
1.58271
0.252031
1.23715
2.17793
-0.409155
2.8358
2.98364
0.569618
2.23837
2.56072
1.49822
0.588167
0.202864
2.19651
0.0238483
3.16194
3.08971
0.620333
2.35594
2.8412
1.26745
0.521849
0.155484
0.812108
-0.395409
0.908619
-0.175385
1.74802
2.05329
1.51319
-0.280596
-0.354975
-0.127485
0.381225
0.056742
-0.0550281
-0.0456528
0.672306
0.0392462
0.176311
-0.0295118
-0.123207
0.00978855
0.814322
0.197647
0.0359861
-0.408909
0.29748
0.165418
1.35813
0.180203
-0.458659
0.112271
0.898845
-0.404571
-0.234787
-0.513777
0.17632
0.366264
1.18274
0.108317
-0.0948435
0.352342
0.87745
-0.512414
0.129695
-0.271645
0.357424
0.541984
3.34607
0.31825
-0.359243
-0.123989
0.163949
-0.483513
0.326359
2.25969
0.172508
-0.156863
2.78448
2.54139
-0.224979
0.650993
0.147168
0.413642
0.349377
2.14934
0.358301
-0.0706897
2.99629
4.17108
-0.119565
1.34849
-0.181869
0.850434
1.1103
2.09466
2.0768
-0.237023
0.860869
3.97197
0.74658
2.04654
0.495757
0.92141
0.734032
1.43993
1.87722
0.386395
2.22719
3.14428
1.31839
1.89056
1.58679
0.385757
1.69187
1.32514
2.52887
1.71391
2.17297
0.742261
1.11906
1.93457
1.69924
0.103288
1.0895
1.24087
1.13073
1.54594
2.23132
0.754669
-0.173445
0.332109
-0.036351
-0.256705
0.869397
-0.443502
1.76571
0.132879
1.16088
0.52251
0.543593
1.10893
1.20803
0.201014
1.03702
0.433419
1.20968
1.43736
0.80839
0.930838
0.575986
0.868255
0.404411
-0.0613574
0.0250363
0.244218
0.755344
0.582288
1.77324
0.447364
0.274149
1.19211
-0.0864597
-0.00591012
0.279617
-0.216481
0.0161955
-0.207405
1.47635
-0.213578
0.864043
0.892785
-0.0151255
0.0779245
0.446792
0.0511781
0.124726
-0.31737
1.8069
-0.311893
0.689435
1.10357
-0.307936
0.0112835
0.800546
-0.324186
-0.242781
-0.220819
0.57881
-0.356504
0.599436
0.0350029
-0.374893
-0.0667028
0.651492
0.191047
0.999255
-0.418866
0.859482
-0.468119
-0.0665813
-0.443279
-0.306223
0.241943
0.54673
-0.186424
1.15787
-0.388911
0.5634
-0.384096
0.342471
-0.043055
-0.0140701
0.0835036
0.62123
0.0440753
1.52121
0.527682
0.0721587
-0.181408
0.357332
0.850556
-0.165739
1.28157
0.357134
0.65538
0.717472
0.654989
0.37991
0.566654
0.568926
1.58462
0.379362
1.37247
0.229892
1.85661
1.3699
1.05659
0.462627
0.541859
-0.295201
0.387026
1.04412
-0.287291
-0.115097
-0.380995
1.3788
0.175697
0.482151
0.586597
0.384474
1.68939
0.317948
1.45545
1.05233
2.18306
0.622733
-0.139413
0.519116
0.282811
-0.382032
1.27352
0.196502
1.76361
0.982546
1.51076
1.08223
0.142244
-0.409028
-0.364666
0.346561
0.49112
1.63065
1.38171
0.446275
0.89316
-0.0601698
-0.298045
-0.508044
-0.285043
0.568834
0.314839
1.52122
1.53927
0.161408
0.788891
0.636756
-0.290573
-0.434394
-0.394058
0.726506
0.532793
1.47245
0.0882043
0.255838
-0.288575
0.6143
0.873169
0.825449
-0.160064
-0.397688
0.145077
-0.328563
-0.164943
0.186269
-0.264948
0.349485
0.76626
0.996768
-0.377022
-0.338289
0.0795645
-0.37608
-0.0486423
0.316437
-0.502687
-0.158294
1.67553
1.08771
0.62679
-0.399077
1.34734
-0.0544499
-0.483262
-0.346358
-0.351858
1.24402
1.77489
0.781182
0.532909
-0.0396595
1.27972
0.0773237
-0.479677
-0.414913
-0.286434
1.43175
1.79925
0.859984
0.754902
-0.154031
1.37275
-0.0738532
-0.14075
-0.215682
0.813044
1.43669
0.673158
0.985164
0.0217538
-0.27501
0.564206
0.846433
-0.341092
-0.208485
-0.0579894
0.301642
0.257633
-0.262072
0.461164
0.0242451
2.02602
-0.019742
0.151596
1.44668
0.699303
0.190498
-0.126765
-0.0955685
0.107156
-0.0960572
2.16062
0.362743
-0.00363769
3.14369
0.854048
-0.132461
0.297266
0.0735322
0.27984
-0.276349
2.17591
1.18498
0.116781
2.91575
0.0120496
0.10604
0.504147
0.179942
-0.0509075
-0.0276153
0.984708
0.983896
0.244148
2.2822
-0.31934
-0.370293
0.39112
0.0483861
0.311164
-0.295665
-0.173803
0.809034
0.330989
0.288971
-0.130623
-0.315392
0.464979
-0.0906707
0.330695
0.0315453
1.51976
0.0680031
0.725405
-0.472562
-0.354485
-0.0439917
0.281946
-0.251348
0.301554
-0.204668
1.51132
0.0236398
0.666213
-0.433908
-0.108292
1.632
0.4626
0.0958221
0.235088
-0.165696
1.6322
3.30179
0.702628
-0.239197
-0.308973
1.7075
0.252267
-0.363835
0.205569
1.25905
0.240899
3.3001
0.344823
-0.087435
2.2112
1.96667
0.523569
0.247841
0.179607
1.19634
1.73794
3.38216
0.0101598
0.118885
2.14056
-0.314792
0.487531
0.287463
0.226559
-0.355218
0.287572
1.43302
1.35717
1.17149
0.533335
0.182116
0.842061
-0.150725
-0.34531
1.49909
1.64382
0.300198
0.238935
-0.12809
2.28676
-0.262354
0.00144165
0.428813
-0.06727
0.566852
1.49904
-0.0647283
0.122807
0.173582
2.6645
-0.354837
-0.148538
0.0908483
0.0445616
-0.106938
0.566779
-0.371821
-0.153429
0.249894
2.81249
-0.238629
-0.359434
0.188102
-0.0201841
-0.429586
0.421636
0.243777
-0.235607
1.55076
2.77752
0.721485
-0.366996
0.868955
1.13182
0.0540126
0.116773
0.129895
-0.38532
1.20809
0.721843
2.37951
0.0267024
1.46087
0.829688
0.843716
-0.254441
0.294673
-0.304823
1.20129
0.322195
2.3438
-0.02077
1.59283
1.26421
0.829066
0.549575
1.32129
0.0669454
0.04875
0.0990126
1.77877
1.35748
0.264404
0.0109742
0.752789
0.573726
1.22605
-0.156616
0.20469
-0.306855
0.394364
1.03323
-0.0824526
0.838972
-0.00495848
0.938659
1.28858
-0.019017
-0.145745
-0.113211
-0.365436
1.06815
-0.120384
0.456973
0.0616303
0.437535
0.293653
-0.210812
0.0861498
-0.304104
-0.195499
1.41631
-0.102492
0.992731
-0.500327
2.21733
0.735594
1.19054
1.19775
0.265858
0.700007
0.889344
0.0102517
-0.301034
1.99647
0.253837
0.209554
-0.287413
-0.186024
1.68237
0.111151
2.93026
0.303291
0.232987
2.24196
0.112317
0.501585
-0.326379
0.264943
1.60176
0.195354
2.90904
1.48949
0.636633
2.2568
1.88667
-0.429273
-0.242998
-0.363413
1.69626
0.00410901
1.91263
1.5028
-0.0357136
0.751018
1.76293
-0.413578
1.38693
0.0715551
0.31861
-0.207178
0.311954
1.25611
0.227265
0.642964
1.92966
-0.527174
1.26112
-0.261494
-0.250076
-0.246449
0.100852
0.102273
-0.239695
0.850432
0.478595
-0.44218
1.69581
0.284111
-0.257363
-0.359225
-0.030152
0.21819
-0.226324
0.478196
1.73754
-0.32709
-0.292924
0.282974
-0.187257
-0.190961
-0.122939
-0.401378
-0.478805
0.0491499
1.96647
-0.477573
-0.149499
-0.178934
-0.176027
-0.0558665
0.821915
-0.384944
-0.52614
1.44102
1.82936
0.994125
1.71912
1.65326
0.581326
2.46521
1.8472
1.8312
2.04177
1.3256
-0.0934806
0.889238
1.48786
1.29718
0.523995
2.48719
2.03709
1.61423
2.0119
-0.45541
1.85215
0.967713
1.19763
1.35732
0.0363066
0.451556
0.907447
-0.0401488
-0.231487
1.68885
0.0635574
1.03429
1.61557
1.60244
0.643564
2.47844
1.03589
1.76675
2.10681
0.37827
0.000749323
-0.218723
-0.392605
0.0799314
0.083449
-0.288831
0.282662
0.0493554
0.0404422
0.168562
1.0764
0.683186
-0.530924
0.0751542
-0.372298
-0.273706
0.232275
0.119699
0.00316257
-0.37539
1.16626
0.707885
-0.0594368
-0.349464
0.577774
-0.121401
0.0879557
2.12811
0.200888
-0.163997
1.2782
0.827879
0.468543
-0.273012
0.808122
1.16679
0.675027
2.07474
-0.151423
-0.40091
0.190568
-0.228168
0.512732
0.0713908
1.08995
1.84666
0.366005
2.18228
2.48853
-0.468406
0.0684744
-0.452317
0.475988
-0.265722
0.371273
1.84759
0.506199
-0.0815989
3.83972
-0.275789
0.0198589
1.96862
-0.128537
1.34409
0.237159
0.715844
0.0272507
-0.17527
3.62623
0.359161
0.467452
1.70699
-0.464479
0.988902
-0.0575552
-0.447597
-0.264044
0.10197
2.47783
2.46537
0.675517
2.19383
2.57337
3.60416
0.341954
3.46892
0.904092
1.08264
1.48349
-0.496238
1.98455
0.496281
-0.349837
0.654585
-0.497314
0.675271
0.585409
-0.173646
-0.370582
2.19383
0.778094
0.930422
2.46582
3.3359
0.2964
3.42108
0.796354
1.36902
0.625356
2.06206
0.414795
1.01238
2.65884
3.39756
0.309973
3.5007
1.13482
1.42407
0.714738
1.18545
0.0467738
0.652084
0.217729
1.19983
-0.422487
0.77515
0.592049
1.05065
-0.329942
0.393725
-0.107374
-0.337248
-0.449886
1.14252
0.353233
-0.45548
0.408398
-0.0281
1.71915
0.328336
-0.0577538
-0.452835
-0.0666471
0.935199
0.348163
0.345288
-0.12955
0.334504
1.7405
0.518176
0.333537
-0.326675
-0.0726309
1.05722
0.309871
0.350943
-0.580512
0.258617
1.95528
-0.544994
0.62042
-0.374647
-0.064003
-0.2726
-0.307074
0.416077
-0.474589
0.267912
0.753914
1.03657
0.496618
-0.105068
-0.123701
0.384354
-0.30365
-0.446663
0.174469
0.102926
-0.0506329
1.09296
0.213764
0.744858
0.182292
0.56278
0.531887
0.634183
0.0866548
0.0466542
-0.372536
1.10521
0.0611484
0.831074
0.39885
0.476375
0.345976
0.668465
0.312632
-0.0835096
0.0764835
0.622112
-0.0465195
0.593795
0.317178
0.0523934
0.181561
3.96176
0.0667376
-0.247036
0.0575165
0.202045
0.697039
0.00328867
-0.383501
0.45791
-0.557147
-0.029885
0.519671
-0.257084
0.238683
0.12883
0.0346399
1.21607
0.507224
0.117376
0.236018
0.681739
-0.242242
0.307393
0.137563
0.0465069
-0.209903
-0.262823
0.167884
0.00323823
-0.232266
0.236768
-0.370739
0.302669
0.770896
0.160687
-0.173758
-0.176625
1.24207
0.742886
-0.350898
0.104304
-0.316986
0.380356
0.853232
-0.295067
0.173253
-0.352831
1.19913
0.0627287
0.0636157
0.21492
-0.325066
-0.351586
0.727941
1.23896
-0.0808359
-0.187213
1.18178
0.175757
-0.402571
0.639796
-0.294877
0.0213595
0.0725476
0.904874
0.487936
-0.207549
-0.237986
-0.316061
0.568087
0.686337
-0.236768
-0.0207791
-0.112618
1.35231
0.352222
0.289586
2.09096
-0.478359
0.359212
0.91539
0.0739687
1.15159
-0.0239168
-0.158561
0.726096
-0.107735
3.02334
-0.145419
0.44081
-0.101545
0.164156
0.806721
0.596814
0.151986
0.387537
1.5623
2.84764
-0.0313655
0.625692
-0.0175101
0.235987
1.23184
0.70313
0.0798752
0.551628
1.16637
1.14455
0.081228
0.615909
-0.144166
0.342806
-0.115757
0.844282
0.396439
0.052545
-0.151484
-0.349622
-0.206113
-0.131761
0.0169561
0.393252
-0.417206
0.207791
0.25195
1.96264
1.46434
0.65174
0.512416
0.89587
-0.424742
0.731393
0.0644712
0.151697
-0.260386
1.83021
-0.138283
-0.203935
1.11416
0.0052361
1.1877
0.512139
-0.305846
-0.00200079
-0.320956
2.12794
0.439582
-0.347385
1.14267
0.259058
1.03136
-0.133217
-0.2968
0.463096
-0.326329
0.196617
0.36592
-0.173441
1.87258
1.92369
1.09168
-0.416768
-0.345282
0.248222
-0.26463
0.000800264
0.490928
0.108671
1.31537
1.62392
-0.240108
-0.456241
1.74516
0.231218
-0.189726
0.252064
0.42815
0.390992
1.84499
1.5227
-0.364158
-0.30528
1.72714
-0.139868
-0.366429
0.404639
0.339665
-0.0360368
1.46633
-0.11611
-0.147027
-0.115072
2.28284
-0.470595
-0.0909702
0.42721
0.280139
-0.165504
1.54022
0.069758
-0.279503
0.159926
0.281339
-0.343171
-0.279478
-0.227675
-0.310707
-0.346632
1.21414
-0.0377791
-0.255295
0.0995561
0.487254
0.186672
-0.140395
0.915989
-0.453028
-0.450803
0.184922
0.218035
0.256133
-0.087194
-0.157698
0.253058
0.576933
1.3182
0.0886724
-0.0677476
-0.440157
-0.178436
0.00993266
0.260367
-0.376514
0.195188
-0.209393
0.93736
1.26937
3.27257
-0.240826
3.01947
0.685242
-0.271583
-0.165336
0.242185
-0.122915
2.89161
1.57214
3.29775
-0.179598
2.87078
0.982362
-0.136581
-0.148329
0.0472876
-0.316766
2.57042
1.61972
3.38951
-0.118072
2.99507
-0.0450525
-0.00640083
-0.192171
0.0203874
-0.434232
2.63597
0.224183
0.15796
-0.228342
1.2377
-0.126332
1.09991
-0.228569
-0.450628
-0.16362
0.356452
0.322067
-0.387196
-0.0346331
0.955809
1.20965
1.3022
-0.0675295
-0.0384046
0.00854348
-0.0363486
-0.0172027
-0.360311
0.463161
0.78762
1.14422
1.13195
1.0148
0.0295753
-0.107867
-0.321114
0.20417
-0.0128102
0.448485
0.141574
1.63793
4.3741
0.860132
0.257855
0.508859
-0.013535
0.0524834
-0.0168979
0.770467
-0.222729
0.992113
4.5203
1.21894
-0.0384441
-0.102889
1.31452
0.066463
-0.19911
-0.43176
-0.262313
0.893037
4.63033
-0.355398
0.0698652
0.262711
1.33088
0.250079
1.41043
0.0692978
-0.258168
0.685272
1.71997
-0.326104
-0.126734
-0.157633
1.23645
0.988783
-0.240446
0.570039
0.988677
0.0190254
0.227117
0.192189
1.64831
-0.35064
1.25409
-0.318738
1.83759
0.672029
-0.523964
-0.390138
1.39765
-0.48638
4.04542
0.643204
0.19008
-0.33072
1.70501
0.821687
0.546475
-0.419638
0.562685
-0.426537
4.04092
0.539375
0.430872
-0.234777
0.338954
0.44146
0.675867
-0.424436
0.359143
-0.231734
4.16736
1.23404
0.301745
-0.332945
-0.200049
0.561413
0.801901
0.695979
0.399423
-0.115183
0.745903
0.397672
-0.0632023
0.628128
0.131574
0.647223
0.0831906
0.96586
0.0683531
0.613066
-0.403462
0.536264
-0.115626
0.740946
-0.0051176
0.183155
1.76973
0.68354
0.0033253
0.295563
-0.275429
1.60871
-0.145054
1.58332
-0.147454
-0.283082
1.84558
0.63542
0.32782
0.316593
-0.439898
2.19725
0.415218
1.1312
0.666165
1.44188
2.28423
0.192522
1.09899
-0.45473
-0.338143
2.20266
0.500025
1.24204
0.950924
1.24697
1.20985
0.324093
1.07807
-0.517061
-0.137271
0.556531
1.41284
0.247573
0.904326
2.08442
1.46962
0.22041
0.746025
-0.0700359
-0.16863
-0.307616
1.52635
1.05432
0.598828
0.843413
1.21146
0.148402
0.419657
0.570404
2.62359
-0.484821
1.09831
0.486369
-0.272383
1.29707
0.208473
-0.0121944
0.258377
-0.113032
-0.131647
-0.341746
1.93885
0.328593
-0.0249811
1.36438
0.199279
-0.0316326
-0.180259
1.01199
2.06074
0.190767
1.23283
2.1636
0.514529
1.40207
2.01626
1.44978
3.10242
1.87825
2.43638
0.488634
1.20558
1.89275
0.674651
1.13991
1.83829
1.42475
2.98967
2.03629
2.45543
0.237649
0.143942
2.11677
0.367962
1.52052
1.99856
2.23022
3.18008
1.5389
0.131043
0.0257289
0.179745
0.748127
0.0754596
0.669382
0.341223
1.43312
1.0131
0.554561
-0.0760659
-0.282025
0.205459
-0.128773
-0.0745171
0.490317
-0.289793
1.53735
-0.108614
0.222375
-0.206338
-0.205041
-0.132892
-0.371308
0.6641
0.390305
0.0117225
-0.127191
0.0166706
-0.303259
0.903579
-0.264891
-0.421682
-0.21154
0.869618
-0.194148
0.434972
-0.0983269
0.728613
0.225876
0.961124
-0.282911
-0.137033
-0.352607
0.853633
-0.438667
0.769088
0.40073
0.776001
0.242419
1.73406
0.0370131
0.483127
1.4352
1.26
1.71436
1.57492
0.165446
1.04641
0.740619
2.55279
-0.370653
-0.33607
0.249023
-0.176521
-0.307522
0.551247
0.294603
0.551581
0.475939
3.00913
-0.25326
-0.166154
0.27603
-0.149189
0.309672
0.108592
0.412058
-0.155061
-0.200918
2.93356
-0.165954
0.545227
0.704688
0.462071
0.532785
-0.183547
-0.166181
0.142461
-0.260064
2.34092
0.592328
0.429246
0.28928
1.92999
0.938124
-0.211388
1.46656
-0.0652393
0.997718
0.862134
0.809894
1.18471
0.820463
1.87974
0.317889
-0.335913
1.61861
-0.315581
1.07737
-0.169778
0.923839
0.36833
0.505227
1.99257
0.976307
0.551928
1.33702
-0.0900733
1.04574
-0.208065
0.998214
1.9962
3.57867
0.297032
2.93514
0.252188
5.29576
2.92264
1.84369
0.91059
0.613244
1.39862
3.46666
0.0619468
2.69073
0.305743
5.30594
2.74018
1.51014
0.808123
0.658084
1.55285
3.55494
0.166177
2.53543
-0.418791
5.37957
2.87385
1.71579
1.1437
-0.203601
1.86285
1.46985
-0.55194
1.03783
-0.513318
1.36686
0.909019
0.172049
0.0177708
0.0513385
0.442304
0.986785
1.30177
5.96439
0.484371
0.832969
0.743285
0.24056
0.709516
0.149977
1.7031
0.133541
0.24687
-0.483652
-0.413417
0.403077
0.272336
-0.227871
-0.437477
0.365998
4.0055
2.03528
0.747731
2.2991
1.01981
1.35522
2.11232
4.51212
3.48812
0.403104
3.66811
1.93751
0.887302
2.21069
0.948571
1.77765
1.51835
4.5188
3.44122
-0.225612
3.85867
1.92716
1.64314
3.23713
1.89895
1.63826
1.61789
4.63689
3.55394
0.971298
1.47029
1.25277
2.19583
2.17632
1.05328
1.50673
0.536649
1.83391
1.42431
1.23405
0.428405
1.4294
2.21784
3.24408
1.19746
1.95504
0.17323
2.90469
0.600782
1.33008
0.722489
1.06261
1.07482
2.28508
-0.320981
1.66402
0.300775
2.8134
1.55923
1.25788
0.549203
1.52537
0.275048
2.2654
-0.44631
2.55316
0.29298
2.87804
2.46856
0.163426
0.682779
-0.0680973
-0.312328
-0.301072
-0.402362
1.29908
-0.0568237
3.69621
1.93556
-0.316966
0.869421
0.712245
-0.288678
0.358576
-0.19055
1.5408
0.163729
3.67204
1.15802
0.0369239
0.177061
3.11524
0.435889
5.98846
0.231308
0.737377
0.954405
0.286392
0.301187
-0.372792
1.03682
0.0504667
-0.145834
0.383147
-0.316687
3.16493
0.210266
3.78752
0.785379
-0.457735
0.963227
1.46891
1.75156
0.359748
-0.409664
3.20476
-0.152887
0.207658
0.386837
0.394214
0.571986
1.34106
1.59806
-0.341025
-0.482426
3.2608
-0.0913027
0.938757
0.426835
1.28736
0.478795
1.3013
1.64527
-0.154691
1.61013
0.52683
1.20775
0.903712
0.137111
1.40459
0.719177
0.161152
0.053793
-0.18281
2.87975
0.952957
1.32751
1.4299
-0.110846
0.899519
0.115798
1.18213
-0.0530902
0.380805
2.75882
1.13336
0.982313
0.372414
0.116033
0.164376
0.464408
1.39829
0.852838
-0.34503
1.58299
0.976036
-0.330125
0.653066
-0.402325
0.00641461
0.485055
1.06381
0.702551
-0.0163259
0.448511
0.39578
-0.560575
0.131726
-0.123149
-0.260192
0.48389
-0.162764
0.931632
-0.335186
0.0250153
0.245982
0.356613
1.94025
0.41436
0.0360016
0.3562
0.384537
-0.425274
-0.25014
1.90747
0.0561321
1.2896
1.93842
0.447921
-0.422736
-0.260722
2.94199
-0.230576
5.94322
-0.426633
0.806441
0.844108
0.483466
0.194444
-0.0610067
0.150525
0.23661
-0.352617
-0.37556
1.93445
0.236724
1.87664
1.6143
0.12774
0.527563
0.36422
0.385582
0.84581
0.0906359
1.67615
-0.0268364
1.27724
0.286064
-0.146721
0.239005
0.438724
0.667094
0.800112
0.70416
1.09808
0.36624
0.478988
0.159625
0.584259
0.568755
0.121407
0.664639
1.06094
3.01291
0.86817
0.25175
1.70534
0.20063
0.875895
-0.133349
-0.17259
1.0996
-0.371706
2.66182
1.29982
0.60323
1.45365
0.881762
1.03648
-0.132766
0.0766199
1.00425
1.20435
2.71071
0.651408
0.414765
1.4005
0.779373
0.543068
0.494416
0.705298
0.88634
1.73405
0.785436
1.20384
0.563211
0.66117
0.613542
0.791923
0.407493
1.14856
0.675636
1.73496
0.43417
0.795022
0.348596
0.805982
0.210592
0.865169
0.428786
2.33408
-0.238735
0.669779
-0.162584
1.04562
0.155062
0.893282
0.438661
0.476166
-0.401588
2.22688
-0.397761
0.334438
-0.370255
2.2811
0.899313
0.209781
0.403452
-0.0971601
0.501395
1.55803
3.16442
3.14668
2.42289
2.39942
-0.0821812
1.31539
1.55214
0.403041
-0.130632
1.8965
-0.260571
-0.206037
-0.403304
2.23326
0.877302
-0.314174
0.571054
0.161852
0.290977
0.651693
-0.364741
0.0412801
-0.166158
2.18669
1.05957
0.185529
0.120464
-0.161851
0.273884
0.0278047
-0.350256
-0.0662239
0.802504
0.595991
0.329721
0.510543
-0.110176
-0.407886
1.08169
0.785626
0.732052
-0.0176348
0.719064
0.0165036
0.409965
0.641182
-0.507512
-0.400654
0.77721
0.864577
0.990214
0.268144
0.935574
-0.220999
0.942447
0.229217
-0.376455
-0.33291
0.807525
0.826074
0.778699
-0.130777
0.165549
-0.204376
0.910734
-0.376309
-0.366543
-0.338655
0.455942
-0.219516
-0.0523958
-0.0233968
-0.311516
-0.451269
0.317007
-0.192688
-0.0329316
-0.239481
1.11197
0.379312
-0.163756
0.846978
-0.409411
1.71575
-0.312299
-0.433483
-0.298274
-0.424808
1.18991
0.360851
-0.147806
0.871942
-0.180586
1.54079
-0.394813
0.407874
0.630413
-0.470044
0.69916
0.813824
-0.34649
0.40295
-0.228039
1.96463
-0.413169
0.289932
0.441512
0.104425
0.217812
-0.0552201
0.457975
0.406871
0.203745
-0.233979
3.93585
0.182669
-0.0702094
-0.257424
0.687385
1.41022
0.765481
3.11517
1.6412
2.27923
0.525823
0.898699
1.31593
-0.00772901
0.298541
0.506573
-0.226692
-0.373304
0.505141
0.287856
-0.106713
1.55975
0.589333
0.0205228
0.399989
0.257803
-0.368403
0.311747
1.04472
-0.165208
0.176982
1.19028
-0.188869
0.467119
0.0842209
-0.104324
-0.135037
1.08436
1.15816
0.157925
0.45666
1.46211
-0.338477
0.458285
0.0265611
0.0345838
-0.155501
1.12625
0.389409
0.268439
-0.136284
-0.0673092
-0.0982577
0.221676
-0.287051
1.83725
-0.0410584
0.311522
-0.328916
0.317984
0.888964
-0.234693
-0.133989
0.991125
0.893032
1.69426
1.91119
0.233076
0.222073
0.569792
0.754406
2.76692
1.45977
1.68518
0.660416
1.42995
1.92932
0.685918
0.346647
0.412998
1.67652
2.54388
1.1423
1.86365
1.8367
0.124212
2.05798
0.490646
0.168332
0.449613
0.874699
2.75228
1.38338
1.16263
1.35513
0.0964381
0.149811
1.66236
-0.198532
0.986743
1.28438
0.149174
-0.306742
0.0854923
1.44437
0.137602
-0.0614124
1.34156
-0.34691
1.20602
1.86033
0.0509077
-0.219582
0.51015
0.61061
1.58018
0.715539
3.19331
1.33646
2.45584
2.04456
1.92651
1.20708
0.153928
-0.261789
0.126568
-0.267235
1.98842
0.42245
1.20551
1.74845
0.0151295
0.271628
1.91697
-0.108254
0.374679
-0.0890392
0.584379
0.435863
-0.101653
2.5251
0.733816
0.35421
2.84252
-0.158426
0.206272
0.403306
0.711397
0.487645
0.246372
1.15597
0.455951
0.430976
2.66629
-0.369778
0.280002
0.981051
0.076324
-0.141585
0.181799
1.63949
0.543274
-0.342667
2.10528
-0.404843
0.78408
1.04531
-0.0125688
-0.394428
0.258811
0.159055
-0.262895
-0.354918
1.83635
-0.441263
2.22731
0.207739
-0.205431
0.105324
-0.434135
0.0497692
-0.481307
-0.441152
1.59597
0.0742573
2.20167
0.0290759
-0.206372
0.0627787
-0.193787
-0.388126
-0.00847408
-0.483022
1.57095
0.162814
2.32129
0.15843
-0.118408
0.525602
-0.211706
-0.473868
-0.151567
-0.374947
0.884923
0.28823
1.55678
0.666511
2.01655
0.895551
0.434072
-0.487418
0.0587438
1.37467
0.347749
2.97312
1.72659
1.41546
3.05067
3.94968
3.96634
3.66125
3.9038
2.90216
-0.202758
-0.19041
0.0573618
0.864275
0.511254
0.46474
0.580865
1.86959
1.73518
0.351831
-0.220939
2.75154
1.60549
1.50768
2.83118
3.85987
3.9517
3.5882
3.85419
2.68839
-0.193292
2.98178
0.554493
0.697373
1.21312
3.95147
4.04971
3.76651
4.0274
1.97731
0.0678825
1.50387
0.508145
2.24576
0.700988
0.612187
1.46679
1.75922
1.43381
0.969159
-0.198383
1.02145
0.587045
2.68692
-0.101656
1.52836
0.593643
0.643802
-0.466329
0.966606
-0.469394
0.865726
0.54924
2.65015
1.75707
1.5081
1.53508
0.747062
-0.401191
0.704992
0.0345614
0.772937
0.287922
0.625192
1.42854
1.49795
1.54892
0.128234
0.242653
1.03433
0.0725042
-0.499786
0.167671
1.24968
1.45487
0.659939
0.822242
0.283824
0.410721
0.0995321
0.0509012
-0.415905
0.0032172
0.900674
-0.107473
0.978799
-0.0554212
0.397883
0.363494
0.238333
-0.177355
-0.296103
1.10563
1.62726
2.2279
0.879648
-0.186917
0.346482
-0.240039
-0.348809
-0.13857
-0.353172
0.907523
0.613029
2.10742
0.960666
-0.412046
-0.0230394
-0.327847
-0.488257
0.125309
0.0550409
-0.0854871
1.07103
-0.153871
0.708028
-0.41698
2.47333
1.78906
0.352778
0.426784
-0.38514
1.21461
0.683695
2.11579
0.379224
0.500807
0.257957
-0.534294
-0.424923
0.115356
-0.0188497
-0.0070716
0.284948
0.394552
0.366397
0.446433
1.8752
-0.612603
2.22801
0.462051
0.103313
0.149534
0.0132037
1.01131
0.728353
0.423761
1.73428
-0.562208
2.23053
0.0322871
0.11605
-0.081362
0.210032
0.495127
-0.433968
-0.38382
1.99779
-0.442983
2.32219
-0.0123062
0.588198
0.468012
-0.399842
0.630554
0.201388
0.0826068
-0.150629
0.466063
-0.294257
-0.302301
0.382099
1.08438
-0.390722
-0.271246
0.349741
0.0482308
0.0516045
0.67647
-0.391065
-0.483161
0.288924
1.10379
1.01636
-0.0765175
0.780606
0.880375
2.05628
1.94418
0.79902
-0.239892
-0.509844
0.990999
1.08689
-0.143564
1.01259
0.30091
2.05847
1.38403
1.03164
-0.1127
0.328034
0.81379
1.67856
-0.00310596
0.321108
0.784662
2.15505
1.33201
1.47865
-0.0951265
0.857426
0.782624
1.25702
-0.126251
4.66915
-0.110646
0.251373
0.190275
0.585562
-0.466868
0.055744
0.104862
1.02131
-0.13275
0.476106
-0.396707
0.613033
0.705892
0.337294
0.668239
1.018
0.108952
1.25564
-0.26725
4.68211
0.166951
-0.54479
1.40854
0.271123
-0.540238
0.370666
-0.360939
-0.0309299
-0.339168
4.78978
-0.321335
1.9916
1.26439
0.0638692
-0.0989049
0.788769
-0.258259
-0.0544468
-0.345001
0.441723
1.3369
1.6052
1.25304
-0.0104271
-0.181767
0.699179
-0.375242
0.0166833
0.237493
0.0100885
1.17922
1.75407
-0.363943
1.74862
0.125417
0.69136
-0.35301
0.165767
0.419993
0.132209
1.67757
-0.232492
3.96143
1.3135
-0.375902
0.19393
0.764236
-0.182656
0.493711
0.208901
-0.28982
-0.359166
3.92608
1.6415
-0.316202
1.25296
1.60654
-0.144146
0.437005
1.12879
0.76135
1.10795
4.0961
-0.162337
-0.36148
1.25713
2.38127
-0.361613
-0.278483
1.43874
4.6543
1.12953
0.346975
-0.234287
0.377256
1.44563
1.96945
-0.3181
-0.0575019
1.30241
4.64188
1.59937
-0.437677
-0.298661
1.42157
-0.0950158
1.60812
-0.456915
-0.000513954
0.631846
4.72956
0.736313
-0.21141
0.236639
1.43711
0.0545561
0.102442
0.856542
-0.00148312
0.58061
0.0702375
0.672899
-0.186141
0.327019
0.99247
0.0720266
0.756969
-0.319625
0.730908
-0.111103
0.888786
0.818297
-0.231312
0.16496
0.872456
-0.451002
0.205873
-0.0240458
0.3421
0.0357547
-0.263193
0.262738
-0.214317
-0.0669771
-0.16635
0.107475
1.97974
2.41872
3.09002
-0.270627
2.03617
0.443093
3.37344
2.41057
1.85278
0.30427
1.65599
2.3429
2.82893
0.074837
1.85542
0.513904
3.39362
2.25201
1.71988
0.653932
1.762
2.3445
3.1066
-0.300752
2.51437
2.0286
3.49705
2.31021
1.7892
0.292587
-0.23688
0.419355
0.561284
-0.182765
1.12564
1.43868
0.294329
0.0809285
-0.0945324
0.870516
-0.060016
0.0881063
0.299376
-0.280238
1.06954
1.3508
-0.0310446
0.240245
-0.28439
0.930973
1.62732
0.493914
0.0477424
-0.12307
0.324333
-0.342185
-0.414454
0.382614
-0.42071
0.966472
1.64637
0.0390073
0.225001
-0.201104
0.16567
-0.390883
-0.191391
0.500793
0.175456
0.0571652
2.47168
0.321796
-0.131272
1.01347
1.73727
0.300055
0.404213
-0.31235
0.245791
-0.385926
0.13367
0.506189
-0.438968
-0.303413
-0.0866863
-0.188094
0.376374
-0.190549
0.337757
0.0750113
1.72477
-0.0973898
-0.00870733
0.806555
2.17888
0.331216
0.378504
-0.178312
0.359771
0.330964
1.76599
-0.0538603
0.040675
0.866099
1.80656
0.455884
0.368359
-0.109872
0.156991
0.40172
0.10672
-0.0301214
-0.43599
0.90186
0.305468
1.51298
-0.135752
-0.192058
0.101295
0.326155
0.417175
0.0307174
-0.286577
1.08332
-0.0745442
1.40419
0.0481488
0.0286365
2.36224
-0.0594615
0.911404
-0.129196
0.0114765
1.50588
-0.200998
1.62462
0.490558
0.152284
2.16853
0.878699
1.63437
0.846743
0.0606483
0.874191
0.0584817
-0.341533
2.01285
2.64734
3.08087
0.983414
1.40915
0.604182
1.72537
0.391217
0.675842
0.189255
1.65905
2.43685
1.89202
0.793268
1.43899
0.69311
1.43659
0.451723
1.08315
0.323718
1.33412
2.65081
2.20026
0.234849
0.364095
1.04645
1.41474
0.267951
1.02603
0.0385054
0.432128
1.05644
0.949614
1.50671
1.64286
1.86948
1.12847
1.52584
0.711947
1.57626
0.401948
2.27394
1.76612
-0.0433871
-0.183811
0.334399
-0.252892
-0.369798
0.0492948
-0.205287
1.0563
-0.0200862
0.198808
1.3525
1.30288
1.92588
0.468465
1.96617
-0.0359622
1.51452
0.725091
2.29862
1.53249
1.59076
1.4766
1.88583
0.485827
2.04514
0.613323
2.68616
0.962982
2.23
1.59652
0.043005
0.284089
0.127863
0.317215
0.469009
0.211612
1.58592
0.19158
2.2584
-0.271738
0.284946
0.29124
0.812077
0.729463
-0.0114586
0.397851
1.75904
0.467805
2.19895
0.870386
0.237817
1.07439
0.463699
0.834324
-0.0664086
0.105158
0.866964
0.344051
2.43364
2.23187
-0.222741
0.933768
0.549186
0.0330799
0.0119948
0.177439
0.0864008
0.384702
-0.00596795
2.85238
0.0304307
1.04779
0.554475
0.181195
-0.248121
0.0801702
0.415071
-0.0140204
-0.129168
2.17805
-0.319614
-0.0467248
0.57706
-0.10506
-0.185988
-0.0699627
-0.207191
-0.399288
-0.425864
1.23676
-0.21618
-0.31643
0.704414
0.142125
-0.294079
0.21437
-0.137495
-0.396494
-0.386398
0.586295
0.40678
-0.204493
0.202266
0.877172
-0.0721142
-0.0753857
0.31846
-0.356894
-0.153149
-0.141851
0.272004
-0.276922
0.137287
0.662632
-0.19912
-0.382163
0.421225
1.18165
0.10386
-0.436441
0.703183
-0.0192092
1.01447
1.5101
0.224291
0.0719738
0.27563
-0.352416
0.708951
-0.272919
0.760037
1.06748
1.20222
1.57777
0.506752
-0.0462425
0.546652
0.999458
0.892036
0.0272399
-0.0255813
1.10756
0.96566
0.356623
0.54741
-0.0213111
-0.155239
1.44375
0.888873
-0.0313323
0.298374
2.41416
0.651254
1.04723
3.9339
2.4944
2.16058
1.86038
1.57038
0.903392
0.430016
2.18089
0.884132
1.54052
3.89759
2.36763
1.99571
1.21293
1.80325
1.00098
1.55137
2.09862
1.22129
1.85716
4.07371
2.65921
2.08781
1.89786
1.9034
1.66957
1.47974
1.52971
0.990594
1.89624
3.2653
1.72603
0.718963
1.63295
1.84032
1.73552
1.21608
0.696584
0.0437351
1.45859
3.12789
1.58899
0.0898999
1.11254
1.10724
1.42723
0.862517
0.216396
1.6947
1.35369
3.22987
0.97899
-0.0447656
0.142078
0.820661
1.42991
0.296112
0.530953
1.25641
-0.0514686
-0.224525
1.27725
0.160202
0.888532
-0.0395417
-0.0759155
0.63556
-0.0966861
0.277833
0.735851
-0.2588
0.202746
0.630002
0.893281
0.627878
1.48418
0.253911
1.01605
1.22006
-0.338444
-0.282653
-0.112794
-0.431672
0.566068
0.587955
-0.0634789
-0.451879
1.15963
-0.370304
0.854871
0.383982
0.0636567
-0.549009
0.464772
0.869141
-0.169608
0.475427
0.721788
-0.320974
1.02028
-0.000391654
1.90428
0.29599
0.239564
0.765924
0.205758
0.364352
0.225726
0.815229
0.999151
0.185745
1.97907
0.625624
0.649186
0.492883
0.173991
1.2158
-0.102956
0.812077
-0.0638725
1.31034
2.08584
0.647805
0.194361
0.451482
-0.0888004
0.650875
1.87801
0.77812
4.37794
2.20541
-0.177794
-0.0897035
0.959704
0.0415438
1.50549
0.647342
2.46082
0.168958
4.36533
2.15965
-0.234788
0.494729
0.719409
-0.0346648
1.14287
1.67158
2.6353
0.325655
4.48881
0.775636
2.93821
0.5044
0.881912
0.205556
1.24319
1.66066
1.05209
0.687735
0.700391
0.282058
2.75229
0.358269
-0.161581
0.401881
0.306428
1.86894
0.620796
0.515351
0.0701865
0.205429
2.95886
0.102985
0.00338787
0.199975
0.272471
-0.0566467
-0.104923
0.233654
0.094376
0.304867
-0.239377
4.08424
-0.0703299
0.474646
-0.329403
0.227232
0.290368
2.32688
0.46167
-0.29338
0.09817
1.9212
1.04369
0.820683
1.37333
0.260439
0.217271
1.38936
-0.18765
0.429169
1.61931
-0.155648
0.100939
0.266644
0.614033
0.110537
0.365016
1.12931
0.406046
-0.262142
1.33065
0.00592223
0.0693728
-0.395389
2.7895
0.288915
0.255212
1.50879
0.295969
-0.334936
1.34649
1.01316
0.572753
0.54805
3.45751
-0.00854967
0.950137
0.39836
0.520552
-0.145018
-0.187402
1.06544
0.495977
0.448425
3.39502
0.148738
0.739566
0.401293
0.0455498
-0.128662
0.255791
0.795386
0.38085
0.343811
1.53707
0.555932
0.744471
0.00227824
0.0410426
1.0789
0.455098
0.42941
4.11732
0.489645
3.53745
0.343033
1.76704
0.0654053
0.0521934
1.27039
0.465027
0.48875
4.16716
0.609545
3.53877
0.00853596
1.66929
0.300251
0.21019
1.03586
0.194011
0.668867
4.25519
0.734784
3.65858
-0.26768
1.5238
0.155973
-0.0632102
0.165397
0.4905
1.00202
0.768814
-0.151913
1.50341
0.25247
0.166424
0.404057
-0.0687296
0.370177
0.368826
0.84748
0.0293567
0.349327
0.921338
0.213146
0.420347
2.20623
2.06579
0.369197
0.390959
2.05904
0.964479
1.82288
1.14927
0.0689878
0.382155
0.035425
1.96987
0.215347
0.600239
1.42372
-0.32891
0.810263
0.91019
0.22885
1.34694
0.513176
1.68442
1.05738
0.585325
2.36979
-0.204762
0.792566
0.0133837
-0.456641
2.06192
0.0883565
1.71297
1.68822
0.735102
2.51854
-0.0798718
0.0957723
-0.0979288
-0.551029
1.66103
0.64105
0.743798
1.81782
1.5712
2.7704
-0.290165
-0.51592
-0.397505
0.12939
1.28864
0.159518
0.0393621
1.43814
0.903605
1.33639
-0.307013
-0.348241
0.392293
0.0666787
2.40175
0.436387
0.677933
1.36335
0.886862
1.34931
1.58832
-0.164659
0.158947
0.514312
2.307
0.586354
1.07505
1.0547
0.433948
0.594674
2.01723
-0.176984
0.295989
-0.0317801
2.2897
0.661802
1.14915
0.932362
0.311757
0.303549
2.08395
-0.0463097
-0.0308573
-0.0156981
-0.160287
0.791902
0.713022
-0.0714772
-0.00524824
-0.0420708
0.587011
-0.255865
-0.186693
1.36694
-0.118264
-0.237168
-0.101375
-0.184321
0.488195
-0.0806764
1.76899
-0.00680465
0.0579536
-0.454308
0.383472
2.16338
2.05018
0.553061
-0.0567878
1.62434
0.94662
1.25393
-0.322106
1.91907
0.205887
0.13728
2.80128
-0.112899
0.622608
-0.120593
1.89733
1.195
0.725248
1.94255
0.511309
0.24175
2.52796
-0.394104
0.76602
0.535604
1.28903
0.897909
0.769115
1.05309
0.541234
0.0800124
2.9493
0.697987
0.210847
2.62729
0.237617
0.791164
0.932658
1.70033
0.290386
0.047312
0.447374
0.780484
-0.101015
2.46298
0.374813
-0.255153
0.793603
1.39632
0.177209
0.495443
0.315923
0.970314
-0.0627586
2.3233
1.12524
-0.255749
0.994056
1.48911
0.982296
0.664654
-0.186232
0.0285466
1.21718
0.814993
1.12643
-0.447114
0.846643
-0.184838
0.860635
0.406578
-0.00391726
-0.336798
0.801706
0.846214
0.867014
-0.340863
0.424405
-0.569749
2.1198
-0.202143
-0.0597322
-0.368301
1.05513
0.887531
0.137656
0.486678
0.727837
0.571743
1.84183
0.0190798
0.172707
1.71962
0.273098
0.974641
2.58688
0.567158
1.43326
1.07815
1.86605
1.75517
-0.148889
1.57816
0.116585
0.0863647
2.45624
0.703422
1.35856
-0.538585
0.0589981
0.618761
2.31026
0.623516
-0.0964691
0.675716
0.32309
1.15794
-0.199712
1.10103
-0.0828305
1.81567
-0.136266
2.12818
0.188448
1.19707
2.56328
0.15891
1.7037
-0.0233473
0.318828
1.51495
-0.112607
0.478332
-0.111501
0.767359
0.608405
0.128205
0.975145
-0.30348
0.705351
0.284441
0.529001
0.756162
0.066665
0.791274
0.608642
0.0991897
1.90037
0.25902
0.64286
1.46812
0.842626
0.76239
1.05447
0.0499422
0.628089
0.15629
1.56074
1.0279
0.749113
1.22744
0.974135
0.690168
1.28188
0.312081
0.905625
0.384692
2.18486
1.00877
1.57
1.64908
0.677959
0.570596
1.29021
0.597462
0.396794
1.04455
1.76126
0.257956
1.7539
0.228191
0.134922
0.0362708
0.45366
-0.0982733
0.383692
0.624916
1.74376
-0.261821
1.56575
0.342424
-0.0731878
0.0734554
-0.034814
-0.281446
0.701972
0.495117
0.982715
-0.272485
0.873916
0.33146
-0.282601
-0.210025
-0.0944904
-0.079333
0.50871
-0.231456
0.591233
-0.230139
0.149149
0.235522
-0.170822
0.513303
0.044339
-0.230393
0.428339
-0.361777
-0.00313422
-0.48749
0.127149
0.0637067
0.123409
0.388267
0.358072
0.400712
0.985215
0.439837
0.0924604
0.642144
0.034368
0.623074
-0.284642
0.299524
-0.395614
-0.219534
0.332235
-0.380093
0.0529577
0.575783
0.136397
0.406798
0.163483
0.770314
0.597298
0.0321366
0.0294306
-0.250686
0.357143
0.528048
0.0924083
1.34211
-0.0186244
0.357015
0.885331
0.0577509
-0.30104
-0.223347
-0.133006
-0.165625
2.69204
3.72017
3.37401
4.71683
1.55875
3.54561
3.49522
2.49926
2.46773
0.878152
2.45064
3.64324
3.30612
4.67841
0.664388
3.43206
3.42896
2.35553
2.32979
1.39916
2.79505
3.58739
3.37887
4.77512
0.657789
3.51341
3.54793
2.55618
2.56002
-0.299404
1.58256
-0.0217645
0.189423
0.372214
0.337263
0.275267
0.478923
0.324892
-0.083518
-0.435385
3.58697
0.0444414
-0.297442
0.157275
0.470612
-0.0926157
0.59461
-0.20007
-0.430482
0.03257
3.51566
-0.156974
-0.277587
0.225172
0.244162
0.126565
-0.14692
-0.0659961
-0.479207
-0.295169
3.27289
-0.237935
-0.136781
-0.145824
0.0490118
-0.417174
0.56869
0.643771
-0.342487
-0.0757389
1.43778
-0.369368
-0.191974
-0.157578
-0.433604
-0.0719185
1.45207
0.833739
-0.326579
0.306883
-0.0184539
-0.0609787
0.15361
0.191083
-0.184264
1.34987
0.137069
0.742107
-0.0524865
-0.431567
0.937819
0.0352498
0.0507662
-0.277993
-0.44018
1.72254
1.59203
0.568275
0.448575
2.00815
-0.20187
-0.0769667
-0.0473317
-0.418201
-0.369534
1.70148
1.34525
-0.0229509
0.475994
1.68103
1.76362
-0.0357104
-0.101034
-0.406536
0.0328468
2.02221
0.2847
0.386855
0.712102
2.92811
1.59545
0.0990747
-0.275865
-0.494332
0.703305
-0.441168
0.136419
0.306732
0.288833
2.20123
1.78785
0.395947
-0.0497057
-0.183866
0.629636
-0.372671
-0.206847
0.653554
0.212575
2.38991
1.84987
1.42144
-0.0371879
1.87175
0.560669
0.735295
-0.40029
0.955741
0.056775
0.475757
1.55632
1.27547
0.153618
1.76796
0.435844
0.775612
1.16275
2.71004
-0.130744
0.0329997
1.72511
1.27622
1.14198
1.59756
1.3359
0.896904
1.78904
2.44931
-0.167354
-0.269357
0.278542
0.697207
0.976746
-0.125049
1.07507
1.08191
2.00744
1.9208
0.561428
-0.205865
0.559427
0.240744
1.58024
-0.268405
1.05384
0.867413
1.08511
0.470985
0.502821
0.478586
1.66386
-0.0754665
0.107608
0.241418
-0.383822
0.437962
2.56358
0.44885
-0.33703
-0.422899
1.03133
1.48931
0.110545
0.605171
0.050351
1.97747
0.824117
0.120814
0.627853
-0.0441085
1.89818
1.35992
0.294301
1.4834
2.57045
1.26607
0.708319
0.0900072
-0.232041
0.0121238
1.64718
1.41014
-0.280102
1.28432
2.44767
1.83497
1.59081
-0.143478
-0.282147
0.221037
1.42146
-0.0571634
-0.336436
0.74472
2.72708
0.449866
1.37881
0.619591
0.791174
-0.339764
0.529493
0.118307
-0.0794482
-0.0691981
0.679643
1.04737
1.3047
0.801065
0.589791
-0.432034
-0.00307493
0.621291
0.0675599
-0.380393
-0.397584
1.21843
0.020842
1.61608
0.967403
-0.366019
-0.365254
0.678598
-0.000953535
-0.317339
-0.163762
1.8332
0.127508
1.20367
-0.192514
-0.19978
0.499459
1.02332
2.64165
-0.405526
-0.30285
2.31499
0.248922
1.35348
-0.267741
-0.0127558
0.308516
0.280617
2.44927
-0.490925
0.564905
1.78264
-0.17165
-0.494632
-0.542975
-0.277834
0.51126
0.358602
2.88094
0.0426303
0.651484
1.41007
-0.268562
0.27853
-0.522316
0.462104
1.46288
1.29681
0.011192
0.0211308
-0.0844619
-0.127449
2.32032
0.299399
-0.157109
-0.323944
-0.330739
0.346383
0.311037
0.272459
0.502754
1.23933
0.561578
0.904298
0.482272
0.948716
-0.138932
0.745172
0.388091
0.335915
-0.171943
1.21249
0.589842
0.818599
1.17112
0.894219
-0.117999
1.12166
-0.256179
-0.148457
-0.480473
1.03083
1.15732
1.03877
1.41735
1.4705
-0.359823
0.730757
-0.233016
-0.154124
0.508697
1.34667
1.67253
-0.186662
0.310513
0.390902
-0.480449
0.162787
-0.0817952
0.0556366
1.1119
0.463955
1.62136
-0.203782
-0.121673
0.737248
1.29178
-0.440128
-0.205591
0.247292
1.18518
0.633587
0.968362
-0.1945
1.00325
0.175826
1.30976
-0.243773
-0.0902052
-0.0317628
0.49479
0.530247
0.505366
-0.199924
0.770257
1.73014
1.30989
-0.176641
-0.41331
4.15035
-0.133679
0.673513
1.8601
0.154982
2.84456
1.56518
-0.414857
-0.0585637
-0.46356
4.15564
-0.45469
-0.411818
2.44009
0.328343
2.33837
1.26874
-0.474844
-0.216723
1.26088
4.23269
-0.447094
0.781056
2.34403
0.113736
2.43723
0.0989569
2.10419
1.58678
-0.48085
0.975976
4.08487
0.226752
2.37083
0.986551
0.141929
-0.279715
0.548796
1.79568
1.73022
1.07472
0.451292
1.98639
1.27264
3.31241
-0.0963242
-0.629745
0.646235
1.84956
1.82052
0.187704
0.642102
2.08932
0.382855
3.25061
0.126956
-0.516757
0.655601
1.93922
0.353822
0.32831
0.469153
1.02581
0.28708
3.33284
0.322405
0.0893089
-0.457543
1.24709
-0.168648
-0.429182
-0.419538
0.181817
0.440209
0.682074
-0.057383
0.473984
-0.484855
0.680109
-0.242192
-0.252598
-0.341725
-0.0374593
1.09597
0.333435
-0.379433
0.241984
0.346299
0.765439
-0.326274
1.85373
0.683826
1.55444
1.21872
-0.136854
0.0870045
0.452627
0.668527
0.508225
-0.118723
2.9662
0.8517
1.46106
1.30122
-0.0321713
0.206668
0.0617236
0.724002
0.644228
-0.00193858
2.92945
1.00924
1.24199
0.346143
-0.0152945
0.721352
0.332597
0.392587
-0.0632334
-0.0431728
1.54544
-0.20172
0.347057
-0.00869424
1.49383
3.24935
1.77509
2.21321
0.608711
0.529604
2.16226
-0.209748
0.361942
1.52569
1.85102
3.35691
