182
1.0859375380303171
1.1904598842335352
0.9841548841211676
0.9632251653243561
0.9809037465216365
1.182661105552329
0.990633824866053
1.016431647732406
1.46839280240175
1.1367148703868992
1.1943663507542372
1.206463565707264
1.0146472884516187
1.0453902911730935
0.9950900259777236
0.9819862480529788
1.3189769598319063
1.4269176719653316
1.1244965304776922
1.060513692173528
1.3050456591095605
1.8438903408254166
0.9896755683943868
1.5771726596127753
1.0302617753178516
1.063748139812139
1.0318004353489758
0.9763490532099866
1.0352669513591315
0.9790326961295358
1.0272184302206662
1.0606451120833693
1.0947873626292022
1.060560239401169
1.3047010816836224
1.2921396908190024
0.9883892365681739
0.986680577990773
0.9836938350054035
1.0331038773835415
0.9876762236777417
0.9862700124618925
1.0446277461544493
1.0449515743894444
1.1043317843696554
0.9982631229152841
1.32265332057846
2.4309259247702832
0.9948304959907801
0.9986159693374483
0.9773449786835029
1.0011611589711342
0.9647684397542907
1.015229632321195
0.9903920354605631
1.009642249943954
1.062680348594975
1.1221201391179807
1.09890237686727
0.9945658246630101
0.9955433540489624
0.9833639579890665
1.0107034123029348
1.1174377236930702
1.0436362083429023
0.987821056842758
0.9955433540489622
1.0292438556401111
0.9796725077945423
0.9784210856668352
1.3368124725739565
1.2914699345696834
1.0411625729507021
0.9678152666373723
1.0587420641531111
1.0071470231428088
0.9915245155968775
0.981228497459077
1.386608910371746
0.972168794943706
0.9798619247385238
0.9839052344993698
0.9945359718270694
0.9955433540489624
1.0402626906745378
0.9893616689438802
1.0057548450657294
1.001518817998774
1.0103100155494265
1.0029398795110203
1.0248070497682744
1.0004889503251082
1.028314475447278
1.0406191241391858
1.0658051149733871
1.3207438348061658
0.967550052702222
1.0351373625230071
1.499268359140615
0.9759900829958882
0.9814449770212693
1.0628207458017913
1.0615965440294044
1.372522273863479
3.115880786264218
1.505410989930965
1.9070979265360375
1.1522512710764474
1.0488093795177449
1.1787394727705147
1.3077928420135148
1.0648915881524919
1.236211698763737
1.1158311635953306
1.1136840558363508
0.9913094980637212
1.3471208498988656
1.2789299810632595
1.1543976284350719
2.1253087221139078
1.1446438481569552
0.9980035397238165
1.4037976328642228
1.3278415143966007
1.2227746281740273
1.1726571924904314
1.3480028619711404
1.3074488411656577
2.099661339086631
1.280938683899213
1.0344331130706876
1.0051347527380903
1.1129782932216792
1.1538161642756837
1.0092338834924872
0.9869930020820968
0.9680079885505253
0.9702098641380404
1.4626485552336335
0.9678073482211988
1.0515890423455394
1.408804745614487
1.0984209445904987
1.0594751842001056
1.199581868820347
1.020599829373427
0.9769832638522035
1.0928114627126797
0.9954153884363128
0.966150624524776
1.0478902428741552
2.2470237166549003
0.9670626815041967
1.0550242192562358
0.9675602801737396
1.0669910440220605
1.186616392172518
0.9659714553835611
0.9916976863120421
1.1436192622682595
2.057710848636038
1.0058405768257457
1.2719941122256202
1.2036591200798958
1.0174884449314667
1.1618459849045917
1.0820350002075814
1.0220149991403695
1.2842056572898668
1.197371821075015
1.2507512844057451
0.9816548541868011
1.0211342133382968
1.4412274244774905
1.4611343246998936
1.1108324545656214
1.1440893024858299
1.860852339828059
1.2511659010873017
1.295486425007892
1.0899922649389266
1.108697819068072
