546
1.79576
1.84555
2.46833
0.0290936
0.489761
1.28475
1.3315
1.14663
-0.147338
0.306452
0.538371
0.766333
0.839827
2.47468
0.567295
-0.361359
0.486549
0.782409
0.519106
-0.530948
0.444322
0.486732
0.49248
1.08897
2.31347
1.08263
0.901503
-0.0241168
0.273515
0.880241
2.15888
2.25613
2.65666
1.99276
2.07166
3.04085
1.90566
0.995346
0.232762
-0.343426
-0.599156
-0.506148
-0.516846
-0.749092
-0.687207
-0.583427
3.82495
-0.511469
-0.648131
-0.535383
-0.533648
0.119516
0.277213
0.105452
-0.228207
-0.669537
-0.133462
3.73808
-0.0762413
-0.238833
1.03411
1.15682
0.818055
-0.0182383
-0.163
-0.7218
-0.654519
-0.754576
3.71084
-0.719693
-0.704551
-0.848173
-0.637423
0.539473
0.791542
0.883306
-0.192694
0.30055
-0.0567885
2.34505
-0.177861
-0.573156
-0.571686
-0.573153
-0.304895
-0.190275
-0.216411
-0.596156
-0.700131
-0.526096
2.15266
-0.451132
-0.290571
-0.311923
-0.437869
-0.606952
-0.50251
-0.293629
-0.361899
-0.782144
-0.678198
1.91179
-0.656577
0.873194
2.75011
2.96282
3.04387
1.89921
0.878027
-0.0520736
-0.251688
-0.23633
1.85804
1.62576
-0.288589
-0.177578
-0.0854436
-0.345774
-0.703765
-0.361757
0.341493
0.219676
-0.0144547
0.311078
0.769735
0.486388
0.245176
-0.278964
0.539309
0.648342
0.632234
-0.663294
0.627336
0.76779
1.04697
0.397309
0.488993
0.155714
1.60802
1.75761
1.76966
0.0833457
-0.026366
0.818683
1.58781
1.58132
0.681432
1.36586
1.37393
1.32517
1.16013
0.149999
0.116043
-0.0213476
-0.380736
-0.256922
-0.610211
0.839551
-0.637544
-0.597282
-0.542464
-0.643285
-0.586611
-0.536427
-0.566886
-0.485428
-0.604929
-0.57944
0.849493
0.292972
0.423737
0.361293
-0.00576098
-0.197522
-0.274232
-0.263537
0.342317
2.31577
2.30252
0.271022
2.70488
1.94098
1.8845
0.53535
-0.302084
-0.621039
-0.582292
-0.341779
-0.382365
0.66782
-0.0145576
0.674069
0.396195
-0.350618
-0.728472
-0.578226
1.73875
1.83663
1.77667
0.932851
0.933232
0.0359008
2.22084
1.9135
1.72791
0.874922
0.872569
0.828711
0.649992
-0.0936798
0.807269
1.55485
0.394353
2.29987
2.34217
2.31131
-0.533872
-0.217676
-0.10617
-0.10811
-0.77277
-0.513328
0.0488096
1.138
0.489042
0.118166
-0.0508111
0.453525
0.511399
0.523687
-0.141708
-0.0866007
-0.136157
-0.438529
-0.407281
0.406294
-0.213876
-0.430422
-0.81021
0.0778006
0.168269
-0.193875
-0.624581
1.66165
2.46555
2.3536
0.305161
1.89023
1.06643
0.284233
0.553613
0.349834
0.368096
-0.464021
0.210764
0.476661
0.899851
0.241908
-0.00427255
-0.239842
-0.44847
-0.458482
-0.508117
-0.243425
-0.353874
-0.429652
-0.21302
-0.466247
0.533642
-0.489123
-0.720069
0.475746
0.576254
0.385407
-0.553704
-0.669458
-0.752495
-0.68156
-0.750654
0.641714
-0.60151
-0.511017
-0.207561
-0.633412
-0.564199
-0.884062
1.74215
2.29006
2.23393
-0.574129
0.761967
-0.764693
-0.189893
0.251985
0.231853
1.07977
0.885909
0.967658
0.0124024
0.073717
0.427598
1.72786
0.104186
-0.142105
-0.376173
-0.446795
-0.427394
-0.445012
-0.44925
0.404603
1.44859
1.70476
2.01929
1.81324
1.51248
1.18243
-0.454685
-0.38921
-0.27973
1.54308
1.99078
2.01286
1.23433
2.53726
-0.224941
0.329254
0.154005
1.22084
1.18618
0.648343
-0.319865
-0.538735
-0.707865
-0.71386
0.87904
2.33795
0.302891
0.451004
0.924692
0.6821
0.538606
-0.353241
0.72304
1.13056
1.13399
0.97086
2.0288
1.44139
0.959754
0.643217
0.0473063
0.0308548
0.224
0.0150221
-0.674193
-0.491257
0.936505
1.22092
1.00394
0.93396
-0.507228
-0.697426
-0.668427
-0.911651
-0.422573
-0.049807
0.390549
-0.033229
1.36807
-0.125675
-0.770767
-0.345035
0.703019
0.835648
0.185354
-0.192181
-0.314437
-0.334598
-0.302833
1.21539
-0.83179
-0.375642
-0.513678
-0.447487
-0.593755
-0.0560039
1.08452
2.03803
2.21105
2.09925
0.632488
1.11962
0.104706
0.400915
0.532295
0.181345
-0.248529
-0.22017
-0.271131
-0.149624
0.264034
-0.0200023
0.343779
0.0529633
-0.789586
1.81046
2.10732
1.84838
0.857976
0.356973
0.0315002
0.346664
0.0300622
0.295282
-0.23038
-0.0680264
-0.247676
-0.715146
1.5732
2.12313
2.28063
2.13425
1.20649
0.209578
1.42617
1.28427
0.901682
1.81526
2.21671
2.54641
1.23501
1.03739
0.893676
0.129355
0.525933
0.0820334
-0.432186
-0.130358
0.0168344
-0.235302
-0.628048
-0.503392
-0.195887
-0.403249
-0.220047
0.763709
0.564774
-0.111937
0.321342
-0.250971
-0.293925
-0.539289
0.801476
1.00487
1.10417
-0.474559
0.305795
0.35656
0.243586
1.02564
2.09325
2.20119
2.53081
1.52187
1.46782
-0.66315
-0.769102
-0.864488
-0.674909
-0.295458
-0.133718
-0.131174
0.452128
0.644465
0.799578
0.826649
0.998873
1.60715
1.56321
1.18696
1.81042
1.29368
0.868111
-0.203901
0.924854
1.24579
1.11014
0.622416
0.158972
0.123434
1.38176
0.726367
0.787521
0.725929
0.642807
0.490295
0.336885
1.05955
-0.691231
-0.610216
-0.60407
0.229893
0.229794
0.510442
0.476941
-0.673269
-0.48042
-0.556395
1.22843
2.00371
2.12749
1.92533
1.44888
0.209796
0.38002
-0.0145817
-0.157736
-0.703642
-0.690281
0.237061
1.76614
2.77535
2.7429
2.70155
0.380687
1.36073
1.22127
0.994732
0.793168
0.838131
0.78416
0.500583
0.77451
0.780921
0.782252
1.90478
0.638213
0.604677
0.43468
0.11644
0.00495986
1.61184
1.61228
1.546
-0.180133
-0.437654
