546
1.8082
1.88781
2.45249
-0.0338103
0.543596
1.33442
1.35961
1.12015
-0.0229211
0.420723
0.576461
0.860066
0.829333
2.46151
0.536553
-0.17821
0.517119
0.761625
0.589321
-0.32943
0.522577
0.584638
0.506635
1.13309
2.3087
1.04559
0.781687
-0.074892
0.338342
0.960196
2.25762
2.24731
2.58392
2.01817
2.16597
3.09582
1.79974
1.00743
0.151475
-0.328053
-0.429161
-0.44515
-0.452537
-0.705602
-0.555635
-0.47238
3.90647
-0.406752
-0.530486
-0.576497
-0.431271
0.230187
0.345179
0.226767
-0.238907
-0.599462
-0.109684
3.73632
-0.0659522
-0.208513
1.09067
1.20431
0.780357
-0.0969825
-0.19537
-0.653953
-0.545109
-0.609655
3.57293
-0.789379
-0.657125
-0.749328
-0.423697
0.610722
0.708104
0.830927
-0.256367
0.3001
0.0104354
2.29435
-0.122208
-0.41803
-0.491282
-0.640436
-0.344279
-0.0492449
-0.205281
-0.541508
-0.512527
-0.413003
2.07232
-0.289263
-0.262015
-0.237303
-0.469015
-0.670462
-0.436201
-0.388108
-0.428578
-0.632708
-0.577227
1.95362
-0.582582
0.978255
2.82738
3.02306
2.95573
1.82654
0.802809
-0.068929
-0.145801
-0.28273
1.74886
1.60847
-0.292749
-0.223933
-0.0632583
-0.295911
-0.678808
-0.321782
0.34626
0.215281
-0.101048
0.452297
0.708693
0.39355
0.170822
-0.309427
0.597184
0.605157
0.639483
-0.678452
0.678311
0.624218
0.947591
0.387734
0.488396
0.052474
1.74431
1.75106
1.73524
0.00656708
0.00596747
0.866226
1.65458
1.65817
0.827377
1.32274
1.39131
1.32808
1.1624
0.190139
0.127489
0.0990377
-0.293087
-0.287122
-0.670113
0.899271
-0.504223
-0.564452
-0.42623
-0.539825
-0.356689
-0.49742
-0.506144
-0.440069
-0.566188
-0.422771
0.78552
0.402601
0.591613
0.626394
0.102453
0.0124221
-0.0422332
-0.153932
0.407704
2.31114
2.38754
0.304342
2.68089
1.94073
1.83129
0.470687
-0.280126
-0.496914
-0.291159
-0.205912
-0.165211
0.715556
0.103666
0.720828
0.495287
-0.133909
-0.446082
-0.415293
1.77372
1.85723
1.75446
0.978044
1.00077
0.207526
2.1983
1.92958
1.77449
0.897092
0.92472
0.876218
0.583161
-0.0416468
0.945473
1.57623
0.487585
2.37497
2.39891
2.20252
-0.332803
-0.0373107
0.0475486
-0.0540688
-0.553473
-0.495237
0.0978714
1.20863
0.527519
0.23656
0.0820358
0.466048
0.581672
0.650917
-0.0662644
0.0645071
-0.149438
-0.372144
-0.286509
0.360165
-0.0641855
-0.293498
-0.552427
0.0871272
0.252858
-0.0358308
-0.647523
1.72529
2.57679
2.51608
0.325853
1.87363
0.938967
0.282786
0.622626
0.366651
0.321902
-0.334817
0.174364
0.322694
0.775825
0.362757
0.10024
-0.229438
-0.439735
-0.454294
-0.597348
-0.274791
-0.187178
-0.271784
-0.0913707
-0.378593
0.583848
-0.509713
-0.6322
0.591689
0.532881
0.266169
-0.551823
-0.657429
-0.691414
-0.747962
-0.726498
0.824984
-0.592007
-0.450852
-0.297592
-0.496073
-0.547265
-0.693194
1.79672
2.14124
2.15132
-0.568703
0.72408
-0.642402
-0.242029
0.304871
0.31052
1.14647
0.901493
0.849724
0.0895845
0.332709
0.393419
1.68826
0.155045
-0.122857
-0.283588
-0.393177
-0.434324
-0.453695
-0.430933
0.513981
1.54102
1.73859
2.06741
1.75325
1.50224
1.16551
-0.460458
-0.447534
-0.246422
1.65378
1.92694
1.97354
1.35342
2.47219
-0.247523
0.34251
0.154963
1.27132
1.11419
0.53549
-0.274548
-0.563428
-0.696117
-0.773736
0.880394
2.22885
0.416826
0.62868
0.986925
0.818939
0.532067
-0.385434
0.710886
1.09492
1.12118
0.769124
1.98165
1.42914
1.08091
0.708932
0.211723
0.101195
0.245299
-0.00947323
-0.54667
-0.493075
0.882987
1.35338
0.984814
0.826178
-0.440878
-0.611057
-0.694074
-0.740561
-0.405792
-0.0488286
0.371459
0.04257
1.40023
-0.119722
-0.683113
-0.194257
0.809302
0.858381
0.244453
-0.217908
-0.179415
-0.315967
-0.335146
1.14807
-0.764277
-0.208474
-0.367562
-0.438477
-0.552255
0.0158136
1.15325
2.08124
2.15055
2.04347
0.64405
0.997242
0.0407411
0.367542
0.42084
0.181316
-0.296464
-0.30471
-0.203172
-0.152775
0.222987
0.117206
0.329216
0.0612419
-0.752217
1.95146
2.0473
1.79381
0.833271
0.274937
0.174523
0.255732
0.0491944
0.342507
-0.197556
-0.0206293
-0.159323
-0.68926
1.67537
2.20892
2.25451
2.02019
1.2476
0.299756
1.52646
1.2434
0.792275
1.87427
2.15779
2.38655
1.43416
1.12693
0.834358
0.21444
0.571167
0.133442
-0.365223
-0.302891
-0.0262269
-0.245755
-0.623001
-0.563486
-0.243919
-0.413139
-0.101799
0.697299
0.556581
-0.182392
0.264756
-0.328835
-0.475586
-0.640894
0.834255
0.967583
1.03346
-0.506232
0.231259
0.331837
0.219451
1.08986
1.96094
2.15367
2.44215
1.52127
1.46878
-0.647734
-0.732931
-0.712585
-0.504993
-0.422336
-0.112879
-0.11884
0.445239
0.638569
0.8228
0.906822
1.04542
1.61356
1.61934
1.37555
1.80385
1.27155
0.797062
-0.125448
1.02667
1.29374
1.01625
0.598251
0.263243
0.105439
1.33755
0.806411
0.781423
0.628857
0.624262
0.485624
0.297224
1.13289
-0.716319
-0.631462
-0.643992
0.424389
0.285426
0.381005
0.307619
-0.630144
-0.372287
-0.623853
1.3541
1.97155
2.12212
1.8707
1.47656
0.218367
0.343482
0.0278703
-0.194476
-0.795249
-0.657902
0.375556
1.8066
2.78508
2.77679
2.58279
0.457844
1.38594
1.2033
1.0033
0.879616
0.854434
0.68566
0.621282
0.876609
0.825234
0.707379
2.035
0.711048
0.600386
0.380569
0.109257
0.114474
1.70698
1.58596
1.53224
-0.113592
-0.446988
