182
0.13274536666666667
0.2491605853333333
0.16471257666666667
0.20318435999999998
0.15530902816666664
0.2886142333333333
0.14316626133333338
0.20421066666666668
0.12862097500000003
0.19315586333333332
0.14944373333333336
0.14683925333333334
0.16159194333333332
0.16899765333333333
0.23386807000000004
0.13875247666666665
0.20118053333333333
0.23968074666666667
0.1687284596666667
0.14445695000000003
0.16440583666666664
0.17334852000000003
0.10199772333333335
0.2206011
0.22565655666666667
0.18996111333333332
0.2226361
0.19587061333333336
0.15151524666666663
0.20239682
0.17341543666666667
0.1264409733333333
0.1837764166666667
0.15007847333333338
0.11948565666666669
0.12519798333333335
0.24488900399999997
0.19343872
0.13146016666666668
0.13795053333333332
0.14316916166666666
0.15565393418666662
0.216734931
0.12276590666666666
0.16549623333333333
0.13959225666666666
0.17460444100000003
0.17033914666666672
0.16948828540000002
0.18151683999999998
0.2210539
0.11800475333333332
0.13608063333333334
0.19557404000000003
0.14800643333333335
0.22625481999999997
0.22277940999999998
0.21418791333333334
0.25709246
0.15883356666666662
0.17978206666666668
0.2132558353333333
0.2009465
0.16412291433333331
0.24891169533333332
0.15386698999999998
0.24879463
0.14055649666666667
0.15569292333333337
0.2489275933333333
0.11350457000000001
0.18656284566666664
0.1339447333333333
0.17242477
0.18162511666666664
0.1657017533333333
0.1230450766666667
0.13972573333333332
0.18713055966666667
0.18407968333333338
0.19517796199999998
0.16910231333333334
0.213412311
0.13439825333333336
0.20237914999999998
0.20048240333333334
0.24797009
0.1608958033333333
0.19168061000000003
0.14304106333333333
0.1301411
0.17619276666666667
0.20185285000000003
0.18481666666666666
0.16528159999999997
0.17218441333333334
0.11177817999999999
0.18191719999999997
0.1689045
0.21432977
0.18180321333333332
0.20703676666666668
0.18030727666666665
0.23211273333333338
0.14962955333333336
0.2304463
0.1420515033333333
0.16418928873333336
0.21697609333333337
0.17240962333333332
0.1661954
0.17404317833333333
0.1379840633333333
0.13115927200000002
0.09131000000000002
0.22382046666666666
0.19664082
0.21238425999999996
0.20681621333333328
0.11317604666666665
0.17925334666666667
0.2574747
0.26512111666666666
0.16622739999999994
0.1819546366666667
0.20277576666666666
0.12891066999999998
0.15730414333333334
0.15725146033333331
0.23037906666666666
0.18489898333333335
0.19897485333333334
0.1599889466666667
0.14593079
0.13083938333333334
0.26501499999999995
0.10290172666666668
0.13718144333333332
0.15378429000000002
0.20612341999999997
0.2101205866666667
0.20513407916666668
0.14236225666666671
0.23335583666666668
0.19291905666666667
0.21006317333333333
0.12363144333333334
0.19098146666666665
0.14666096666666667
0.1858456666666667
0.1861524
0.17086883333333333
0.12720343000000003
0.2500924833333333
0.11737716333333333
0.20092900466666666
0.15484240333333335
0.09957497
0.15353826333333337
0.09260352666666667
0.20493215
0.11759040000000003
0.17052795666666665
0.16146661
0.20236976066666665
0.21743789666666666
0.19586072333333338
0.21030526666666663
0.1536533427
0.27385500800000007
0.12308880000000004
0.259617673
0.1810524133333333
0.21832768
0.1977961
0.23504738666666666
0.21476018
0.1922798366666667
0.12121217
0.15318354000000003
0.1751106733333333
0.19439443666666664
