182
-0.5718553582773223
-0.3642805832194808
-0.5822973274608694
-0.17942118931921666
-0.19880831481413994
-0.31453335187366055
-0.44091397822369294
-0.5661450779633538
-0.6555641381652966
-0.5750927703245682
-0.0689863402494466
-0.4197590325458054
-0.6198247507803891
0.03594284448626906
-0.14596062070145865
-0.29920541177727805
-0.5278156792626901
0.21690603288922947
0.49176028642084924
-0.5765440192648706
-0.6410611898224314
-0.4391886636565878
-0.5392253025497049
2.858359845404156
1.3022904016415175
-0.6111882123348255
4.548426011056674
1.4834728290211345
0.012555102260699018
-0.4728139212547627
-0.6071174270004658
-0.41033805664320455
0.35399552885995605
-0.22920724865192713
0.033255982880161364
3.3334624415138987
-0.18239118967952087
-0.41515535293855904
-0.3265335221100376
0.6882224435338142
0.8362828763108158
1.0265062271219916
-0.5483470931189719
-0.6593893818966688
-0.607810730229251
-0.535078613299854
0.014431349773363682
3.817602832170004
-0.07677700666134046
-0.28097524285461944
-0.603205510146589
-0.5915146800949297
0.41956989600490086
-0.5470069185653563
-0.3389337694716361
-0.5837756363883035
-0.6241383766777179
-0.16302036379858165
-0.2924168172512377
1.3120772458084031
-0.3779506029434599
-0.4401039340957886
-0.6404995882645216
0.25305252148868496
1.3243043705110198
-0.5437421727788456
-0.38343727862550997
-0.41122841398062865
-0.5493706696016704
-0.07557117745834972
1.9437013925358095
2.6489963690853386
0.15606168221206154
0.145750578676488
-0.5098290681713236
-0.42019871045675633
-0.516042130246808
-0.4397760553272055
0.03355329836685183
-0.4822736188995769
-0.33179853968996853
-0.38222717844220244
-0.3594086600367979
-0.3545604166036318
-0.4536969878586105
0.23690563559563896
0.6887532229747555
0.8495852681228747
0.6939149858896754
0.8954674616109525
-0.462625997944463
-0.19881253562514656
3.1316199716895703
-0.6409888014959202
-0.6526943078700408
-0.6240784823956685
-0.6495626628744118
-0.1871494912198149
-0.1225482425629934
-0.4327694268050849
-0.4471347483934576
-0.5833471440678331
-0.4760564297167411
-0.6439500807301669
-0.4265631855106653
0.08722972205977711
0.8190122415833491
-0.38600350345446505
-0.1431644161338137
-0.2869898755047271
1.5711916149989797
-0.560141825029776
2.980781006505505
-0.6108976713622472
2.0394512226454697
-0.6064397879492232
-0.3817780487157079
-0.62779669099982
-0.09588293749951039
-0.590662008474843
-0.2762693083000662
-0.23073370959853762
-0.5636639720587914
-0.54589141575757
-0.36527676797379116
-0.6072710571236395
-0.597055074241497
-0.5199257915496177
-0.4612709827406193
0.4319611066992003
-0.2584518262550506
-0.3084233785564727
-0.5023001889366174
4.6077204037765265
-0.522636890378262
-0.2609480854161117
-0.6503753175778635
-0.6657211771547669
-0.30287082864035153
-0.08560600589504123
-0.5999833713522774
-0.5580718950587331
-0.5272031614050412
-0.6430114395269151
-0.5648778324582165
-0.4533246295694202
-0.12999450791726103
-0.6705838648411896
0.5779970396156185
-0.5634649004410587
-0.6309931363892894
2.714043295036937
-0.016402150803963688
0.11648965045944465
-0.4133135017627695
-0.6298394545301444
1.8302678490719348
-0.531195936452008
1.0729923057575812
1.023864781893141
-0.6358715487268067
-0.6446977416300094
-0.6257542546972154
-0.5367070121735821
-0.5603203704963742
-0.5258124644893162
0.019672519908196254
-0.024170141510693816
-0.5422353091156691
-0.3004002608546466
-0.24631425716259625
0.30503857474052914
-0.5732079860312573
-0.5388249184212591
-0.6161896713749343
0.21088259388881764
-0.47273632325630255
-0.5522938048583541
-0.33950009842355494
3.519249847926672
-0.02825144090096803
-0.35102187055987716
