546
-0.06163291985773797
-0.23601551215375147
-0.2067419602949911
-0.08259296837869337
-0.15430595777796277
-0.09533956159797617
-0.0896009961344992
-0.16049265263405801
-0.1262420621215816
-0.325590641266718
-0.2702646723044633
-0.23019346991069903
-0.29090496705863156
-0.19501131736181698
-0.2550992555996584
-0.23393520659444708
0.07099660613557367
0.05823031213974601
0.038412124480987284
-0.07048863726122928
-0.14956443436113856
-0.10618165271775876
-0.1293355383723374
-0.22169127761961935
-0.34859260043749835
-0.16507387358466746
-0.09537140796447004
-0.002707388012012871
-0.03542664102161032
-0.35905307040989265
-0.27697856172344437
-0.2826300087776786
0.06675795486107682
-0.12230553303917886
-0.0943282986996006
-0.2721946147381312
-0.25304832278100314
-0.11916857267097296
-0.2296185928065565
0.33756129171272165
0.032332326862370406
-0.08457574993757187
-0.3598063134625708
-0.2970045179046192
-0.13105431797394607
-0.043918558799916046
-0.24424353198876309
-0.24711015584900525
-0.34836974720151115
-0.3009921967553262
-0.3206726147123118
-0.2890613164959239
-0.10349926951293714
0.06649735215940572
-0.08058194572637616
-0.02385871186590955
-0.010581629389958104
0.03169454540650273
-0.31398084662229875
-0.26974611141452365
-0.30086781274147495
-0.3284503415974587
-0.20286581702609008
-0.19577780014809615
-0.01114369833522211
0.35413975478885135
0.7106584270125773
0.46154470263447755
-0.06021231520590029
0.0017016671249743094
-0.02750539759470224
-0.2113032593683237
-0.07187231141279234
0.5183006172721076
0.660599597223997
-0.011064831129662212
-0.24454104814445415
-0.30480405198730287
-0.2298885838403941
0.1637846483069957
-0.1519574245624442
-0.28803784144744254
-0.3429378119935107
-0.304684505980616
-0.15102365509487525
-0.026581621282960887
0.01743096744612666
-0.3008202947968987
-0.3471241547802723
-0.3019964970873182
-0.1306216556561533
0.002455664747993811
0.09115409565638811
0.11673130455696826
-0.03360039470044723
-0.021668117356526427
-0.07308577161828061
-0.19868439748884198
-0.16717302096890685
-0.0795087819530311
-0.09236133742037961
-0.03373110140906566
-0.1941691822397014
-0.19903222132933351
-0.31738400425041624
0.18236603255848588
0.22876177439445908
-0.06908813447844257
-0.2585535715166811
-0.3632478552563702
-0.33442575845317635
-0.3556589621140921
-0.14650264534178975
-0.29476574512355586
-0.30208022309107274
-0.3103551546778585
-0.08963409021981793
0.06323496583066299
0.08214559631972211
-0.17352079723739486
0.007323328517726063
0.015500122653491382
-0.0011479465248739205
-0.09526774665938012
-0.06107922079837963
-0.33096573503839644
-0.3145587831379842
-0.2843824151867776
0.10102621053565249
0.7039849916683618
0.5972292914736396
-0.08972217980593203
0.2550312455147462
-0.02979424561672886
-0.0009438063930872495
-0.1097638129121711
-0.1540897700399118
-0.12901748493748053
-0.19907152079629364
-0.2516386393044789
-0.334909001142431
-0.3696910399391082
-0.2216105470350868
-0.24991703603693471
-0.19352101771313973
-0.18411201819856657
-0.11527918797303056
0.12317803419853025
0.6439511661159839
0.4598512744601481
0.22863318864406737
0.020555551830678493
-0.06752505719400664
-0.13401490600543003
-0.14027672276228417
-0.2841525558461937
-0.13359216601610882
-0.12915566054702363
-0.05840972208787097
-0.06609202501623349
-0.13082417680039193
0.1786794674309872
0.12614228776645442
0.05250122013414469
0.09732590786693325
-0.027322148783943574
-0.29703094232425703
-0.32785518304587197
-0.28632583164536396
-0.024334101553019946
0.7260934488927595
0.7839813788812454
0.18263329879034076
-0.16047325502906695
-0.39685817325264394
-0.3701906230625467
-0.2863938724633191
-0.1971117439964809
-0.08658667249922349
-0.1398370141004535
-0.21400193101840628
-0.18903239084416232
-0.007866195807108631
0.5376004695728694
0.10162509073088916
0.12372442823355984
-0.03618794751349814
-0.11225134465482116
-0.2564402136506336
-0.222111322454096
-0.06982485606210069
-0.29163011770197994
-0.27501348836126355
-0.3054104208795535
-0.27912594919069955
-0.2783292257074473
0.042807676259700195
-0.0066834722837127315
-0.1741411692969054
-0.12260527537821472
-0.07317333825038111
0.13829438482080725
0.2564923832558988
0.20715965423743646
0.027398926298589574
-0.3203178959404354
-0.3075986808189007
-0.25154712807046264
-0.3167940641204699
-0.20510605418153538
-0.22975048831353637
0.42122514375028686
0.07073888896296332
0.27127972174467363
0.11912494142312034
-0.11762398407172972
-0.05197658863555001
0.021295676284449457
-0.04176921489720536
-0.24139146700624692
-0.15841107210609004
-0.17375635928807595
-0.19972703815257775
-0.2587305945085424
-0.03265011430265157
-0.21251328078160361
-0.26703917277189415
-0.22206094016785763
-0.2607995138727596
-0.19109160872089068
-0.1919871926361136
-0.3030276485879537
-0.044482678554238736
0.11394540014101417
-0.014208554537775043
-0.26301299365496283
0.13618699320610447
0.07261233045104756
0.03619864772914986
0.1980284676987894
0.07459237052484959
-0.11875945231952029
-0.04563882480788908
0.019026606924222828
0.19880945076005097
-0.12612019430949808
-0.310187816685747
-0.3242437095270122
-0.3510665718358234
-0.2818030145591577
-0.34533942361491243
-0.27030987259938843
-0.04476297877151325
0.1713263032932593
0.03047458749664027
-0.22663173308780082
-0.2607144993100614
-0.13088248933943022
0.19560934353181028
0.3590681406432714
0.11857616384135088
0.27677656437553
0.025621046274704122
-0.09090637821318054
-0.3512654528475494
-0.17213543042340482
-0.04587985677897481
0.18863479723968926
-0.20690537252159216
-0.03857770886731584
-0.1198114910061059
-0.11730885144907878
-0.10765471563309213
-0.11332357989144604
-0.0393836967343662
-0.14850714328549355
-0.16418116237520414
-0.28852543598106006
-0.32376374433229943
0.0008759156380346667
-0.3204148596381853
-0.2537947549655795
-0.1631783227538704
-0.11893298603522844
-0.24139112609673366
-0.2082278067922779
0.40530452252480176
0.5032160696902319
0.20626457426586126
-0.04013373844395556
12.839941250888582
-0.34102369735720195
-0.168269490959445
-0.07186341017700576
0.3708763281616585
-0.0236956565594398
0.17702957593602794
0.017360653045417573
-0.01044749527623889
-0.3455494694201879
-0.3327498012332874
13.269942548735616
-0.3564350782485495
-0.26810526954119424
-0.3699137877994737
-0.32996814797930263
-0.3206969753720289
-0.2670997332780339
-0.155689508901836
0.21425526734690148
0.24320026098284458
0.024672906188362192
12.531880746047708
-0.2638846115949087
-0.20632147186700417
0.12679572990150392
0.9388784471899594
0.5182375570112582
0.39378452653423945
-0.26356881702175844
-0.2805250112134603
-0.3492597086411939
-0.3282648594783071
-0.04025037295984242
-0.36146321592671155
-0.3109413766105907
-0.30982299143561276
-0.28129811713072983
-0.07483262076730801
-0.2530493165411466
-0.36217954228631527
-0.22654709941023982
-0.15763494858499474
-0.12419603106777234
-0.23703240870853473
-0.17180085882195348
-0.0066324546479027205
0.3844522945622901
0.3508993190347311
-0.19553591761430997
-0.29745343588968576
-0.2646669278126124
-0.0797844543320361
-0.052211561861759
-0.14109045222764866
-0.2107749506578563
-0.2826532355087723
-0.16167414315013123
-0.10442446728532187
-0.05116846298104014
-0.04629722711029783
-0.2568040748491096
0.013734906644964958
-0.03119814313654457
-0.22347908249533951
0.036991503545214355
1.01016233035581
-0.3456864577290461
1.0800831186111775
0.22029697662607037
-0.1591187531187694
-0.017798613445661995
0.12765274379688696
-0.06150937538403408
-0.2341903457484723
-0.3089583099015273
-0.3496004501524479
-0.1902566684993117
-0.33670914083475906
-0.1949952311540055
-0.22628894282080034
-0.16528160597829197
-0.23799240148724884
-0.17038567497655704
-0.22214248269869624
-0.06302116538184176
-0.07935204832051349
-0.12247224946348463
1.7522533142729635
-0.37660336529196403
1.764705860477794
1.2381754090053518
-0.35774772018792544
-0.3639219036890474
-0.3620786077306109
-0.3624596317952933
-0.32423114494224
-0.3205030412298093
-0.26516522268804876
-0.33257719967518284
-0.3525028991348831
-0.16127728047971795
-0.14788187811450212
-0.09541446681401594
-0.2646505728685963
-0.27901464684780053
-0.2772749848019236
-0.199896315161129
-0.16294672878907668
-0.00652614486766568
0.3009239004435445
-0.3710671789095277
0.07855055874393119
0.25583238761700217
0.2835412921370134
0.157228559860162
-0.0011352968365714957
-0.11385237118006869
-0.17359558948468154
-0.15678291355078255
-0.23411033456781558
-0.03954785196127385
-0.3302853424726802
-0.16742960394547052
-0.011420082309031146
-0.21849403190704073
-0.17937704526478138
-0.06817381149003662
-0.11053037913237923
-0.24007148945722134
-0.3285886666055118
-0.3479635604862491
-0.25416404524216607
-0.30244030179021947
-0.10072554319492369
-0.02951586726164731
0.013009171102845603
0.8307624602170071
0.6925012602538939
0.6029817653646268
0.4153910911444142
0.2808937260626281
0.13427156906454432
-0.30225661470441334
-0.336482940589483
-0.3032576751902922
-0.295247598594743
-0.3592147118069092
-0.3216076934509534
-0.23519864666015686
0.276847717220301
0.2750273265974952
0.12539681008037407
-0.16466479662699476
-0.2545688735391943
-0.06501238716875435
-0.3454811161865662
-0.19074132839320262
-0.30574634626959635
-0.3170253775247285
-0.2873271596703279
-0.2551692855315636
0.04834857026483785
0.04978317839354007
0.17574838198198864
-0.17136010930054693
-0.21638452058316165
-0.15877873263364478
-0.2643462148675444
-0.18232458040939173
0.14381821977442535
0.03213574104824157
0.06043146009477217
-0.04293012583100914
-0.046261758770372544
-0.045130905265831835
-0.2711108771599185
-0.3105646990994415
0.0190386781158637
-0.3187004459654452
-0.3409893011517583
-0.24649586432165005
0.13546703365043983
0.13400048984346152
-0.17972850666224782
-0.1207541106784354
-0.10017252995877843
0.20576148413161655
0.10876320258722819
-0.035055585287253936
0.21872816601608225
0.07708317136714027
-0.03101661556679034
0.09320925540992911
-0.014348604679660714
-0.2622160908929087
-0.25269935779177277
-0.23177736798253248
-0.29152155832273857
-0.2956818025305105
0.10419617177038597
-0.24630549662911028
-0.26101694169956086
-0.20277456050364762
1.2810191235348174
1.2522359247850865
1.0568169277574715
0.04604758497624881
0.03164478396797023
-0.19337785183347925
-0.1988106328937874
-0.16441464507871867
-0.05499410300922392
-0.26934085901471866
-0.18141526855773177
-0.19999894973757318
-0.26988376065820185
-0.16628201421767458
0.43601397524667074
0.3088114956817356
0.04425011682362138
-0.2914872856182271
-0.2936901756771214
-0.07473022197002267
-0.213925201278127
-0.059333084481705635
-0.15308886428627388
-0.15128287533564255
-0.2780549327231532
-0.28063535478728246
-0.3322733500691061
-0.34168837089725146
-0.2804380933896694
-0.09746230373105574
-0.2554133580296004
0.19004374022267087
0.0872499547750619
-0.08981668757644051
-0.08619331565357635
-0.12748260571498263
-0.12589247012714602
-0.10312328057007035
1.1432862239828698
0.8404026723140946
0.539071040864613
-0.2376069682120256
-0.20183392587823737
-0.23428450585986454
-0.16256134810133427
-0.28641522540274295
-0.3568227366348251
-0.19779606229462504
0.12279750240047317
0.4103855467303101
0.05471757757772812
0.2252829609326765
