109
0.636677
1.74933
-0.0672803
0.378757
1.14053
1.02177
0.269463
0.826398
1.06379
1.51923
0.70241
0.361082
0.527581
0.380744
1.30299
1.16593
-0.141808
0.733317
1.23981
1.87739
0.047158
1.85067
1.5982
1.42576
0.343783
0.930379
0.166925
1.21061
1.27996
0.37464
0.646722
0.104751
0.592271
1.9772
0.358893
-0.0278535
0.499049
0.118503
-0.11382
1.50239
0.668905
0.0641942
2.10283
0.0666978
1.41274
2.03715
-0.442528
1.85655
0.701765
1.34768
1.79316
-0.554758
1.41042
-0.00633624
0.603393
0.640381
1.04618
1.0675
0.884063
0.375637
0.605783
1.61948
0.365122
1.70281
0.578866
0.592706
0.787304
0.0634762
0.598516
0.905688
1.00319
-0.0976674
0.982179
0.213301
2.2203
-0.032585
1.51501
-0.304778
1.90912
0.888672
0.71472
0.722188
0.537145
1.63521
1.28197
0.784014
0.0764464
0.625183
0.935444
1.78732
0.654294
-0.439825
0.729712
-0.107483
0.431123
0.687291
-0.295645
0.326202
-0.340934
2.43847
-0.4911
-0.266775
2.02121
0.894986
0.515274
1.19283
2.33321
0.606562
0.710627
