109
0.90174
1.78001
0.0238578
0.346849
1.16061
0.844701
0.265826
0.777833
0.87203
1.49232
0.801319
0.188096
0.542579
0.454973
1.31035
1.22262
-0.298862
1.13906
1.33085
1.70083
0.22898
1.73485
1.56216
1.33201
0.495037
0.737642
0.285879
1.11018
1.36718
0.559498
0.488615
0.292326
0.469221
1.89578
0.310601
-0.0993081
-0.0989925
0.370584
-0.224793
1.66065
0.711394
0.238835
2.15307
0.15127
1.3888
2.23498
-0.464984
1.67051
0.465896
1.62375
1.66745
-0.272648
1.41531
0.0755491
0.850557
0.656055
1.25054
0.950973
0.696241
0.344082
0.389604
1.62283
0.368539
1.43091
0.570469
0.27166
0.732538
0.186167
0.724928
0.665679
0.901543
-0.243071
1.05507
0.364774
2.13842
0.0189783
1.08852
-0.122179
1.9994
0.852034
0.406689
0.631519
0.263552
1.53663
1.27444
0.721963
0.0476031
0.568776
0.63939
1.67708
0.794259
-0.0382373
0.361871
-0.177405
0.361057
0.729826
0.0739778
0.614608
-0.23014
2.52834
-0.599449
-0.119543
1.93639
0.664928
0.549606
1.03703
2.39503
0.702811
0.777503
