546
0.6556509329828459
-0.5903882578597828
-0.7089257472428103
0.35151113758996505
0.7199315416556296
2.1827915918258562
2.1149507818454234
1.397894604016272
0.2633390093603501
0.1294805783060255
0.1663961448004347
0.27678920572831245
-0.3682117474203406
-1.00955301080912
-0.7567764311689344
-0.8707409778990834
-0.16865129617012375
0.4723553006985212
0.19230181808746427
-0.2963570975303957
-0.6936025915840213
-0.44453058965739245
-0.4662879928932508
-0.3326918834004924
-1.1968854653508827
-0.6644303591220577
-1.0496027234333276
-1.0229093165211853
-1.1180553198409837
-0.8611956805652786
-0.7479929500184895
-0.8623095530467573
-0.5958134196815498
-0.40660478747596307
0.35019396321472235
-1.142325774991037
0.7168579013728642
0.33806389059615966
2.019276921834856
1.8325696666379876
1.7167751160895788
-0.5891114468697121
-0.9205109393026953
-0.6303653509828535
-0.5652079258115504
-0.4590522015514769
-0.9982568685671581
-1.023907910462123
-1.1107361647210015
-1.2263636341809543
-1.0419030632592907
-0.8147023211749767
1.0703673515834067
1.3020500068861367
1.3522034355813042
-0.3340323598526406
-0.1755556875590831
-0.3642223893991791
-0.24957700493384297
0.03296304837592889
-0.2475185811908193
-0.05789987892424972
0.09635355761740194
0.020784327333725216
-0.011491576773382861
-0.46897759191641397
-0.3614133648314673
-0.41547651054915324
0.08421503346805818
-0.7069167473029313
-1.0097674056886543
-1.0218434185002951
-0.7636809740636155
0.528895898795131
0.823363373750511
0.5259677931427739
-0.7972492981203485
-0.5378076715605161
-0.4099393324397443
1.9179180318788398
-0.3163852694260295
-0.39534545456900944
-0.48549587296722163
-0.44682461221882463
-0.3894878353706811
-0.24871797455906922
0.19150789224728837
-0.048212628949495163
-0.24215883697320909
-0.22398534188349548
2.004974540968244
0.3203879113574499
-0.052495630235495576
0.33145037280967443
-0.8963067862069277
-0.9259577284093963
-0.8531787153841228
-1.0336683323799771
-0.9993978442261798
-0.40923528223208844
-0.4715149476342141
2.201806399719652
-0.41574972924172005
-0.04370282210448435
-0.5438988707997571
-0.22733938515213822
-0.00613548491856884
0.232086349497416
2.594461685583983
2.483665135857181
3.162699749210501
-0.011853275488187319
-0.576810332111708
0.12956058474011067
-0.47742967941631226
-0.8868239801852168
-1.0344039844579351
-1.0610099955554402
-1.1357900998975088
-0.9461860957862399
-0.8153779964102663
-0.9920581687288241
-1.1413271684936255
-0.8838487500118744
-0.48126461295181494
-0.7177820309559662
-0.568326138760835
-0.4358128001203346
-0.11626960489535128
0.4486751866829694
0.2465320879702583
-0.4538172794293622
-0.3368682234031686
0.06388553167153255
0.27609037974110046
-0.37941798003019256
0.17110102268005942
-0.04143198544723894
-0.5474818186739756
-0.7535797262842294
-0.8175852152656021
-0.8720444127632937
-0.7480700080170324
-0.8029372378219757
-0.06093331057300006
0.49542834733660146
-0.5629726749400639
0.1311032327386355
-0.032107893400227516
-0.2511649365195515
-0.2853606413374632
-0.7421172738654807
-0.6712835965726003
-0.4838554661393715
-0.27207134986742454
-0.5613681983808654
-0.5213022169637624
-0.7698938749827017
-0.4391535121910148
-0.22560767504224546
0.12006658297972815
0.28437856290272284
-0.7114701377482996
-0.7805478360934244
-0.25843833445638664
-0.030780358854595548
-0.5682931800482943
-0.7254429504621727
0.003982908255712513
-0.9861791869704266
-0.9370237668363868
-0.7431170054767146
-0.5760589781862251
-0.43623839808182735
-0.3988689286813347
-0.7237297548227001
-0.7266502190959621
-0.6575336222380587
-0.42220214229709563
-0.21589899269501467
-0.6259993226296038
-0.6512465026272594
-0.3486045235155198
-0.7753331664108536
-0.8237837624947587
-1.140831438166864
-0.7273888167369974
1.4037314558064147
1.6547449081431411
2.2309274789281224
-0.11924958988662314
-0.0658892181386121
-0.4483028998198626
-0.5570329740430304
-0.674714153777213
-0.9373524520623526
-0.9429618359182063
-1.0015039618511037
-0.8334309190609388
-0.7170877898338202
-0.5784020762493515
-0.9521120084121825
-0.30631314025498774
-0.24039327297501314
-0.3711953735872897
-0.3406415918015912
-0.17934154729459553
0.08742203432576594
-0.031088322476519395
-0.650450063688832
-0.9371793945139578
0.058877682232848595
-1.1194435374130538
0.35348969664730945
1.1466753860741945
0.06658990015886852
-0.19253181949953593
-0.6081154275548314
-0.701823325725317
-0.34473827064597395
-0.604927284708207
-0.9212004510665517
-0.8038356161683544
-0.6128358962022885
-1.0066975975718029
-0.27891522784911016
-0.05314850833153823
-0.3178180743794987
-0.6131902501077601
-0.9350108402403124
-0.3361868703217562
-0.5145679242052352
-0.5152147143302742
-1.0340605384159676
-1.0783731019398124
-0.7439183604469084
-1.0331822992008086
-0.8678935974279726
-0.671297758625315
-0.5770131071818522
-0.5879089502080507
-0.1510320022040529
-0.17921621768487034
0.30374999106395123
-0.5843467047171105
-0.7640465065748288
-0.12851993106456341
2.040588941580573
1.9777618569235913
2.486719018156203
-0.22311580225772656
-0.4542558082795237
-0.5389396782518955
-0.5824198186031211
-0.9751476828725016
-0.5626970088315074
-0.6781239719009802
0.4214306776900461
-0.763873743188183
-0.8584994513671823
-1.0439815005504325
-0.860809086800631
-0.865158181732227
-0.6795943495570299
-0.4859310700247732
-0.4375944266683012
-0.4678211660114503
0.09805550386280391
0.5731117910674899
-0.04350734563024304
-0.09384611226325823
-0.25513330300369136
0.14984439479815187
0.0806702485600855
-0.47894116759783667
-0.5848202362357753
-0.8485329977137017
-1.0548485876252491
-1.138918601757036
-0.7562382044229877
-1.0004774559031004
-0.9874150526104826
-1.0720758650846853
-1.0298841205677953
-0.9443074563626698
-0.7730016467347267
0.7445477074711924
1.0251291698779885
0.9641353980832105
-0.1675067233533199
-0.28840095487670986
-0.24418672711723627
0.09073359583844814
0.40159541066029397
0.5737342875666187
-0.34747376786547546
0.001418636173432871
-0.11790806858667752
-0.5594124845361764
-0.43132903324738775
-0.3546131804423448
0.21529962493076152
-0.07306270080432033
-0.8338314515911673
-0.45309780794872695
0.02049613143814743
0.4156936886697035
-0.31108776884726064
-0.6994400750274874
-0.7098610429267276
0.021543479760577085
-0.13899587905859578
0.26155701140567933
-0.13850096121875663
-0.4066335716801842
1.1272350951560173
1.4018807673543534
1.2098231603609766
-0.24788255288953176
-0.8042892738731181
-1.003962806628425
-0.8758919532218423
-0.7977408056495319
0.6096193394734765
-0.9313146619252106
-0.8970070822353908
-0.8888501506208025
-0.32262347642346084
0.2342686662219228
0.1609530353504167
-0.4594946779676313
-0.6286982775544971
-0.7989963958551458
-0.6554066549790907
-0.6803920411576163
1.3953610679772337
-0.4655199497582446
-0.04453569268765535
-0.6234053102541105
-0.3589863406903001
-0.34849423470972724
0.4046421348860126
0.33690479518145516
0.6862082816421198
0.11684125936600946
-0.2796554925615985
0.8021013670478688
-0.36507432022602904
-0.5881869064552463
-0.5004711649422472
-0.4626994906054882
-0.2836047533975181
-0.6245220255858558
-0.4897317481749655
-0.7060081371347572
-0.5812883112955102
0.34695719645204565
-0.3101938614136339
0.7283892128398982
0.7217595499368709
-0.3051390846385274
-0.5704477901885926
-0.7257413396843451
-0.46761930632145426
-0.15464720536473178
-0.09696761411989317
-0.6281623921251533
-0.7671735394290617
-0.47745806891497955
-0.7317690361281067
-0.722597824602264
-0.5254299833150673
-0.008200380013752027
0.6512589413489434
0.6145833337656856
0.14461166545044302
0.032262132964998476
0.07852211213824783
-0.3585258308953288
-0.44990236307112147
0.05113652785210464
0.5642546999931136
0.23653192661489364
-0.15638659971401894
-0.6073090212753665
-0.48643727344265925
2.864757467250224
3.4130270834687026
3.614563568063704
1.08008203825089
-0.7433255580906807
1.0247499587402644
1.0373547897581044
1.4118764270213644
1.58182502826387
2.019439340650542
1.9045150133910969
2.0374299166819734
2.9164678067414007
5.483301492281606
5.336939348672155
-0.991786103972563
5.06242906465007
2.48588660954612
0.7893110014631427
0.39242354966350235
0.4467260247719883
0.38511457065338944
-0.24012845273725553
0.05189247865152452
-0.10902717080791297
0.5907880160509501
-0.5840080848342193
0.23744776546255514
-0.16668464884125023
-0.6219173928908084
-0.5453293968314519
-0.3971166915730108
-0.207086310365062
1.1105783734044592
1.2695515221169587
1.1174669079885031
-0.37990821068245956
-0.29701600446662196
-0.8016450710882776
-0.5177335388178417
0.6184112993011471
1.1669605640363276
1.2840602287470047
0.8047111204338194
-0.24879941692181942
-0.7946933840945418
-0.824080899277667
-0.7775113548194046
-0.013252526819710009
-0.8115317513547291
-0.17943451601669905
-0.13223166048144638
0.03321833304469689
-0.47427649607381234
0.43214699755296115
0.6239200274087183
0.4697952113769799
-0.2134316550003154
-0.7273876021965756
-0.8665177060350958
-0.9414068265717858
-0.36578864565160973
0.5469664747583637
0.26726371727769954
2.328512387682255
2.408899628947313
2.1017075243102528
1.5878615756263126
0.9140745657154965
0.3305863642440038
-0.560360289609042
-0.48531506236379335
-0.5993206836558842
-0.8042680920800959
-0.8749226735834338
-1.0425026234353394
-0.9273361740841997
-0.5985329443061441
1.9564049106292036
2.028543600098088
3.5086191873890904
1.4413646387439392
-0.5996326147720642
1.0859084384312798
-0.5878669395185843
-0.41420622758301223
-0.17092231769830296
0.7622352438039266
1.0356435506717376
0.7171243502751105
0.7323652076281528
0.3082770302858044
0.06698331962378898
-0.5292894597669754
0.6209874295210251
0.355881527578771
0.4113135569536615
1.2511252748030148
1.6937984886886068
1.9571796246628412
0.6772787104205192
0.15196778544652853
-0.3324982854460003
0.4786472537053587
-0.6785954246835637
0.2338964427163058
0.09177778347833107
-0.4484603579188779
0.8847209824915839
1.3723284861346583
0.8939116812671394
-0.6129129775192453
-0.5177899871923755
-0.5909668921249088
-0.7219486135819334
-0.37340386866457953
-0.8628939750719797
-0.6824606985057591
-0.8446349579649263
-0.6338978902308177
-0.7390240460242556
-0.518557168426856
-0.2981929341326356
0.37614687674856623
0.9515233656196285
1.0402063344479566
0.7089859441452339
-0.636685212525719
3.8510913441805465
3.9541724967529444
4.602312562690023
1.3469852063802283
1.2814744113076297
1.2956979413687812
0.4120606625761328
0.9652027572091015
0.5157096468035134
0.5338821442770562
-0.4651864777020078
0.44562297468629664
1.1854048222849094
1.670038732282855
1.1563212084662808
0.3442172058950143
0.5919832619154258
0.3370779803036607
0.3556024228470401
0.5369086118882115
0.9724424118607271
-0.4040221442843077
1.0577346971020778
1.2426503064826027
1.4331536717043964
0.9387650449584749
0.9433123218015559
0.08232389153699514
-0.1819601029751033
-0.0875918848459477
0.01908521707490862
0.39109523424470377
