182
1.797571517098382
0.5460614628384435
0.7999951010906222
-0.3863727658969612
0.5297571202773543
-0.1627682973932184
-0.48899268601691487
-1.1637202173171801
0.5150454878278027
3.1032628325143663
-0.6753052686479113
-0.9979540300316473
-0.9426576944129188
0.19906506301073806
-0.03549747817716119
-0.7973780087717887
-0.6733465126008132
0.24085260146089774
1.2850028936165447
-0.7406933904542337
-0.6668373512708845
0.1668221216036992
-0.5092080573082973
1.6780663544187628
0.5315892722623139
-0.15050009563868288
-0.46204311680583743
-0.044139099767760544
-0.033931682791541525
-0.9303180981633524
-0.42624490081240685
1.80997695785679
1.5431614167455723
-1.0039586649925953
0.24877770264908503
1.4825403370082277
-0.6563287821242251
0.9568933099212057
-0.6081933672272914
-0.8525371577219307
-0.9672285170233833
0.9707889201506721
0.727868895005922
0.24632189527505596
-0.19863295565861128
-1.20645989853495
0.40834569861830194
1.0325315904889925
-0.8169732782105954
-0.6824226066273952
-0.3651170834448208
0.7809277788412304
-0.19684297155466443
-0.8965806789278294
-1.1009258250835225
0.9855381086603828
2.685640825493625
-0.3679172853708026
1.7650326749266767
0.12628747672234641
-0.6918312069985135
-0.2238190825449467
-0.8272316417441642
1.8915743982885274
-1.1633436243831954
-0.18094297236529167
-1.19527780221183
3.495019491569771
-0.9983248210055454
-0.27777541084580865
-0.21820675586924831
-0.7283258875505128
-0.7819227611766942
0.10856112162986101
-1.0435293281369296
-0.268196638305251
0.23621423563034016
-1.2168332007387168
0.5357582274969719
0.31222930760566775
-0.06930285077123204
1.4258778418439875
-0.14393172666835877
-1.2489719920314146
-0.7943744670772517
0.12049886659680492
-0.14090069392371843
0.709540957986066
0.4644719652255999
-0.40248004985519203
1.4796020478097338
-0.6723287844701025
-0.5619537295956104
-0.662068318487996
-0.5491102224947091
-0.013817009018947122
-1.0035628797322498
0.6857421964159162
0.5352964707607901
-0.9629494992300351
-0.2556876729879558
2.113558021580931
-0.7280220208504798
-0.9315277586393411
-0.21927876229709917
0.7410248001492256
-0.8492481371072623
-0.535098949280948
1.5512586314123757
-1.0859108153606973
-0.5590802777366997
0.2285371747734057
-0.08581752981298917
-0.42840722730313197
0.4844967498070027
-0.007111070591089964
-0.4513027244151661
0.8497998679147132
-0.8768620304787983
0.2860678138959075
0.38441542796565575
-0.6917563361571513
-0.7052067731526775
-0.6160367500667239
-0.6061692142761533
0.45941220550106526
0.2870659311358551
0.6395693347499943
0.6838880126395872
1.167457856378485
-0.979744380998834
-0.8789593181118259
-0.30901556634558675
1.1492248517645736
1.0930264892022994
-0.45027308848766473
-0.3512299074593831
-0.0218611452141747
-1.1910072906837472
-0.3551369724996677
-0.2325502503161976
-0.5173011881302577
-0.6648219563353129
4.756612315333949
-0.10850668536570807
-1.0795811203499603
-0.7139833879667852
-0.04489423010151151
0.1492024842465418
-1.1041150891340317
0.3823737157871978
-0.0006746987486103146
0.30448594560074016
-0.24504922315490404
2.319963020038068
-1.0565827889971977
-1.1388142689862926
-0.4565685521716832
-0.3832477333252911
-0.6465493873337049
-0.2587182041236536
-0.286414726654297
0.75021608249435
-0.448224745524147
-0.16252989809803656
1.2363431610625173
0.139324599981382
3.859734755246904
-0.49123648689801336
-1.0387722331252527
-0.8345443586471849
-0.5034345040428596
0.3147630862956325
-0.852855609305339
1.742456523140623
-0.8178630994528063
-0.4290641651423098
-0.2052624278779129
-0.2794963995379363
0.9114683662848204
-0.7019759133602481
-1.0271335350895365
