182
1.61506
1.96058
0.308366
-0.540026
-0.0809945
-0.449645
-0.22819
-0.538308
0.1407
0.37225
2.33808
0.0572051
-0.126903
0.0428201
-0.341253
1.11859
0.708112
-0.650172
0.995029
-0.709887
-0.573221
-0.332945
-0.419262
1.45189
1.466
1.50142
1.08573
-0.607718
0.0447811
-0.511123
0.00820699
-0.343497
-0.34558
1.15482
3.1486
2.06206
0.0207387
-0.306166
0.558698
-0.313528
-0.136516
0.0303848
-0.3131
-0.576133
-0.0776635
-0.284417
0.769678
2.33372
-0.342301
-0.2193
0.186257
-0.429439
-0.130337
-0.194117
-0.249747
-0.0698629
-0.785721
0.376033
2.26675
1.80939
-0.208452
1.53763
-0.394691
0.803085
-0.279043
0.304061
-0.257848
-0.555537
0.132866
-0.553549
1.58681
1.35798
-0.223288
-0.639992
-0.4677
-0.313412
0.37831
-0.301201
0.449683
0.0308097
-0.475583
0.882339
1.39002
-0.588264
-0.378448
0.582396
-0.0703185
1.05958
0.872038
-0.159428
-0.393094
-0.146385
0.522285
0.998825
1.9311
-0.235584
1.51697
1.32508
3.19409
1.09495
0.331091
1.72602
1.52839
1.35937
1.13241
2.90858
2.4962
0.372939
2.20788
0.268048
1.46164
1.55814
0.895284
0.0936911
-0.503524
0.638333
3.29056
0.247246
0.416547
2.78605
0.406977
-0.294846
2.84816
1.03502
0.0326866
-0.456281
-0.159265
1.13857
-0.396547
-0.492428
0.184012
-0.263466
0.578379
2.25145
1.00912
1.06209
1.05874
-0.031015
0.285426
-0.332215
-0.019646
-0.43827
0.653607
1.21838
2.91863
0.289554
-0.131871
0.042097
1.1534
0.391654
0.0432229
1.32108
-0.26326
0.8977
-0.159329
-0.201006
2.25842
0.568152
-0.268938
-0.422505
0.429919
0.236143
-0.241939
-0.249503
-0.207081
-0.137228
-0.129241
-0.0751169
2.52894
-0.31957
0.364885
-0.362999
-0.0260719
0.0668386
0.655138
1.00478
-0.246745
-0.338552
-0.142789
1.2853
-0.331873
-0.580387
