182
1.62584
2.20111
0.327566
-0.561763
-0.0819502
-0.569074
-0.187501
-0.596499
0.248061
0.213581
2.36899
0.0993506
-0.203487
-0.00213695
-0.384351
1.09803
0.562947
-0.596438
1.0546
-0.718427
-0.507392
-0.418669
-0.510262
1.4165
1.43888
1.51081
1.14378
-0.496518
-0.0732813
-0.521689
-0.0783928
-0.43884
-0.310028
1.24238
3.01402
2.07866
0.0601154
-0.311366
0.465072
-0.387691
-0.234855
-0.119046
-0.416653
-0.489535
-0.0698799
-0.372029
0.702038
2.23763
-0.212379
-0.419432
-0.0714117
-0.307367
0.174205
-0.138172
-0.329525
-0.197258
-0.716026
0.408133
2.2786
1.69099
-0.286897
1.80516
-0.452635
0.555778
-0.113381
0.308557
-0.0875888
-0.333256
0.140443
-0.505547
1.81577
1.49956
-0.144454
-0.589183
-0.431756
-0.323312
0.146873
-0.14681
0.604444
0.0929739
-0.448511
0.961991
1.38987
-0.363443
-0.291996
0.6461
-0.0218671
0.968939
0.93811
-0.211133
-0.379862
-0.316656
0.561549
1.03612
1.88695
-0.213649
1.809
1.32292
3.00789
1.18954
0.304566
1.64568
1.52637
1.23517
1.10888
3.2601
2.33928
0.449159
2.20518
0.200547
1.78251
2.08402
0.874346
0.0852606
-0.57517
0.583863
3.26201
0.318046
0.397796
2.61554
0.354504
-0.254961
3.15637
0.986802
0.125151
-0.442138
-0.0106928
1.08022
-0.340904
-0.669634
0.174784
-0.290891
0.619899
2.19087
1.10411
1.23179
1.01231
-0.00480509
0.283767
-0.353309
0.0245823
-0.336126
0.551221
1.43452
2.67088
0.27615
-0.151173
0.0789582
1.15838
0.316671
-0.116667
1.35481
-0.319486
0.774304
-0.17556
-0.238467
2.55526
0.540003
-0.17001
-0.405682
0.454399
0.132017
-0.298443
-0.24316
-0.335882
-0.0970906
-0.16247
-0.13571
2.46193
-0.364435
0.386632
-0.333976
0.00175573
0.0788143
0.789947
0.866816
-0.353497
-0.23002
-0.251838
1.25069
-0.330904
-0.609331
