546
0.20794193333333327
0.25614392666666663
0.15753853000000004
0.3411987966666667
0.21328068
0.23371960000000003
0.16556585000000001
0.2414316433333333
0.1604267766666667
0.20981860000000002
0.1831012133333334
0.2484128466666666
0.22833802666666667
0.24299646333333333
0.24611308
0.19383841666666662
0.20419290000000004
0.19809609666666667
0.14720875333333336
0.27343165
0.17596128966666663
0.17837189
0.19742315666666668
0.18209019666666668
0.19991276000000002
0.12114035666666666
0.15398957333333335
0.1861930443333333
0.2240770533333333
0.20070025566666666
0.24119848966666668
0.17050394566666666
0.147158472
0.16069303333333332
0.24865046666666668
0.18814647999999998
0.13577813333333333
0.1634871433333333
0.1732537166666667
0.230528
0.1654010933333333
0.15623649333333336
0.14998782000000002
0.1577532333333333
0.2100237633333333
0.17311632
0.1484969756666667
0.182958
0.14654760400000005
0.17528660466666665
0.20237647666666667
0.26741196666666667
0.20486162
0.12529356000000003
0.15004219000000002
0.2327799733333334
0.24921508
0.15352969333333333
0.25310774333333336
0.26416581333333333
0.17064548333333332
0.18656486333333333
0.15652833666666666
0.1852838933333333
0.11488726333333334
0.16432837666666664
0.1609382666666667
0.18995439333333333
0.1693881033333333
0.16042244333333336
0.1886349396666667
0.21525738000000003
0.2771133
0.17858966999999998
0.15047291333333337
0.1640953453333333
0.20751491066666666
0.12930860833333335
0.15373015333333337
0.09022213333333333
0.14471293333333338
0.16656029333333333
0.1277414133333333
0.170258023
0.18866825333333337
0.11730798666666667
0.14498989666666665
0.19240471000000003
0.14372613333333334
0.17768934666666666
0.20734999999999998
0.14207431333333337
0.2149377266666667
0.19360256999999995
0.15479983333333333
0.18048024000000001
0.23544412666666667
0.13853707999999998
0.20170323
0.17209724333333334
0.2162259033333333
0.20551923333333336
0.2334887873333333
0.15718742666666666
0.28243159999999995
0.24427904833333336
0.1461123933333333
0.15423678333333335
0.16882242366666667
0.21554408333333336
0.17118094266666667
0.12411983333333335
0.1291120666666667
0.16135888333333334
0.15475552000000004
0.19908496
0.15658432
0.18396513666666664
0.16908944666666667
0.1849319
0.1262164
0.17342955
0.16528524666666666
0.13351458000000002
0.15854742000000002
0.15215966333333333
0.19970172666666666
0.20361662333333333
0.20892675666666666
0.16331046333333335
0.16130907000000003
0.20899260000000003
0.22885416666666666
0.1671801533333333
0.20535648900000003
0.21425640999999998
0.2107125
0.15268231433333337
0.15553872
0.16533940333333336
0.14967524333333332
0.17810493466666666
0.19833802666666667
0.24310005000000004
0.22229924000000004
0.1700564833333333
0.17287327
0.18392201566666663
0.22319771
0.1789811926666667
0.21152091666666667
0.10924861266666666
0.1436260266666667
0.17514519666666667
0.17745846666666668
0.12894361999999998
0.21723573333333332
0.16075090333333333
0.16923056666666667
0.13644766666666666
0.2350890333333333
0.19539203333333333
0.18038324333333333
0.15587843333333332
0.21969763999999997
0.13610707333333333
0.1855214
0.18805913000000002
0.14711961666666665
0.15085242666666662
0.18319679000000003
0.17138741
0.11260732000000001
0.17644151000000002
0.12012279333333332
0.20322624333333336
0.11687953333333333
0.15454926666666666
0.22211387666666665
0.17768287000000002
0.15489482999999998
0.18497745
0.19751815000000003
0.20128464666666662
0.17119993333333333
0.19093924999999995
0.21023026666666667
0.18968583000000003
0.23386136666666665
0.19695668333333333
0.24097298
0.2176177933333333
0.1679246623333333
0.18436083666666664
0.19224946
0.1604637833333333
0.17409170666666668
0.19648495333333335
0.16227961866666663
0.17350665099999998
0.26138125666666673
0.16765904666666664
0.19955495333333328
0.11635466333333336
0.16120297
0.18200645
0.17463439
0.10992097666666666
0.17683310000000002
0.19639088333333335
0.1944019633333333
0.14193481568666663
0.22441130333333334
0.15816954000000003
0.14049635
0.1255662
0.21206385666666663
0.2321901633333333
0.17495533333333332
0.15324959000000002
0.20955400000000005
0.1502471
0.16425556666666669
0.21150948666666666
0.19504923333333332
0.15192956000000002
0.13068223900000003
0.1446268949
0.21304929433333336
0.1421400633333333
0.13911311333333334
0.20425692666666667
0.16973535666666664
0.13638740333333338
0.21924698800000003
0.16455757333333337
0.14719706033333332
0.17660093000000002
0.20795463333333336
0.21799120000000002
0.18001619666666668
0.16428163
0.14136462333333333
0.19861747
0.18402110966666668
0.23741993666666664
0.2048347
0.24200322666666668
0.19780758666666667
0.24518452666666662
0.148540089
0.22670268
0.21472422
0.19019037999999996
0.18338379000000002
0.14850594
0.24877327333333332
0.18263741333333333
0.21071535000000002
0.16832793666666662
0.2458229666666667
0.17587196366666671
0.2056845533333333
0.18041032333333332
0.22062968333333338
0.18356456666666665
0.15226390666666667
0.10481092333333333
0.15130219
0.16378735166666666
0.17414823699999998
0.20616184900000004
0.22540099833333335
0.1749341
0.16473426666666666
0.18148552366666668
0.1478757966666667
0.11746943333333336
0.24196823333333334
0.1278662266666667
0.19065135
0.17257868333333332
0.17034103599999997
0.21109745000000002
0.1381424033333333
0.1667558033333333
0.18331685000000003
0.10400173333333333
0.19569870000000003
0.19184708000000003
0.23326686000000002
0.10467483666666667
0.28245335089999996
0.17097780666666665
0.26845146666666664
0.1789912
0.18283216666666663
0.13710626666666664
0.1916594
0.20515969999999997
0.18641400000000002
0.19796641
0.20788133333333333
0.2484255333333333
0.24326886666666664
0.15259579
0.1752464333333333
0.2023166
0.1844460533333333
0.20311643666666662
0.17641844
0.16964417333333334
0.1995739733333334
0.1213514
0.19443571
0.14890963333333332
0.1607586466666667
0.18102763333333333
0.18284632000000003
0.17303673333333336
0.1341010566666667
0.15414964333333334
0.16129008666666664
0.12007271999999998
0.20539553666666663
0.21212052999999997
0.20278316333333332
0.20876073666666667
0.13663448000000003
0.19311353333333334
0.18595026666666664
0.2033135
0.16952444333333333
0.13448796666666668
0.21366106000000004
0.15345189333333334
0.17167116333333332
0.1362723633333333
0.1220934
0.14772448533333335
0.1474017
0.15589278399999998
0.15988264333333335
0.1737875733333333
0.17969505
0.13514565
0.1544403366666667
0.13698022333333335
0.18337572666666666
0.17355969666666665
0.18519578666666664
0.2056469
0.24462545333333333
0.13974956666666669
0.16597781066666667
0.11829055433333333
0.13419652666666668
0.12092362333333334
0.2142317133333333
0.23184845666666665
0.23992225000000003
0.14917633666666666
0.23032603000000001
0.19172836
0.20136643666666665
0.2508382966666667
0.20046519
0.20346802999999994
0.18855340666666667
0.1627015433333333
0.18447598666666667
0.19405568999999998
0.19450915000000002
0.18553714666666662
0.14056256666666667
0.15487503
0.16837056666666667
0.2092633666666667
0.18732413333333336
0.13234003333333336
0.1754832666666667
0.15460959999999999
0.18547885666666666
0.20390439999999999
0.20414476666666664
0.2576684866666667
0.17171582999999999
0.13398586166666668
0.1967376233333334
0.22945131666666668
0.21705006999999998
0.23644462333333335
0.16839725333333327
0.10721608333333335
0.16235186666666668
0.15173940333333338
0.23404723999999996
0.1999758233333333
0.16192209999999999
0.19880396666666666
0.18331060333333332
0.20548917666666666
0.16091643333333333
0.17535166999999996
0.2095537666666667
0.18070426066666664
0.26846906
0.2451545333333333
0.2531041
0.16530026666666667
0.17119059066666661
0.1522991
0.15187107999999996
0.19404343333333335
0.11725519666666667
0.1451276333333333
0.19109881837666667
0.12842947333333335
0.2574750833333333
0.11820759100000003
0.19535732
0.15218388866666668
0.18480747999999997
0.1713593433333333
0.13882367333333331
0.16816262
0.22039481333333336
0.17219509766666666
0.19360475666666668
0.18661673999999998
0.21985679000000005
0.21889967333333338
0.128403985
0.15610906333333335
0.17454506666666664
0.15811558166666667
0.15837035666666666
0.1984446033333333
0.1477137
0.13303163333333334
0.09794249999999999
0.20122284666666668
0.15318310000000002
0.16184912666666668
0.17371898333333338
0.1983921066666667
0.15433999999999998
0.17073929999999998
0.18841345666666662
0.12932532
0.17056131000000002
0.19365819999999997
0.1844572666666667
0.15694694666666667
0.18733895666666667
0.20273294066666667
0.234064601
0.21822406066666666
0.16823945333333334
0.21892134333333332
0.21796668
0.19371846666666667
0.1314857766666667
0.21557476666666664
0.19022721000000006
0.17880817999999998
0.19257626000000005
0.19115038166666665
0.23143266666666668
0.15313930666666664
0.19950495666666662
0.15660816666666666
0.23436116666666668
0.14458479999999999
0.24854303333333333
0.169151913
0.159615048
0.20466004
0.16087490000000002
0.1749760506666666
0.19447802666666672
0.15723193333333332
0.16543608366666665
0.16922009866666668
0.12870610000000002
0.1668857
0.13653766666666664
0.11344484333333335
0.14635146666666668
0.1534925933333333
0.14458074999999995
0.1498570833333333
0.16307594333333336
0.15672395
0.15903259966666666
0.21962259600000003
0.22003344666666666
0.17362691033333333
0.1406418933333333
0.24850976
0.2567557466666667
0.15793224
0.23985893333333327
0.17332615666666665
0.24881363333333334
0.17240216
0.14428631866666664
0.13555921666666665
0.20228885533333335
0.22210171333333337
0.21987781333333334
0.19674328000000005
0.16673534466666665
0.16013782999999998
0.08892457666666666
0.10209937666666667
0.23675455799999998
0.17806026666666666
0.2149391733333333
0.1888746233333333
0.17901508899999996
0.1591143266666667
0.11502590000000003
0.13059303666666666
0.19459528999999998
0.17451186666666668
0.1766200966666667
0.15433461666666662
0.12064175166666666
0.16232992666666665
0.18975579
0.16070846666666666
0.18065527333333337
0.15432225666666669
0.13056131666666668
0.23559265333333332
0.16220121999999998
0.25919814
0.20871072666666665
0.12692574
0.15349553999999996
0.17779270666666666
0.15313242333333338
0.2562892
0.16888927333333334
0.30325767
