182
0.8863187498314338
0.20529444555045442
-0.1784922188615901
-0.28128505038310836
0.874236440548677
-0.9703894612747624
1.068727056252063
-0.8360428043851306
-0.07019821435702807
-0.29059426876384525
1.4292396936488092
-0.22799790373483086
-1.1375345428578523
1.7828691438389024
-0.6398574583872277
-0.32530053826587596
-0.943530424416548
0.7380761962519868
1.2279489725168389
-0.029464364135908
-1.4589873121684058
-1.1680475196971756
-0.8682523601374654
2.351049460301037
2.1413495966056644
-1.4013024987191562
1.5296516300608172
0.5254689600408314
0.1950667465787453
-0.9718314046960209
0.3311801735577999
0.5818846735863961
-0.07872633289876431
1.519028721877679
2.7366990065658814
2.2938849618880126
1.3227504877769667
-0.8413751680750395
-0.7032240538599056
-0.32020672251359544
-0.8430347912762075
0.32277459235178213
0.535554800242593
0.27019668206089104
0.28988622513283574
-1.1436435015705109
1.1552766718532645
2.67002670558719
-1.0504864469781714
-0.5363847283646617
-0.9974575576169796
-0.07030742189335877
-0.8236312380819912
-0.37989286750264645
-1.3849325292748111
-0.828534258407572
-1.0314709388948429
-0.40064724911945443
1.2294744384137728
2.1031095869975767
-1.3251880025297726
-0.6982400771940843
-1.338596912168898
0.21795501735199252
0.6412748970255651
0.43541972481159785
-0.2929605915040212
-0.217177808600719
-0.94803858378276
-0.29445303192334427
3.4456268078815158
1.8973711447283954
-0.37555415319098434
0.025093735769076825
-0.07467118408510108
-0.020102327302423458
-0.757072245303177
-1.1090159638993535
0.8483222898418884
-0.4198722394266947
-0.4605945065724723
-0.9897874617144482
-0.6821229414165126
-0.43032112121691674
-1.0724645797487662
0.5411823257645105
2.222295176830776
2.710999833852172
2.0182134391665834
0.509918463900177
-1.009188434051196
0.022966928600496116
0.9505967233087335
-0.5387424907350786
-0.7640115253412597
-1.3228990745300064
-0.7035107932105185
1.6511095317260283
0.9283720453849268
0.6025566665189467
-0.03196879927542706
-1.2844091131288382
-0.43264948772178236
-0.8880876074487116
0.41330250003705327
1.5562896150302246
0.6553414462852455
0.26720364544841735
-0.881042531077647
-1.0608464862762623
0.9665640668479717
0.2879737072331859
1.0280346385313202
-0.848248581173505
1.699459911688479
-1.2936089244796718
0.545217666376724
-0.9099176778289456
-1.0744820854003665
-0.06292914866323963
-0.542884490410524
0.05566352161087207
-0.22581050093517513
-0.3199220941023004
-0.24832481009289747
-0.5588124494056486
-1.1767240634777036
0.11930362355045966
1.1672550549482135
0.6157174519817691
-0.19686581775868464
-0.7491746458454245
-0.9830696276214675
2.3911454700848322
-0.07230082189051903
-0.8382745519131088
-0.9460247563550982
-0.27436489600163544
-0.4422500308935314
1.389373162066618
-0.7803486039437069
-0.6536231192983099
0.2795380685917898
-0.4398705763974774
0.007154460370381389
0.5960348111171345
-0.23130622109721197
0.16703427858829867
0.5174111364440996
-0.25427684954171553
-1.1119784214658075
0.8451417499178883
0.9224288262695306
0.017096815591281154
-0.26536894391082516
-1.2864081143533939
0.9074880055463097
1.350827526162505
-0.7708931697254735
-0.7948814232052979
-0.9170890336468899
-0.541305030206269
-0.33875878843896734
-0.909118827278667
-0.5419536412824275
-0.8199523319011476
-0.5538522182151329
0.8746089905169746
-0.45029270257029225
-0.7239450250944732
-0.5742140768441113
0.3435277715813482
-0.7437440039166775
0.10760648175255963
-0.9909727127559675
0.43876763048488393
-0.6274543450998262
-0.49836191818311176
-0.6116396468052097
0.5472044278864839
-0.6709797525922102
-0.5427823369575069
