182
0.16203174343259033
-0.24659975982790336
-0.4018735907151259
-0.9902619629943851
-1.260333661042462
-0.2824885650065347
-0.4475649795851924
-0.8542347556188516
-0.6319379030705593
-0.7613083218548119
1.2790236428966806
0.015461666191008633
-0.09237401378708106
0.05359877973956913
0.12183493679085089
-1.4897322670292676
-0.9794139363537251
0.3016158979875374
-0.20517538913676964
0.2258634129869768
-1.2772066412896392
-0.5981084888442286
-0.3507672734230968
1.0699545434154993
2.104235223379066
-1.2838114753014938
1.6279176828996051
-0.050004619969581846
-0.09030507393176346
0.6159301500968855
1.3795454507866804
-1.1283236221020847
0.9548098425156978
1.424856093476691
1.881226216534607
2.3943812173406114
1.995920404169054
-0.6032968366303119
-1.3476694312381854
-0.21339859281014317
-1.1645171732747945
-0.5959780384160676
0.9369855963082198
-0.3550208908307075
-0.42664638060022847
-0.6936725343698561
0.5595005683801113
2.5945954129415445
-0.8585377322698499
-1.0076031529037022
0.10422548776798923
-0.8250716283585179
-1.0426725046593108
-0.7774736266154221
-0.09227172585460629
0.3197335008063627
1.4819157962026237
-0.03784813080872926
-0.6364325525004821
2.7060356178296585
-0.7111174573686758
0.7477096066955601
-0.47629019261316513
0.44753629416811425
-0.39875872681149377
0.5284757666035944
0.061875339816451325
-1.0053829407586024
-1.3390278848986472
-1.2037559296170364
1.203071151726179
0.07253848266808047
-1.31343958562061
-1.2094333698861537
2.232733070975717
1.92312334313421
-0.09860736685624279
-0.3745863420278262
2.0233772464244404
0.8954061634616952
-0.12627770026375826
2.0415857632598886
0.21776103458212337
-1.2625576678397312
1.3415388502172998
0.2421598033511306
-0.3467969754096
0.5594230637786097
2.6860204952473272
1.2409344660849941
-1.6757569176385843
-0.7472228796738004
1.2694017309778545
-0.20657276412704043
-1.3248470517012585
-0.7061181142836039
0.7156869295723892
1.0164388100623416
0.1023650182015213
1.4415297047852074
-0.8073566643527019
-0.4763341893118131
-0.020092392253342476
-0.9912804101193041
1.746343030181875
2.1649673874211324
0.6700056979594073
-0.7917078663096924
0.6364374358428946
0.38202320803424
0.012173977994396448
-0.4365824158271538
0.23544900699583798
-0.41732208156641715
-0.5923512484165
0.16127549894386858
-0.4945612272964012
-1.0660816379168465
-0.21211834305565752
-0.6127826472629518
-0.18556072726991868
-0.8299313291859596
-0.1039765758530409
1.5383640331111106
-0.8812480855892078
-0.6400321416150959
-0.6106583800430625
1.6911603822252872
0.43069407041683444
-0.8120694810159503
-0.542484217993919
-0.858620060054232
-0.7166323667184686
1.1407765964271341
-0.9495650345642233
-1.484012146395726
-0.9313766388317017
-0.9178129006383299
-0.8817397296971435
0.13951491892977097
1.3761014493759829
-0.36174357000372354
0.42513469034885637
-0.5936973155155586
0.309713370661277
1.5568655347506224
-0.930911110367421
0.21011092152828428
0.33080107391563546
0.14589288284034008
-0.9428508084724119
-0.30141806821394096
1.489774644649827
0.7087613606446526
-1.007117059488109
0.20032565450704035
1.5631901498152652
-0.7640004161530412
-0.5528766081842867
-0.671501991845415
-0.1284143529772763
-0.5574021909773864
-0.19268618527068526
-1.302852934459716
-1.0206596790006668
0.06028101163899388
-1.1866983228353098
-0.07756753962507441
0.08586047835878692
1.9898774917978501
-0.8391676659461068
-0.4184358076873861
0.05980736971418734
0.45590773878190677
-1.5120196880963637
-0.05501459480565001
-0.8724015435612383
0.26812431390329244
-0.5041677499103504
1.3861476382465328
-1.0238757588834595
-0.18549503877729792
