182
-0.248923
-0.665926
0.678566
-0.0883581
-0.154412
0.236743
0.172598
1.2489
-0.0259498
-0.309607
2.57441
1.75678
-0.448299
0.00152299
0.965018
0.98158
-0.572075
-0.179499
0.653043
0.0256379
-0.430724
-0.287929
-0.398214
0.844905
-0.373848
0.63238
3.28402
-0.165983
0.0446818
0.338324
-0.411174
-0.345656
0.275271
0.160694
1.26191
0.250391
2.29951
0.0672122
-0.457314
0.0369372
-0.177637
0.386149
-0.599811
-0.234597
0.390553
-0.438613
-0.454009
1.10569
-0.515812
-0.635951
0.0052597
-0.163814
0.168512
-0.00301514
-0.190323
-0.447952
2.26485
-0.432072
-0.26655
0.272018
-0.646851
2.02062
1.65476
0.865844
0.0305224
-0.325621
-0.291141
-0.513207
-0.0817205
-0.378137
1.75569
0.799111
0.396951
-0.432098
0.264494
0.711939
-0.341682
0.329912
1.08652
-0.265767
0.450223
2.54604
2.37803
1.66124
1.92467
1.9199
2.00271
1.88672
2.36263
2.88625
-0.0642204
1.73978
1.92281
2.90524
-0.51634
1.64604
1.61557
1.92733
-0.418239
2.30995
-0.531569
-0.0445488
-0.224621
-0.54091
0.0930826
1.80627
-0.189741
-0.55493
-0.239661
1.6424
1.89934
0.15935
0.399127
0.087603
-0.734059
-0.225573
0.335215
-0.225103
-0.556941
1.09158
0.370362
-0.348847
0.289169
0.715313
-0.123534
-0.0518531
0.317892
0.314036
0.513555
-0.0770248
-0.343273
-0.139826
-0.294245
0.333698
-0.455329
-0.269987
-0.119195
-0.0506365
0.962545
-0.16129
0.802823
-0.0409408
1.07017
0.661969
2.28563
2.99745
1.74744
0.0588922
0.376156
-0.626229
1.34532
1.56668
-0.200319
0.914323
0.0711999
1.59107
2.57238
-0.0677857
0.0387872
-0.138717
0.105001
1.393
0.0737822
-0.527395
-0.104292
1.95674
0.0299211
1.00038
2.22978
-0.277122
0.420881
1.62271
0.205371
0.539677
0.205684
0.454936
0.0251706
1.12705
0.801041
1.41611
0.170283
0.753319
