182
-0.574243
-0.354942
0.485566
-0.0671082
1.00752
0.846938
0.679924
1.12845
0.559234
-0.597369
2.37514
-0.414546
-0.723337
0.684276
0.847732
1.29893
-0.301597
1.34635
0.399805
0.88478
-0.170124
0.2724
1.40218
1.32237
0.00423941
0.0573253
2.77091
0.835176
1.48936
0.647699
0.500146
0.95516
0.462435
0.346308
1.79858
0.77566
2.17765
0.403462
-0.198553
0.636916
0.0863132
1.80495
-0.348503
-0.177799
1.13266
1.81757
0.490003
1.88306
0.360066
-0.00756865
0.868116
0.553522
1.3226
1.08151
0.173466
-0.206228
3.18397
0.0381536
0.361
0.695205
-0.390071
2.52152
-0.21499
1.55014
-0.514957
0.808981
1.02863
-0.566457
-0.0757074
0.341824
2.05123
0.763512
0.390232
1.43159
0.966667
1.45806
0.0730303
0.68578
1.91429
1.97999
0.0541701
1.37877
0.918563
-0.601408
0.495527
1.11671
1.50102
-0.342269
0.438318
1.42577
0.874975
-0.0822716
2.01194
3.07133
1.10865
0.779645
0.51554
0.936609
0.087866
0.914491
-0.342975
0.644431
0.203468
-7.97685e-05
1.42806
2.16809
1.06891
-0.412302
1.47217
1.23682
1.1303
-0.295729
1.28808
1.22912
-1.16107
-0.743574
1.07014
0.915788
0.407185
1.60654
0.403042
0.00753246
1.40242
0.87596
0.200222
0.720782
1.48959
0.0565571
0.868075
0.549276
0.514261
0.220488
0.32291
1.23534
-0.168448
-0.326208
0.967497
0.59556
0.85971
0.430913
2.11723
0.859632
1.03971
0.0978586
1.85715
0.939353
0.939555
-0.690862
1.1975
0.496591
0.990913
0.936241
1.50134
-0.04839
0.301576
0.457349
2.12058
0.718934
0.638037
0.217375
0.837999
2.33642
0.780002
0.461485
0.903869
1.95398
0.557653
0.490322
1.1542
0.369271
0.502044
1.77875
0.827516
1.20703
0.81752
0.0723273
1.37662
1.17307
0.191485
0.673148
0.739602
1.1089
