546
0.35538124919203684
-0.7975259629269569
-0.19413453730753813
-0.6889802088567871
-0.6384098477345922
0.3628366920211455
0.6443491296424951
0.6635124266948932
0.6197423833904496
-0.17495534827922574
-0.16498911299138355
-1.0604380877545727
-1.1060067840853658
-0.05253495363759611
0.8972797676150003
1.4609257089989054
1.183634171736465
-0.3532161185555282
-0.31629037060231735
-0.9298906111722641
-1.0377752142455803
-0.8753714564611493
-1.0053320803612027
-0.9402264261992269
-0.08322525236415997
0.25931430691786583
1.3459872547284424
1.1279831225647572
-0.19112060284609636
-1.0685930643908519
-0.636058671963455
0.20556425969785364
0.36978960420762663
0.022986091150289885
-0.5505347229387542
0.010288558333119415
-0.7988664865498054
-0.710963455516717
-0.9039416034491635
-0.5245448959796258
-0.595745576835811
-0.6474596099598897
-0.32762983225843395
-0.23913286454888122
0.018054086147528296
-0.3720181330705281
0.5081725340835509
-0.35907746216754616
-1.1795673425060418
0.8016824279531011
1.1496875522791614
1.3397491907098062
-0.5119688613078113
-0.8661287626504761
-0.532555115315766
-0.5351778339022694
-0.4412614374652095
-0.03806827693530589
-0.9938376506699174
-0.969801833200315
-0.6348903693989868
-0.7193936082008984
0.4924675419628072
0.23220495597794075
0.1386782703494657
-0.6243339789146292
-0.7395529739960035
-0.8974897740478597
-0.4749124131318041
-0.9812330093526334
-0.5212965786645368
-0.6231903955747771
-0.00541314681006379
0.864748152482296
1.5524144107491051
1.0714232405482071
-0.06503762564643692
-0.8389638755307566
-0.7248743948161175
-0.7729301631866181
-0.7637485341694403
-0.6959077823558498
-0.9409811316913508
-0.5413725230287213
0.40777946483017397
0.7530647385289367
0.32111687020473234
-0.2788014789785649
-0.9029659655004083
-0.5347290707728896
-0.611424366655571
0.005639282102260669
0.6673346793421556
0.4165906749046478
-0.46714049816353304
0.9638982405140233
1.5363498863271134
1.5399505595394336
0.0678337638920294
-0.6166990077314498
-0.1054835900163304
-0.4071821275688798
-0.1256631536937946
-0.18329130817511677
-0.9058357893762029
-1.141493773250656
0.8186085174444129
1.562526680083832
1.6507823908995924
-0.006105051787231076
-0.707546101032377
-0.978994126012205
0.041070258131911855
-0.3662974115821524
-0.6653720273410676
-0.919003947992638
-0.8632483848606265
-1.0240514554611673
-0.9963579930650632
-0.5037870571846809
0.798108898648771
0.4498653904156399
-0.08139824881961184
-0.8633253488906242
-0.04134597536563494
-0.8287220204851908
-0.8670861316164917
-0.3512927084861814
-0.22470920965706898
1.1367481751116424
1.2564407024284026
0.3248546017932428
-0.5870247921208137
-0.7415083082815055
-0.9239876612989766
-0.34529447228564764
-1.0324214762694415
-0.5709878092484771
-0.3735641609361555
-0.22695368152733644
-0.7220169694246494
-0.2498686479438436
-0.23602303641051647
-0.03959214065598851
0.5127358340956986
0.6958495200051679
-0.08239265644330726
0.5598344125991651
0.7724376777496357
-0.17622145887933857
-0.25298211032241014
-0.4699047773154742
-0.4761509743984621
-0.8164954355954951
-0.8059999901142066
-0.07592805888156084
0.14116952254645046
-0.41979760959420465
-0.06519601409957108
-0.9268169484515328
-0.7557055954157148
-0.577970088350326
-0.5847020386698714
-0.44662657407530487
0.7275232693197505
0.8380971201785599
0.6912557376403713
-0.4339725877061997
-0.4071656617908087
0.5668196224567681
-0.2382408851348654
0.17897776118080821
-0.52635966083702
-0.22535406397571547
-0.5594298705062015
-0.4502997712639246
0.1271359548032674
0.6659455932040254
0.6488402199471349
-0.8602151089011622
-0.6679539905522119
-1.053185945640102
-1.2710080663685903
-1.1879546464433888
-1.0923300236970355
-1.0182276585487096
-0.7141116952042292
-0.3549950071596136
0.027732580226384133
0.6348665151257499
-0.45443847788760217
0.869536407683366
0.21680172725908023
-0.5716208443943288
-0.3139511758851958
-0.08095447858281898
-0.5855722946623455
-0.6021008636401967
-0.7710010827302647
-0.15383899139806717
0.04077008247399379
0.39457349460853886
0.4263754726745061
-0.5757257274705049
-0.9670124424616218
-0.4330864003836636
-0.5760840285201609
-0.8120289564215194
-1.1555338672654207
-0.7011741404707592
0.41214387178516704
1.5513206612941015
0.7156875006545194
1.593353613942953
0.44669062472788973
-0.07408330327778861
-0.8736161455904746
-0.0028350503285510384
-0.14184080739915633
-0.10678146471881635
-0.2962923240183735
-0.3991386418875449
-0.35013822692056223
0.31340395785875064
-0.027901351884193005
-1.078566950204165
-0.5977330601914048
-0.563580818654358
-0.5609125091227417
-0.5786213214144554
-0.11076858196013352
-0.49571310755647363
-0.6408079049794834
2.8897649795734104
3.3393328927754844
0.8748803705691861
2.596560391525618
-0.1278032913707639
-0.7106374543051591
-0.05473055711289013
-0.19705148381844897
-0.011921780141438972
-0.4851076095721891
-0.8872986586607468
-0.8983555814563348
-0.7691023067063761
0.3383837147599018
-0.0803335396504895
-0.37389310376184287
-0.6069728535265876
-0.430990582645342
-0.6926219944320622
-0.7396085049403518
0.1118805269494775
0.2097276885198209
0.18026185608243145
-0.6737142939345686
3.478424010151063
-0.6168775725784047
-0.6388039185854661
-0.7019825958559157
-1.0995539635477027
1.98635501950207
2.423705882598117
2.013925166580506
-0.3437376812549837
-0.45598589454349236
-0.8932844829146339
4.430162438071615
-0.6758265832193497
-0.8330365442095888
0.30991458988682635
0.9140348164422623
0.6720807341183852
0.010654627205140996
-0.7880380582237031
-0.826143686815384
-1.0431855928227114
0.1337738650512843
4.157669389791657
0.7132638401332665
0.9348307420998564
-0.3500172950817812
-0.5893882367684448
-0.7567974276861287
-0.9245104537832389
0.6100194877042238
0.9672658377590894
0.9939140037343923
-0.026839434888232802
2.1381382272589464
-1.0051502983841762
-0.29604887638604444
0.11471066612933159
0.3580536129415881
-0.1799326397443526
-0.2970955710735006
-0.38861578818827425
-0.6310760215598316
-0.940169079282156
-0.9165239373127518
2.0552006063608816
-0.3927216737413647
0.4770371036279521
0.7273422777909203
0.44349094653740817
1.0899604474008016
0.7160648573850704
0.6422714077426113
-0.2734527119856012
-0.7291759303243259
-0.7041803740401104
2.037568908388139
-0.6578779144288786
-0.5059477563917555
0.2728382779342981
-0.07105554487506437
0.9325422553984424
2.4034060845987817
2.6586450979467173
2.5715067897381445
1.4256988116409939
0.9568673603300277
2.0337746948382316
-0.4054747009927961
-0.46796589223072643
-0.9204567558772495
-1.0453741645941248
-1.1539018309873192
-0.97492253953045
-0.817874893913325
-0.25105267712119855
-0.3053771013174769
-0.7471664791251413
-0.17631402848840821
1.5468764047849197
-0.6248978193006605
-0.06017493353583633
-0.0088962609628284
-0.052515359318577655
-0.7447396129832332
-0.48246781626320845
0.24130241197511704
0.5116562738359011
0.07528061138673454
0.6722498108613111
0.9542320786224663
1.0798150673408577
3.8399312179905283
4.139353552383056
3.2273391360361776
-0.2695258029513723
-0.5656001460754474
-0.8060008364986876
-0.6451305640658185
-0.65106439152514
0.21930144134862992
0.3507520047365359
0.48951496977852993
-0.17014880786022107
-0.341191412701509
-0.9697071665178472
-1.139963528949479
-1.0985227058194476
-0.30813209233609334
-0.12878794376072952
-0.04549947339559986
1.037835821912978
0.023550433766625405
1.6194926911210132
0.3553907101664351
-0.42685902721568564
-0.5877361671957886
1.6419454553666923
2.0922244453706647
1.7795154713133643
-0.5401448427843742
-1.110784273313154
-1.1293735630428596
0.2135238248025473
-1.0401629363701603
-0.3693816261911427
-0.31425300504565673
-0.635099821290834
-0.4942338313984989
-0.2734029751851795
0.11577461906979816
-0.22657272126693262
-0.5088975676170138
-0.8667927472047363
-0.02715425819611884
-0.5143227832381864
-0.43615671977724363
4.047379424749976
4.645619600530863
4.237796560532266
0.3836385201164035
-1.0178681999979962
-0.7267569798357042
-0.8810107600674189
-0.8203799439140568
0.028440032244304497
-0.9759747537077744
-0.7974295138594106
-0.6180842555139978
-0.07867237652012125
-0.19472269710974904
-0.28618007972148907
0.05730057404740312
-0.5692491425767897
-0.498198496833311
-0.1024479750167765
-0.04599913694274677
0.2096005194854239
0.049372728929233084
-1.0267765523257872
-0.9530989092495958
-0.3478029964143351
-0.43224221863729695
0.0031098244560693314
-0.41924837008937205
0.16260756377988406
-0.11239349583724838
-0.6449419636089417
-0.622119929239191
0.6885178083936462
0.9554454158238243
2.5225515210906617
2.1134490627444653
2.045396579330433
0.482759141567343
-0.12668385266417967
-0.8770389123335162
-0.9289919243798257
-0.8941899303371613
-0.6155373205555467
-0.4079305960982618
-0.42797435489454383
-0.8087281911775069
-0.9358223413449236
-0.7611681107301219
-0.38420827712385924
0.053189409249033905
1.4229068040212132
0.5436984871438472
-1.0674133517987692
-0.9248596116838951
0.7205568915091403
0.0472989529973464
0.34938564827200047
-0.05003373685510171
0.014556018915074962
-0.5003441094447801
-0.7304868343700321
-0.8390693793076404
-0.9473676895145183
-0.4736221510518308
-0.9341607239119221
-0.611793762477261
-0.32431348350304473
-0.26053069310312194
0.9013267283723089
0.7697866605197933
0.7229606528466055
0.17642952030672038
-0.06021155244574774
-0.5800675252426608
-0.5883757404540323
-0.8800959729927721
-0.24085978947963219
-0.13119387244315045
2.026743227678537
1.9775572800722039
1.8753110571667577
0.22756025859070086
0.28370091235129824
-0.05519830816970842
0.2814185480922033
0.5226221300542441
-0.8776888962378444
2.0722289175171404
1.3073462241811697
1.1808318029419094
1.5045297576067673
2.35061682931171
1.7566109631436535
1.03636182395757
-0.3397847351488814
0.5323235432013004
0.46384129521914075
-1.1454683368433285
0.10378217469599096
-0.41016080180520725
-0.612891295795561
0.9992715155536693
1.4200338632657865
0.9374943469015936
-0.942256221995919
-0.7322533858201491
-0.87790664148158
2.4796224181375197
3.1200511265343933
-1.094632994550323
2.915694913888889
-0.35594889334874513
-0.7496425861187367
-0.9894471649249353
-1.0123822434428231
-0.2634970904817635
0.39462692139855765
0.4310241384671175
-0.3150671083897382
1.1727554798661113
-0.4764175833634029
1.3311669630108014
1.223013300294425
0.4004937671855552
0.27480741820302573
0.09451895128586185
-0.41110210174321044
-1.0238721317655186
-1.0953345877691625
-0.5813053077753773
-0.4541605248131772
-0.322929685315344
-0.3689744788792112
0.8875525226075298
0.7691198784573583
0.501563200771468
-0.7598585980648218
-0.43395957505794946
-0.40491668531369834
-0.9073570092120026
-0.9980333937377812
-1.2273386246417934
-0.20456542299521574
-0.1218999491379426
0.23997096992717842
0.3828286547281985
0.4482359327002854
-0.06723072887901158
-0.7947086189267695
-1.0630464086043243
-1.1631242132300608
-1.1876468194557306
-1.2977160769374687
