546
-0.690495136376524
-0.7782768524451947
0.5341846717547427
0.03904772105037749
0.1407901879726326
0.7049460939963651
-0.14431172949315785
0.0015566675807142018
2.2932148098567016
1.7787458864922898
0.7736954755785049
1.0757739022095567
0.7889475856659269
0.30836610454547814
0.24511268386882248
0.11938108140683025
1.9400120602404922
1.410260631924836
1.3589342690156183
-0.7012564804533532
-0.5444725525121715
-0.6928013211166903
-0.6842915974958503
-0.07033578646657876
-0.16468451694254255
-0.33925292611173746
0.21855129193619618
0.34074966097805837
-0.605324097018793
1.8711347903307287
2.0069736256724173
1.4152138034077502
-0.22049690065522554
-0.5498549654298903
-0.5771419800575031
-0.3199469433049767
-0.34152110633684013
-0.3527127627581189
-0.36443668633811016
-0.6720117389221569
-0.31743017387611727
-0.6824170419613464
-0.6463630759602106
-0.6176387047902753
-0.414759428224639
-0.47277218406191546
-0.6981570972283797
-0.6682429993994358
-0.5667209749139676
-0.5639584881287738
-0.28533482279257844
-0.39969096247461733
-0.5879570040291171
-0.628270633828302
-0.6284906669467029
-0.2686794496613592
-0.35997503413495996
-0.7100656977518525
-0.47267852847400144
-0.6759844875771489
-0.584513210823463
-0.5199259956564461
-0.38344327856696375
1.7585873910490546
1.5619599111640445
-0.24131542230646794
-0.261151833052003
-0.25348606352951386
-0.7147464228539437
-0.51017886813547
-0.5518875081774877
-0.5164247313724213
-0.6474420645173312
-0.04158162273476165
-0.20524519111243011
-0.4024912631713466
-0.5563281890935103
-0.22800063249428085
-0.3436515399893328
-0.6692208992778228
-0.22277452596209987
-0.5642711083957993
-0.2504535901690364
-0.5146912256311102
-0.36154604048174865
-0.5812144003925964
-0.6069283906514411
-0.5732983026693822
-0.5262953851137764
-0.4913361113657486
-0.6702884873207502
-0.3145539503534894
-0.5658877637892138
-0.5363456088169727
-0.6669969958964398
-0.4778200892676325
0.305914407730428
0.25976797173323535
1.463082293341307
0.738213761891808
2.060533547168449
-0.6353011527920859
1.9970931275200712
-0.3618020139313601
-0.48481962599481826
-0.5405322706343888
-0.4372563061929703
-0.4214983411823675
-0.5134008536332179
-0.5977194112384213
-0.613483971746629
-0.548993319607899
-0.45729336059529363
-0.7466056692317576
-0.4316975462836258
-0.3972272532757546
-0.658562092297415
-0.6067130348186541
-0.30734373707166285
0.24090507004665337
1.4791558167042187
-0.1969475361663359
-0.1662905887772089
-0.6500718651431187
-0.7794626158825565
-0.4785693695859859
-0.6321718758873685
-0.6243611938801933
0.33650862143484744
3.953072205223968
4.821721523717684
0.6879375762528912
1.119754314130895
1.2028464288820488
0.6304979669476787
-0.7920395256690651
-0.1652307608494935
2.1817467167856184
2.3399057504861562
1.708868967059955
-0.5295141226522501
-0.5793965351670317
-0.5074153598769471
1.8198288134062939
0.7360627310817556
0.6640708498406072
-0.7811231214536454
1.6321706254783284
0.5995746305131495
0.7015109988629173
3.202735609076048
3.2491798059608734
-0.2839519782674683
-0.2478451620417398
1.3285275943719976
0.5079094102028036
-0.7113922089357041
-0.6420816007389977
-0.693417147193069
-0.6024664038474015
-0.6177414356134956
-0.5901456889053971
-0.49916841131680906
-0.6458252918514857
-0.5317572924917069
0.9993976169122303
1.593353990737258
-0.08368546699610487
-0.3951287922914856
-0.46709066596248866
-0.0765191568461475
-0.2115553237450804
-0.6354738947001546
-0.46999026743527383
-0.3263475650563822
-0.49502869522682896
-0.6444340442270722
-0.6603671355288068
-0.6634756687911577
-0.47304521565841173
-0.4717559715490303
-0.43984502812528653
-0.45517646983893756
-0.6879399129716292
-0.408294316800504
-0.637481439517433
-0.5396443311943936
-0.11314817558456149
-0.45596890107332744
-0.6367612399332405
-0.6315197632953751
-0.6900336876753637
0.30297528736012264
-0.1862355822973645
-0.4294869290007615
0.43707021998617385
0.39566903730556674
-0.10760556785602006
-0.6594343857521487
-0.3147664202459418
0.03625372840830998
-0.541297648207057
-0.1937416159374272
-0.5686934161785796
-0.6629290195846462
-0.6711680633803873
-0.528774303394699
-0.10441693976889525
0.44894272185340367
-0.6928121192337623
0.09627329512027341
-0.1277861763880462
-0.7518435117426583
-0.5521297516127653
-0.5075621230706853
-0.6299919133078293
-0.570032509685171
-0.06054600980861308
-0.09497496251948007
-0.4005225722918378
-0.63172615197797
-0.5672089504623777
-0.5105698805195081
-0.2692529260971838
-0.23798172679769414
-0.6098895575551743
-0.5467296346810607
-0.49617800808648727
-0.3024909806246585
-0.5512442461712498
-0.59960753058973
-0.6081668114242915
-0.4283650078630599
-0.6503305027897753
-0.6046535909306896
0.28235729364029166
-0.30420448325875143
-0.43628720295681195
0.09608782529490073
0.7602723483468227
0.4951355621361408
0.2591989848005895
-0.5849474028065484
-0.5866906572387307
-0.6484765661726298
-0.647467668426792
-0.06570747169014728
0.39126012814673516
0.9713940757163853
-0.032055648939827604
-0.44078363144213845
-0.33672954426112267
-0.43858583125790207
-0.6423974824859924
-0.5764095380240969
-0.616105351606045
-0.6305534363877832
-0.3844421295324567
-0.15963713473391525
0.04957699919821075
-0.30107298472714283
-0.5922735954313271
-0.6607791619728682
-0.1477580210310396
-0.26699847258760206
-0.6443207432283948
-0.7371917594155261
-0.7085197325414977
-0.2279335548054766
-0.7674318759513411
-0.6626518146615716
-0.38894243169295656
-0.6608600465028978
-0.5231749233695707
-0.622099354698223
-0.706230955730973
-0.7197155435961465
-0.5373114085470153
-0.577098656600904
-0.6016318714020712
-0.5034634656936335
-0.4829280994638661
-0.49697537179742046
-0.393753196006944
-0.5404625572867345
-0.5112840773266372
-0.5642659408070179
-0.5987680220733123
-0.10820664600442759
0.19709128659853087
-0.678837626119009
-0.33122103809785236
2.313982199141849
5.0605585411605345
5.460457625923859
0.7465077826257144
2.2549828728229944
1.4535845669809617
0.8134585758913381
-0.6262699537241455
-0.64215276423308
-0.6323236421951748
-0.6198519196327468
-0.5051431309353618
-0.02059493892305988
-0.17442586583890393
-0.22095214994917384
-0.4914636251265104
0.10136207628402352
0.3428892454740285
-0.3116140500648539
-0.6011842074919519
-0.631350586586473
-0.20749268709227295
0.04108068302879367
0.2660569396294466
0.2904291092687481
0.09777381616595837
-0.5895628559788031
-0.5767060052790772
-0.5365609066600942
-0.3642771752231669
-0.6817749341219258
-0.5032279463285022
-0.7383009787097926
-0.5428531806034566
0.18781934406263548
0.08929857666018845
-0.3140397509669725
-0.174472686822037
-0.07280790803144656
-0.5228505508769282
-0.42053634150063546
-0.2875576049156464
-0.7514535697464735
-0.24737705341748464
0.44234518308948295
1.33115056083126
1.6640477643825535
0.8341144317767447
-0.7525965283149987
0.5515431015136456
0.06534090230907036
-0.32609091613847924
-0.5667393437187362
-0.5145232407182633
-0.07973915488205781
-0.42750967411564816
-0.5880834085962522
-0.5607335595059967
-0.6362032728071727
-0.43942728966225203
-0.1586532235122079
-0.2340280121540423
0.8980056323971266
0.35510510841627857
0.4330931295312989
-0.6586612006644751
0.547245140600914
1.3032871722010229
0.2314395213346793
0.8277281967690073
-0.2800676432987244
-0.5387510214016032
0.08486503475279447
1.8202243562997296
2.9813763928796013
0.5479725947993792
-0.2927817918342731
-0.6805006008452734
-0.6831321205704785
-0.616585103177423
-0.2760895955858273
0.31459020749280847
1.384271975593174
2.5190954752084105
0.7399655554872128
-0.023623450881021534
-0.24198959693197453
-0.46255144219891925
-0.29529337083516644
-0.5691011050489916
-0.3139277929515316
-0.39231627897578614
-0.4034493732944834
-0.2903556694820881
-0.6661496054194656
-0.6604088284524712
-0.23426091656697912
-0.40677426627263646
-0.1961307390308201
-0.6395760520774678
-0.6782947318829889
-0.06095319705489376
-0.4009965722124989
0.054789950209398156
0.06142391420924525
-0.6634341781939478
-0.12171161250865181
-0.5419122572248108
-0.6133020814208645
0.40919811273633383
-0.22662929463825027
0.6350412945163894
2.932217496973703
6.035395649919998
6.181474147203114
1.7041986477483886
0.5544921462107991
-0.24905740669295845
-0.5445885353945775
-0.2626531797207341
0.2708895845512306
0.08958002542308768
-0.3766850142028286
-0.4954149788217022
-0.4944989457724598
0.15613505281317144
-0.3586023044190511
-0.46651731936859875
-0.5436400880248236
-0.5654460148407053
1.6206512132537283
0.8428004074323292
1.6097065656614324
0.6512786186594217
0.8484135509816833
0.1559177957864434
1.4611388409282817
4.485310273100096
1.0541135827784285
0.8567766361364493
-0.6126215581752137
-0.42505271707026354
1.1784644943210667
-0.6343464604134289
-0.6625864814121725
-0.604373050380213
-0.7318940968640599
-0.5648085638796165
-0.5009550983274419
-0.23844420919446965
-0.09284249025950742
-0.037326046340442384
-0.12652051423937066
-0.6727735438636867
0.8115413278084531
0.6462569757489305
-0.12269027378485817
-0.13365874676484263
-0.2395689779992173
-0.5023403279992759
0.4595541624554103
0.3780926222146387
0.09157316118360989
-0.6082445857640839
-0.6212301109143452
-0.195919062516158
-0.5646305794176373
-0.46778084542239173
-0.1273729230455126
-0.7518302005226031
-0.6874760492135501
-0.6354547512913112
-0.540029495382143
-0.703092621691966
-0.39786964172597433
-0.5642681700853264
-0.4273146858943325
-0.09041463625244826
2.0605404369842684
1.1885671397348132
-0.0867810178814193
-0.5036012810594079
0.1359593014781664
0.32120427378009786
0.0005062449019506095
-0.3908902598990017
-0.5517658635871978
1.5462405577491032
-0.5116446091785494
-0.40484911305013815
-0.4892524888090931
-0.5022502026127941
-0.5742001005785302
-0.2612450104785662
-0.615171710260182
-0.5444166923462295
2.081040134978983
1.0353585557282625
1.540036925004108
0.18496820713937573
0.5903785132310163
1.1307971118424438
0.6163379940851835
2.3632409018658995
1.50666126070711
1.0358181749642
0.17616086292416874
-0.22064683496112053
-0.44292733037614485
-0.3467671584886882
-0.8035633931998067
-0.5843508783211636
-0.6673323495937383
0.4797532720043129
-0.0780257288927155
-0.41423291551126956
-0.5870073860616851
-0.6668352023576892
-0.7668785110773244
-0.6819051310682012
-0.7680157371848539
0.8316786825673465
-0.6849425064950541
-0.46722599429175143
-0.6801576731343626
-0.6301205410536121
-0.6084479772947732
-0.40211000741334085
-0.6567179241502549
-0.6540886362091477
-0.7052056397056179
-0.574336963098487
0.3684307922737642
-0.4962617703710401
-0.3624103886314776
-0.5347724288199209
0.5174845445491195
0.27820992869768296
0.2703341361616912
-0.31591928921956347
0.05634926765873786
-0.31930926434316453
-0.5089315195452181
0.7454824629792155
3.582426934712679
5.321498819176794
3.6523186785436117
-0.32724987560434027
-0.4178817286175707
-0.5722664099345137
0.06626098366403808
0.3322406945776972
-0.277618690223858
-0.11063414856590129
