546
0.2173574291135357
-0.10567403392735426
0.06160629124573816
2.9839446931231106
2.2770100395719504
1.512512635190465
0.28998674611665565
-0.03198544582681609
-0.21837522738586626
-0.33587142366130873
-0.1404960661018997
-0.3864005569661974
-0.7473594679008911
0.4198765549477667
-1.0402960778918646
-0.5948978367423464
-0.12393849343754437
-0.1047011266107057
-0.38193366444992793
-0.969522038717955
-1.239197730638239
-1.2462987529758367
-0.8738639683030528
-0.6485137629146516
1.1158681001471766
-0.6568186548431162
-1.027759151001525
-0.8748855095329805
-0.7931651201324705
0.01713647684109977
0.13802617394533062
-0.07124958502586326
-0.960070831651886
-0.9466297736593565
-1.0949519245203734
0.9274276946611563
-1.010738853477678
-1.2450510884882986
-1.209208796192592
-1.1532861834256178
-0.9907829399892418
-1.036317124949347
-0.8342486968522755
-0.49036666654281075
-0.3873341749554626
-0.699726620740985
0.38727041278283575
-1.0636728169852485
-0.9482681070024916
-0.26794269974916135
0.1322098971889224
-0.46871247020059786
-0.8344304027152623
-1.0532621238503352
-1.0553524758780417
0.42662932319145264
1.2767155428908263
-0.24150903116750666
1.6255794186763481
0.5845603368241125
-0.024850764994042096
0.060476749786329345
-0.11674447757966672
-0.9758132200559173
-0.7928573476259283
-0.7099262296597519
-0.5598515537999721
-0.9375487702172458
0.06942116929510882
-0.35800436586020123
3.2349749442611087
3.053211130021649
3.554852891496024
0.2713341874160363
-0.08146411009021923
-0.6339556848115094
-0.907022517340865
-0.7448250843639194
-0.8273518302779325
0.23185821617116323
-0.676475812074752
-0.326178488499476
-0.32637795154667776
-0.1965838827392514
-0.6636167663115818
-0.9269434296999235
-0.8081869133219104
-0.33244058535784626
-0.40475506240592296
-0.8147635251553382
-0.10243208393238303
-1.0032255642781922
-1.0376897119950586
-1.1224226932761563
-0.9527437425533407
-1.1296950089898676
-1.0641837725407715
-1.038867316468982
-1.0932233842252619
-0.6725370583327729
1.967424954983871
-0.23251374289603313
1.9860095460382197
2.043513571465989
-0.7026724243469653
-0.8841953056568942
-0.8653848070684057
-0.9148790098146163
-0.8904482706469261
-0.8659332776771079
-0.7634181599540717
-0.919456656161564
0.011213186619850707
-0.2259787386285766
-1.0438556519895361
-0.9838092239745508
-0.3144339275176236
0.09887410812431677
-0.09772619706112094
-0.9471391734980993
-1.238682362432492
-0.8514434713963209
-0.810031125672439
-0.6302919775510721
-0.1255547673851932
-1.0768885710569944
-1.041800140753784
-1.0907980565915074
-0.25881336016457845
0.06847139747931141
-0.3565338304396347
-0.9408607672422887
-0.7403679572999464
-0.6118091272579469
-0.5065291065870218
-0.27957859930181583
-0.6697243185246955
-0.5113231763868378
-0.4305970876162826
-0.6685202809230166
-0.08742836088629818
3.1181367359867393
3.4515901785084733
3.636208980373118
1.5719089483635666
1.1835283480967842
0.39160876483728396
0.5836593283067157
-0.4729733619852113
-0.7647266399961249
-0.7173858014587453
-0.8302130526935285
-0.907834400637322
-0.9516370682135896
-0.8071155817137391
-0.6037185548567953
-0.07179282529294566
0.637903784646826
-0.4866966809871784
-0.7750084473243376
-0.7766012667387339
-0.5959589558257787
-0.6995557083942497
-1.0291976467257202
-0.7131195671669882
-0.4342923710797743
-0.8536880229658468
-0.5923668886750406
0.32249940249015135
-0.4936590545680817
-0.612170623784265
-0.7705257172199236
-0.707556122316986
-0.6026202144920609
-0.5957251478979783
-0.5379072270545878
-0.7583081742263329
-0.7692564524203647
-0.44753202937725484
-0.3700622138943111
-0.27901399766570184
-0.6794325357563468
-0.9559201354019107
-0.6528930018545659
-0.26723510734157163
-0.872574321270065
-1.0617839048700657
-0.7635227816934435
-0.8560981083497124
-0.5868893187221651
-0.1643363607112132
-0.6919057183113998
-0.3285371885089263
-0.5588500556718748
-0.2942151953659761
-0.5688282456583255
-0.6325194775729384
-1.0305162745238823
-1.0334538130408324
-0.41927318593444485
-0.23592405067769145
-0.06686385999340343
-0.46946337832544527
-0.7005466955554653
-0.8064696708288193
-0.6351790302752698
-0.9354517186484401
0.14298509362921855
2.5048056941403303
2.77705902231496
2.3436820462473387
-0.3812248410897845
0.11408667814112976
-0.6664867539376725
-0.5402304703584765
-0.9764629605717657
-0.7237923820249738
-0.3518762304405477
-0.2392820158940345
-0.7393809483991911
-0.924660962721992
-0.9233042274743439
-0.9314869737478495
-0.3490560186463933
0.3191975456577386
-0.8322602009466327
-0.4430563845356669
0.0165046286414006
-0.438249482983107
-0.6760014061995109
-0.7989731617719253
-0.9298166450802301
-0.6060594590870353
-0.12791574479754253
-0.7982585848413002
-0.11018951169520268
-0.8286222422800721
-0.8344138748120833
-0.7433591225090586
-0.7290946114306172
-0.8272434016121589
-1.005822131441509
-1.0628180878455757
-1.1389222176552352
-0.8178289219251513
-0.5934717063149959
-0.3082156652565598
-0.24547681903313004
-0.6849929268628359
-0.9814960532354924
-1.1416039123026753
-0.7989840618313073
-0.8133023238098361
-0.9501518071916693
-0.8319821955902617
-0.6235642200692513
-0.9541222610921347
0.8192561129889115
0.971688422733423
1.309679932069384
1.4975999859834743
-1.1181421832913065
-1.1239569725375516
-1.212482372178902
-1.1652882354823961
-1.2041630942625885
-0.9286409349795467
-0.7380825506664432
1.6923457903617012
-0.7631315307687545
0.8679068384886474
1.5533832398932412
1.2112569399065232
-0.6065356014615978
-0.9135665148634057
-0.9438558390631957
-0.7625190838422882
-0.7787724414749202
-0.4228854577541997
2.2140665024186164
2.1318273546090207
2.309367197737305
2.366670228519904
-0.43816342540367875
-0.5153507503897066
-0.36245974344686915
-0.419767084687608
-0.20699194529711007
-0.4273614903514909
-0.6440503855393132
1.5460471781568133
-0.727758190425679
0.8258769901573518
0.8708698520651602
0.7559361751417674
-0.33282060701858573
-0.18521851839507103
-0.3394551355090719
0.0703863749693925
0.4750810511233149
0.34235591948786837
0.8164868036348811
-0.559842704690185
-0.44533323407322056
-0.3460952682100523
-0.5176023027603184
-0.5621751950666412
-0.6123743721134245
-0.7409427156335069
-0.501028699412275
-0.19837831624903615
-0.17409380472996352
0.6291851101488013
-0.18208114493002683
-0.5863549518250845
0.05371087152267121
0.1510045092303482
-0.0703844325728707
0.1449407290876075
0.5351076997615628
-0.05622921999251056
-0.2693717315573862
-0.5877507407833126
1.0436881402276441
-0.24432037068686605
-0.48324446413898325
-0.40172459802059646
-0.4006374747372551
-0.4938518901940522
-0.6532618901358233
-0.6685971653611554
-0.5284097498018822
-0.5786395610366403
0.1522110022280408
-0.4376573467632047
0.36181129457347366
0.37802466821191777
0.408200974705967
-0.08942371677150057
0.040927620946348706
-0.0567094206776067
0.4086451759847636
0.4445287135470648
-0.13247203423295406
-0.4493551524092958
-0.30966704179499116
0.6355437016533331
0.7409179625177318
3.1054244376756137
2.889089274696994
2.2882302511586556
0.7948028736263884
1.7184899326954126
1.4542604585469296
1.6167741821271426
0.3334545980276752
-0.30277957460294347
0.01102104053857445
-0.3668308155264833
-0.1973391640410074
-0.19598657738584135
-0.6152436365163879
-0.29082783385826994
-0.09600466639430534
-0.00190531922768838
-0.10401313995507756
-0.1108617984898966
0.010379925549959427
-0.12297599130041618
0.01038355099986274
0.19542408919171544
0.04169738584474177
0.2769180419383462
0.12170910361663403
-0.13511605354685752
-0.19995509216939486
-0.21441399303268022
-0.18095027662642096
-0.46363144402929224
-0.2648260690867694
-0.32237699071484344
0.3313787955319344
-0.0677008736953593
0.23188179878479231
0.28440365507979
-0.03592150603285357
-0.03176595420273053
0.5872374524742585
1.6822125648295019
1.5043765610370012
0.25876455861369274
0.49817590654122174
-0.06524997921278987
1.0318216081667835
1.5049268436227976
1.353128865812359
0.6705130736112617
0.5112116400123611
0.2498075915022155
0.47193074040896865
0.381074957457069
0.2486194288475548
0.6039170804558217
0.29571650019601325
0.36692378177287605
1.6321967012846172
1.5799099870157522
2.057063350188097
1.64738161429286
1.6278237003652833
1.593965832540352
1.2670100392378347
-0.18231941833247936
0.5884664528503929
0.6487951460325966
0.7697404849943219
1.0652016048473794
1.6648023358494968
2.653675918114361
2.623559431964267
1.835104673409398
0.06967395786637819
-0.30526452289206685
-0.4935806114302491
-0.48787307243685574
-0.23041299773574103
-0.23578964546073386
-0.014606103397926024
0.19392170192226152
0.45830128724221775
1.0127906095851638
0.7422206052840505
0.1586614151386031
-0.2663224736924988
0.40566279911172787
-0.279505245253962
-0.5820086854235836
-0.39756267394894457
0.06190340100053654
0.2095027584584178
1.4579114297143079
1.4763186165127884
1.1327367795576573
0.08512214618075359
-0.015455834524082258
-0.3796750866749563
0.5405364509893513
-0.12221100572673976
1.9604070797863977
3.6128814610989712
3.686772317126757
2.861143710093726
3.642363442427719
3.353930652380117
3.4268976988879523
1.71467553915144
0.5563885368089085
-0.04155046789712929
0.6616092153812585
-0.2755366758134822
-0.1867188898471831
-0.43222901489680726
-0.23022608280790938
-0.07010815015567676
-0.020507748546332222
0.25395984495541307
0.10392501220424498
0.015537270892642596
-0.6344587455031526
0.6544353054069054
0.968826225916194
1.1110156645582052
1.1221560444586662
1.179934518385872
0.8014890564112312
0.3947538681318654
0.8259306020562457
1.0412920912627799
1.0932058384235002
-0.7795177445143466
0.5632238028155351
0.9170544741586482
1.5724411588625085
1.5655954571440949
1.851159961712752
1.8260421616210205
2.043658015668593
1.3767977888587588
0.7893540923112652
0.09415117258005536
-0.5048331899859483
-0.004783186737740137
0.2582136629984676
-0.0010045168815032736
0.30857506339273777
0.6275567026071818
0.4287704486562002
-0.3172607318938441
-0.23363071655443277
-0.7879929767657216
-0.4145464502008648
-0.36148364238327363
-0.12308471362239143
-0.3641958619927507
-0.16702952741567548
-0.2168743608798401
-0.3988945485170764
-0.7372220941735919
-0.5387953807422796
-0.4456601990396586
-0.326256342103876
-0.15010917050885855
-0.22491416088641666
-0.20904511854022284
-0.5153459350004967
-0.8535932939721482
-0.92726547328872
-0.4497838796456876
0.24386004902697414
-0.335344726922934
-0.6455795671656429
-0.6353118087399974
-0.9186293731910588
-0.7756192868808248
-0.1540073431776507
-0.5267526157703473
-0.14057213267923682
-0.14959375775814196
-0.05223870596590479
-0.39683105997695944
-0.045531815040199
0.3581117509544451
1.9119335830251758
1.5612592528481823
1.3081659796662028
0.21382534034673
-0.554458524497505
-0.825803099478678
-0.7656397398660352
-0.8319184180028826
-0.9568550586998125
-0.8906806073822584
-0.6599138500795395
-0.23704122071156497
2.0371304006935946
2.6762295718301328
