546
-0.13356908313150162
0.4195581111922733
-0.07930937676752692
-0.7879769687016152
-0.6354068629968045
-0.0317484708281771
0.47948678868858885
2.287134951051491
1.4727297942942048
1.4175960198629305
-0.3397769256950494
-0.6875084809176484
-0.6737217535918459
-0.41982021909049716
-0.7319298491143813
-0.9112225609014308
-0.006969705019568871
0.12407048062569848
0.8827086219104427
0.3423578549956995
0.28064166518697603
-0.20762952869744847
-0.09009896475857816
0.2143401283730083
-0.2044752057246009
0.516105389198666
1.1178334874128781
0.3229110687627931
-0.49170012734418966
0.41184843130530296
-0.5057678401919183
-0.13788576340797606
-0.5110700396844039
-0.35770182637123366
-0.7001870752825144
0.4232258910548974
-0.31712523435805456
-0.9167094911727985
-0.6068235450587034
-0.7229119898549278
-0.783239142225567
0.5932706686560122
0.5575506679773888
0.2782433310492461
3.632631576760033
0.0006432672602164342
0.0671585074697702
0.5930983167307732
-0.23761880039420327
-0.5312046384673823
0.64076370570579
0.4434894352965831
-0.10833586441934745
-0.18887953523045928
-1.106912051505393
-0.4348317496775217
-0.42768501645625473
-0.6408151680385474
0.024318841360823056
-0.39835832400206844
-0.11511742548301833
-0.6495128024279552
-0.39386468613690645
-0.2975040273851883
-0.0017734890016335744
0.26993867802258936
0.6864580275673827
-0.07924591886801345
-0.17879004448887553
-0.23157799930606968
-0.00698803047315717
0.193545567555609
0.09466603641687434
0.5419124311730601
1.1354248519431913
0.6509365534685886
0.22728430924868442
0.2504888186567189
-0.24738725580160925
-0.35604861386120307
-0.5868670575452521
-0.356944520171503
-0.7221731956040439
-0.3050770008493588
-0.2688626439772742
-0.8984575961625186
-0.3509327204412886
0.09520643617425165
0.08251535560330947
-0.1624674274718907
3.885861228718449
-0.5597738303956128
1.055323648093839
-0.13234299281315054
0.21370739044309023
-0.2383260455681906
-0.341538270668079
-0.24104115119300976
-0.5282550731862962
-0.6306884485225551
-0.05680100103670926
2.3408196280125977
1.1398527521983983
0.25012184149695066
-0.6245665625519287
-0.4801465510217131
-0.31545759016347585
-0.5142319718195449
-0.48131550963148556
-0.5841788399052031
-0.22910416824823882
0.48435222450885257
0.16066370469257402
2.2152487046410685
0.6141112826032094
0.5916272633481722
-0.18288533169420543
0.8097976927381031
0.980263896890044
0.8846933895996691
-0.48518250791108203
-0.6483630419671118
-0.6119890392368633
-0.7096799285638922
-1.071142137341991
-0.46436851079848657
-0.27264509870371245
-0.4929502980580083
0.022733227803579854
-0.5134180073729381
0.31214339274283465
0.6664360410515395
0.24261697453736042
0.06302121529758609
-0.341246637500987
-1.008531069598264
0.2746037002733128
0.04253199682576557
0.42053263625409304
-0.00515909517694514
-0.06066292657482323
-0.15636686200602662
0.19060509509244447
0.49350577695865655
1.3825976847984556
0.8109689573550873
-1.2779324847163736
1.347557444305957
1.4023025315708897
-0.2175309317669981
-0.567935170020373
-0.2983076633327014
-0.6208826377154499
-0.703541064230646
-0.30481320322012667
0.43926472408055295
0.35980294881048064
-1.038386490655325
0.6503320610681907
-0.29259093514828105
1.9521572453452802
1.576400024911135
1.9250119854598418
-0.5531216921622234
-0.500199734768039
0.10760315114857702
0.40744738716951906
0.4314545771727928
-0.748941734458927
0.13196304167056838
0.06621450490068359
-0.6096004176296632
0.008743216650303977
-0.014819143591582783
0.08241672826089105
1.432950609617885
1.1523071191053529
0.8873028387934271
-0.0020380489561392648
-1.0066482867474997
0.14289788491210098
-1.2631912222421797
-1.1660673859597452
-0.6843941405136328
-0.518267320088437
-0.03358630693817374
0.1206489799024477
0.7025506515397517
4.527377798128788
4.026937734560222
-0.8714177229774503
0.9671583592613843
0.0361510097782088
-1.222616032592285
-1.0418164449234204
0.25898009265588295
-0.2647488430260284
0.2668049395333479
-0.4606982248343353
0.3388097580531256
0.053976949033114015
-0.7761935154562637
0.12462909045824838
-0.3867432826190342
-0.6731661001241125
0.31673684746550157
0.16161665199867736
-0.09975570891524342
-0.4659035383446634
-0.674702856989901
-1.070155577774043
-0.5843816385081849
0.14935233959280153
-0.5224201123712455
-0.3771495598745365
-0.3419821590969767
-0.5746303769623561
-0.5136110096888467
-0.8327198695571766
-1.016434824899497
-0.35809653930186264
-0.22658686474530082
-0.36423371761618595
0.1485572766764677
0.2832448371314403
-0.34934928823757055
-0.16248448057039316
-0.44041742458728
-0.453721125979095
-0.48357313317351336
-0.17320529849645308
0.6320851120076126
0.6386360828709803
0.04056236576469372
-0.44180726007658533
-0.0342591957609946
0.08791405451918695
0.29379200247678233
-0.08636466267490991
0.36257753905011986
-0.6490922075026445
-0.5103147429945843
-0.638905210585383
-0.16230901200164838
-0.5750619164274651
-0.47253510507601426
-0.9087042386149262
0.19025980797748862
-0.2763402459501487
1.8088716406611183
-0.16849745594677742
0.6488120929682206
0.7094366552782515
0.5750217880738195
0.3125796164883814
2.508193087281368
2.4109922459705917
-0.6431259840822465
1.3872195642045269
0.22704855430919846
-1.0751068896446192
-0.8999046907971129
-1.0902467923580637
-1.2696613496702873
-1.17271242827132
-1.1384561090576615
-1.0016831754587434
-0.7041301856372854
0.1063052071164102
-0.25520300193578915
0.7133398343309644
0.5887485313704925
0.9143841308484262
0.03482081418535187
-0.34746554815691716
-0.3640769773711168
-0.9351004817747789
-0.48049449595697197
-0.4285899368597538
0.11282053868352732
-0.6023590762134964
-0.8669850915284085
-0.23945325951389856
-0.6211491170523289
-0.45346652974683804
-0.1526403927035135
1.9159223603453412
0.6688498633679336
0.06513324737639435
-0.723452164763327
0.2062941412162625
-0.38490175670893106
-0.19281928510623358
0.2272431409657447
-0.2200049146548092
-0.20204648526014163
-0.3977642861962565
-0.051348126656332316
-0.031828053726637676
0.2850188886822841
-0.798881421751784
-0.05793140969715564
-1.1695201207844623
-1.1260549172299115
-1.0791271068615944
-0.7416395721492192
-0.6158980622789578
-0.39528088360651054
0.4514699332374977
0.2977378564110822
-0.4440092322338131
-0.6396255495894146
-0.5012857774929629
-0.1856813270066253
0.2662376274310828
-0.1711928341368435
-0.13966474531985493
0.34028122067405214
0.4547105936903371
1.6986021336661692
-0.0316295570010598
0.34238170266077744
1.877004616750749
-0.0015453851687128473
3.1240141594833872
2.3111265851260328
0.6182440829408278
-0.4288988824060309
-1.3646311407660543
-1.1556196478579983
-1.2562107222118983
-1.2300224755260722
-0.2704714743744714
-0.725565539407393
-0.17707581095805708
0.20961196703312085
-0.2129176828270297
-0.7955959501391626
-0.5998369669290246
-0.6394239855482681
0.7689809749864392
2.214785007429641
1.017941979491672
0.2814484202681823
1.469597922830809
0.32806987691774653
0.37359457883489267
0.34713131318996227
-0.6153035672453482
-0.18147914608932536
-0.3462744545184278
-0.2355505986616414
-0.864226371927101
-0.02046992887771662
-0.6008221397726332
-0.23672994749454637
-0.16216387025681891
1.41839286662034
0.0628940845994167
-0.41824155991766915
0.21870967375363315
-0.04646182873091015
0.10476688658371254
-0.1784427683433067
0.05989241209460364
-0.04355946152330258
-0.28491813905355023
-0.578632494109694
-0.4012820677675891
-0.0797355400774163
-0.3255126452962323
0.12126447754770765
-0.47265418959773364
-0.5993156100940233
-0.7420788643354771
-0.6845019589510363
0.27228689742264967
0.0936292207733526
0.8796407990412234
-0.0013565753489440011
0.27991773881845056
-0.10319115503437358
0.29464272601626
-0.52655347034365
-0.10734876596609129
-0.9925133011597911
-0.8934105299373996
-0.5190921526681739
-0.3771943099113953
-0.11702955113421891
-0.763689258016395
-0.9476249891659396
-0.6001801221757761
1.039859023855024
1.4244584741581885
4.2484456624907585
1.8168023471307015
2.1140583139520825
-0.7954975473844383
-1.4167442127068517
-1.3791932566715925
-0.9844085298323064
-1.3484221515829915
-1.2342321618663539
-1.2146886356055355
-0.7472177065687212
-0.3173039469147094
-0.28054077408431677
0.41310747583804674
0.4374656553195792
0.9341864400681014
1.8018568511234578
-0.7830504394437229
1.261487569877638
0.23103484439685953
-0.5732728598835631
-0.7129379356156346
-0.49743077414833775
-1.2948437259501167
-1.168645091053839
-1.0353774082061824
-0.516236532974356
-0.40653109520996356
-0.7866218160353161
-0.3741138906722827
1.3924129024924916
0.8563579753223297
1.7333148914826286
0.5303782353962315
0.14143843805516426
1.5910325077197733
-0.2230420664638585
-0.34777629047062103
-0.8968243122445266
0.27198369962026153
-0.49637650562750923
-0.4003198293898388
-0.3661691839031552
-0.18384629688041654
-0.4771252825017105
0.49327855462504777
1.3131392505153947
0.7637853391809206
-0.3073604331561467
-0.8997889078850926
-0.45856472622741073
-0.5951765685578588
-0.3695372824223585
0.016249066118133804
0.35567682572235854
-0.15703431813370722
-0.4618063634101258
-0.32091838470339973
0.10962184424405348
-0.11034263847053596
-0.6548550544713652
-0.12659399890704454
-0.2904274986295021
-0.09586784999739215
-0.22538202887257364
-0.006729960318905838
0.0758143248902902
-0.8758386001185774
-0.13685241102150433
-0.1309978435846529
-0.1811582637242266
-0.4175934101639501
-0.9316679361916224
-0.6036985324228603
-0.7250990774148821
-0.538763294311555
0.4123673564289321
8.09524971161547
7.806712461514104
6.8710515021791245
-0.8229292517213787
-1.2238394339456073
-0.8723662938916867
-0.6277585423294545
-0.48461294045383174
-0.6714964819380747
-1.3333704708819911
-1.326488045456855
-0.22536959144880087
0.5361162517059476
0.9547335728667682
-0.4767962284850196
-0.056737972745700936
-0.18732333186181827
-0.5812906872851521
0.26750130797408966
-0.08804381722337036
-0.6032814538228172
-1.0870788618969882
-0.5270074795418893
-0.25977714254784184
0.04604893061160734
1.7117284483279758
0.3428316673394781
0.023727432504529467
-0.4232792253822268
-0.26517162576515696
0.041615890334914876
-0.5610416388358063
-0.3228965659407092
-0.44707947536313863
-0.4950301905730746
-0.042575622987424296
-0.624279106085015
-0.12423328985701815
1.884564803935783
0.42178556946757956
0.897252910533482
-0.025676201416842095
-0.820260391009386
-0.7875663903693603
-0.6366536647244353
0.024725126928873853
-0.0032330080521737812
-0.10496750398066877
1.336783344066822
-0.19711864547691027
0.3541066268992545
-0.47920369353256076
0.33991367961951774
-0.9303249107650308
-0.799008007244409
-0.7689781512549108
-0.5496398911726829
-1.000688797694515
-0.5909853026106106
-0.2798041449586227
-0.04521134588776727
0.011839733369443717
1.1424002600330072
-0.6112721174344423
1.1668135432458882
0.6049062663070482
0.22436930036525993
1.163201648002685
-0.24412242332064535
-0.2331212497468965
-0.34551992111834445
-0.37588784339301157
-0.6538084428981259
-0.14719662474921386
