182
1.59682
2.14901
0.543165
-0.191725
-0.551048
-0.200718
-0.572862
-0.436019
0.603267
1.94052
0.187806
-0.670713
0.012816
0.0796989
-0.148991
-0.441818
-0.378476
-0.135953
2.15302
-0.729959
-0.216012
0.0529511
-0.00361435
1.3709
1.48404
-0.67858
0.602786
1.0255
0.0986186
-0.533433
-0.447084
0.534981
0.587879
1.89514
1.66695
2.71227
-0.545392
-0.50508
-0.0555758
-0.706988
-0.132195
0.170676
-0.411914
-0.466548
-0.692463
-0.206344
2.10123
2.6776
-0.489967
-0.579826
-0.525805
-0.344261
-0.412419
-0.495816
0.398628
-0.402769
0.754459
1.29683
2.13472
-0.00685555
-0.23569
0.713704
0.0885728
0.140124
-0.00500035
-0.170252
-0.357448
-0.336061
0.0445675
-0.540265
2.3417
1.60562
-0.171464
-0.64938
-0.469997
-0.839572
0.497702
0.463583
1.24364
0.88723
2.19445
-0.624723
-0.155453
-0.326433
-0.444818
0.805526
1.00038
0.268051
1.09134
0.534562
0.377086
-0.181252
1.81723
0.39964
1.06503
-0.273854
-0.122373
2.27506
1.96858
0.234003
0.444071
0.984644
0.231707
0.30607
2.09604
1.95862
2.14627
0.245811
1.56591
-0.0742176
1.95987
0.13301
-0.0293639
0.09793
0.872292
1.0277
2.07735
1.04389
2.83752
2.83596
2.65292
0.489935
0.532687
-0.186087
-0.258812
-0.391269
0.365032
2.31813
-0.247202
-0.174071
0.679591
-0.597735
-0.60966
1.56519
1.39804
0.0837841
0.0996912
-0.431363
2.05583
0.0966163
-0.506477
-0.317184
-0.0370235
2.07026
1.54004
0.25576
0.503161
0.82434
0.236149
0.90856
1.97056
1.15923
0.484152
1.4387
-0.0387021
0.0854968
2.49235
0.0528128
-0.0799391
-0.349642
0.310451
0.285606
-0.34704
0.553079
0.252604
0.524188
0.116415
1.90311
0.636691
-0.439754
-0.0115838
0.167415
-0.475946
0.324942
-0.642443
1.35908
0.0353173
-0.627161
1.18522
2.08215
-0.371734
-0.740003
