182
1.62192
2.19007
0.54302
-0.265589
-0.485896
0.034197
-0.50871
-0.4113
0.614598
1.92586
0.246555
-0.720424
0.135416
-0.0592739
-0.0220771
-0.375624
-0.434588
-0.0296314
2.13371
-0.513174
-0.232671
0.0493755
0.0183338
1.40165
1.50209
-0.667636
0.584184
1.19298
-0.0229944
-0.563184
-0.422306
0.50413
0.5652
1.95057
1.71719
2.71104
-0.576987
-0.553866
-0.0790696
-0.709983
-0.200422
0.153879
-0.377999
-0.438294
-0.673345
-0.0436653
2.22472
2.69335
-0.46368
-0.552254
-0.460118
-0.396137
-0.154138
-0.398171
0.428376
-0.402389
0.7537
1.64086
2.43894
0.194042
-0.180534
0.651207
0.0769734
0.0975516
0.0377267
-0.211915
-0.419763
-0.362714
-0.0982643
-0.492657
2.27627
1.63941
-0.23553
-0.561868
-0.410269
-0.711881
0.410736
0.480918
1.4948
1.01829
2.57151
-0.607801
-0.101995
-0.281693
-0.340149
0.876935
1.02756
0.215306
1.07818
0.425658
0.338665
-0.361887
1.69161
0.39106
1.2354
-0.463916
-0.227431
2.35891
2.17432
0.193134
0.317285
1.00951
0.28276
0.370404
2.03047
1.88105
2.18873
0.215206
1.5675
-0.151248
2.03815
0.251269
-0.0302149
0.0217859
0.905049
0.911919
2.01377
0.997899
2.7869
2.87526
2.68732
0.434891
0.561175
-0.275218
-0.346987
-0.392618
0.329739
2.48347
-0.383057
-0.360432
0.736365
-0.712512
-0.684891
1.61915
1.37746
-0.100935
0.0476721
-0.573891
2.22451
0.00740776
-0.634952
-0.384917
0.00431822
2.08361
1.8499
0.163318
0.273435
0.6654
0.314121
0.871157
2.01408
1.13713
0.334053
1.44914
-0.0923487
0.182008
2.59822
0.0171486
-0.148837
-0.329386
0.336155
0.291843
-0.512627
0.554798
0.206111
0.571217
0.150916
1.85888
0.703374
-0.412106
-0.0132286
0.169904
-0.41848
0.330226
-0.61673
1.43077
0.188047
-0.535827
1.20162
2.18096
-0.370133
-0.660427
