548
0.36793
1.72992
0.891197
-0.0815225
-0.339149
0.0747011
-0.112044
-0.155483
-0.148645
-0.107517
0.0766747
0.386393
-0.278036
-0.56624
0.12754
0.235938
0.921932
0.230287
-0.239778
-0.457292
-0.403609
-0.11024
-0.241058
0.440077
0.673951
3.15713
1.41206
-0.167474
0.562705
0.1054
-0.498019
-0.495812
-0.484227
-0.364716
-0.445418
-0.349521
1.63533
-0.0364592
-0.257943
1.09744
-0.275442
1.79243
0.228349
-0.373725
-0.568912
-0.583921
0.696748
-0.5544
-0.159799
-0.646611
-0.746754
0.00254007
-0.487532
-0.251492
0.153226
-0.540906
0.0785242
-0.612295
0.286266
-0.383556
0.41061
0.299071
-0.309129
0.525546
-0.0126083
-0.039426
-0.104009
-0.528132
-0.116543
-0.190921
-0.425325
-0.437758
-0.626139
0.0186886
0.863059
-0.212294
-0.474606
0.0871601
-0.363092
-0.661774
0.0279941
-0.384366
0.258039
0.142087
-0.486445
-0.464604
-0.324802
0.582671
-0.633373
0.19345
-0.407565
1.62521
1.7069
0.359258
-0.0386707
-0.119714
-0.0562009
-0.286842
0.0443876
1.19063
-0.34382
-0.282204
-0.316502
-0.277426
1.66468
-0.488104
0.0774006
-0.463101
2.77476
-0.310931
-0.319484
-0.466748
-0.270575
-0.527607
0.549857
-0.086134
-0.363832
-0.383251
0.193193
-0.0438206
-0.427175
0.0582365
-0.587086
-0.100708
-0.362834
-0.016456
-0.037102
-0.390482
-0.514403
-0.433973
-0.146141
-0.57359
0.119697
-0.557373
0.256313
0.790221
0.983322
-0.0124923
0.0874878
-0.476536
0.00722587
-0.437826
-0.0485832
-0.0322811
-0.438436
0.0694263
-0.356026
-0.313908
0.217032
-0.329846
0.129078
0.165317
-0.419622
0.708366
0.444783
0.643222
0.224734
0.30377
0.160808
0.150175
-0.227167
-0.116345
-0.125264
0.212371
-0.328445
0.0166752
0.724101
-0.526362
-0.300859
0.0936172
1.13113
0.317782
-0.275081
-0.413938
0.795421
-0.394251
-0.10179
2.3552
3.26857
3.21238
2.1689
1.7313
0.251772
1.3093
-0.0131637
0.225395
0.265201
-0.34678
-0.0677912
0.0657903
1.34435
2.18776
0.778413
0.905429
0.113809
-0.0949369
-0.694596
0.43153
1.69605
3.91489
3.27505
1.65802
0.381445
0.1338
1.8811
1.63893
1.23282
0.845506
1.51115
1.5415
-0.326795
-0.390505
-0.469588
-0.21609
-0.42167
1.37277
0.61134
0.563803
1.75721
2.12403
-0.0632156
-0.700264
-0.0839514
-0.02893
0.717551
1.45163
0.0766436
0.217096
1.46928
1.45396
1.83758
0.5737
1.6803
1.39897
0.411074
0.0844942
0.777324
0.665133
0.82255
0.654229
0.598446
0.919544
0.739526
-0.503251
0.231762
-0.628036
-0.694944
-0.411202
-0.0704913
-0.356404
0.604168
0.354868
-0.466035
-0.356399
3.36676
0.554477
0.145055
-0.0522377
-0.108803
0.905676
0.542762
0.463615
0.430441
-0.107234
-0.0147421
0.126509
-0.0291115
-0.359801
-0.0218062
-0.229248
0.436852
-0.0404319
0.226477
0.282191
0.421719
3.23847
1.83047
1.40555
0.797619
0.634243
1.63387
0.478579
0.29915
0.777536
0.187175
0.327624
0.274637
0.482666
0.489469
0.444553
0.514893
0.710385
0.556072
0.528039
0.534291
0.816908
0.298472
-0.098647
0.522884
0.130302
0.24303
0.0722111
0.193705
0.63946
0.516559
0.36184
0.339369
0.914282
0.388261
0.132448
-0.0532098
0.691243
0.397715
0.584395
0.849893
0.77006
0.505209
0.624511
0.609762
0.436991
0.893974
0.300188
0.322017
0.611799
1.76599
0.279435
1.21717
0.334166
0.368197
0.110084
0.189458
0.168115
0.569936
-0.204447
0.0921504
-0.00809475
-0.092604
0.038629
-0.150734
2.3881
1.32535
1.62905
0.552828
0.549998
2.05194
0.953578
0.711397
0.275177
0.662442
0.0567066
-0.278909
-0.277869
0.255276
0.409888
0.238734
0.371509
0.692393
0.913098
1.24794
0.160189
-0.135715
0.179231
-0.0887149
2.68293
1.09464
0.61384
0.463863
0.320685
0.222176
-0.0485681
0.237741
0.257749
-0.272768
1.05007
0.958032
1.85016
2.61773
0.798317
0.401107
0.239996
0.6769
0.494159
0.212406
0.350698
0.630522
1.25316
1.70318
1.7649
2.29965
1.13124
0.986109
1.10856
0.201035
-0.0116889
0.178916
0.021617
-0.287298
0.241277
0.0305673
0.319896
0.489345
0.173549
0.266726
0.616032
0.397816
-0.0466444
0.128129
0.1407
1.39868
-0.200446
0.436206
0.363106
0.335665
0.288847
1.14681
-0.206932
0.224615
0.634976
0.913483
0.671922
1.67183
1.81357
1.04269
0.590362
0.838306
0.786046
0.583033
0.572087
0.823701
0.914843
0.788283
0.331517
0.492388
-0.0423089
0.228299
0.150487
0.785269
0.671716
0.507248
0.410221
0.0959822
0.332578
0.535536
0.224751
0.716703
0.181895
0.0994914
-0.142445
-0.0309323
0.201843
1.41429
0.396502
0.240102
0.250299
3.05124
0.909967
1.27761
0.687443
0.490166
0.652791
0.482892
0.650716
0.598345
0.590066
0.463954
0.778095
0.727461
1.19192
1.02074
1.16346
1.46308
1.04024
0.668799
0.794745
0.724334
0.785022
1.08821
0.608821
1.09486
0.686645
0.725434
0.86791
0.892257
1.61893
0.640039
2.32618
0.557287
0.845931
1.73179
0.640056
0.630358
0.394891
0.469454
0.760242
0.591493
0.884555
0.741577
-0.161874
-0.161481
0.573161
1.33948
1.44729
1.09467
2.47959
2.67681
1.99587
2.39201
4.0075
3.5082
2.25428
1.4603
0.902175
0.854829
0.539824
1.75016
1.46923
0.468443
-0.0030159
0.692355
1.29724
2.18207
2.38893
2.69222
1.93675
3.73645
3.50798
3.15371
3.31301
1.64477
2.30671
3.2501
2.47697
2.98462
0.956194
2.80891
2.2897
3.19011
2.99387
1.65605
1.95256
2.33855
1.66269
0.840108
1.00803
0.501997
1.76813
0.97147
0.843976
