182
-0.11119822586188417
-0.3065433928694402
-0.0896054942325775
-0.22829466024984893
-0.31341438086290263
-0.2576435280789837
0.07799494042744574
0.10175465767521878
-0.03808455996929046
0.25612145651948787
-0.3249080228723471
-0.2667108309581054
-0.15363865712374758
-0.22450237558935596
0.23796306696751807
0.027409864147492115
-0.36851505091040593
0.3972838135064733
-0.05846041433106333
0.00753479873557529
-0.2942331912231758
-0.24808037444346914
-0.24448462326910628
0.7769662684280031
12.745121265623728
-0.30725347323412006
0.46171640894223137
-0.0076277517588724175
-0.3355315462249499
-0.31512783194079225
-0.24232479341452193
-0.004392862286044852
-0.21011520680186005
0.46377489502635877
-0.2998184502448461
-0.14652192430071956
-0.30061802527576376
-0.2619228482570905
-0.3097764414810909
-0.1123986630826623
0.21394093047104792
-0.291269404234568
-0.09903613440656578
-0.03310253360665408
-0.23091601126840974
-0.16185363225942845
-0.34350527915807
0.6933389095218517
-0.11250457936983138
-0.24886469949941306
-0.26576988011335095
-0.12853151689994533
-0.3256509112522891
-0.036530078691361476
1.825773533292797
-0.34179105375671937
-0.29064661682993354
-0.3641775708729843
-0.23928637026607394
-0.21764171593000328
-0.22725258353537994
0.3402585900870851
0.30915189679287863
-0.2271043029257929
-0.29769313176703527
0.06624818595425229
-0.14489620003579493
-0.35835091627684174
-0.30922685819152823
-0.02560007444037604
0.8180234179500955
0.24451791513102633
-0.29452515863830264
-0.31614358090143635
0.2861876824759128
-0.21562092418750925
-0.28321469244089803
-0.25959727995333487
0.16276988132402326
-0.14792114814895374
-0.23911193395403552
0.15997962056280138
-0.10812511379923455
-0.317961322878567
-0.1879684888685436
-0.18457948392416124
0.30484054962781376
-0.053141144909115014
-0.16679825143818824
-0.2698810236105352
0.06971316771910033
-0.20626207295766574
1.8113241997045506
-0.23763763926096274
-0.05392528437260418
-0.26377128469797495
-0.22879994374450796
0.2835539205612023
-0.33197680374274097
-0.10617184864445439
-0.2878959990975071
-0.2715974931941249
0.1924227068417269
-0.10698272584508095
1.126279424030186
-0.18143302585305832
-0.2640988609569784
-0.2852187977228122
0.04027318770819174
0.27557786794237243
-0.2456870533775646
-0.12912896330393658
-0.29785400574939724
-0.16546047762795577
-0.08602442697287452
-0.07653859185724327
-0.3686979869095567
-0.17780841437630446
-0.11897838489543203
-0.2812734878143026
-0.0671472758420216
-0.1677057249012571
-0.015354255529681199
-0.0975422238403121
-0.3453108104924142
-0.2773729753901975
-0.19268956421026215
0.24875592145320533
-0.29747059248648666
-0.29072314210994327
0.19026756421483101
0.35357718053113146
-0.16833216540997736
0.4599702046681516
-0.2802703536486255
-0.2903938839692646
-0.17088466594860274
-0.2778964989012663
-0.20643830241104563
-0.11041817851522144
0.0035058670997839365
-0.1726566635006589
-0.009974879046298478
-0.28938853908356027
0.022212738647440472
-0.3678090644152595
-0.2818690875401919
0.26843938296215525
-0.11173586167099257
-0.0766904241104699
-0.3046434231266601
0.09281446506890219
0.14735698529503002
0.09827905692687786
-0.23659035982225216
-0.30350886686050127
-0.13180237542525317
0.40752375633029386
-0.1418901022543266
-0.18158974135182684
-0.25377670402751334
-0.11437541780756216
0.1100673790428561
0.13978156340627854
-0.3356536745891745
0.5635866900261266
-0.3662206689446932
-0.18271450992836583
-0.11095853977462947
0.20629115764725314
-0.1746085272818599
-0.01698054152710846
-0.24229649935197664
-0.3060689265139451
-0.12273745989753368
-0.03257343464963462
0.003243750293543154
-0.2811056895533292
-0.20918309091204804
0.22711138950492818
0.08040899742263401
-0.26489461030042594
