546
-0.369687
-0.34505
-0.431269
-0.270299
-0.546994
1.75604
1.72864
1.62088
0.592874
0.283373
-0.178707
-0.2121
-0.713524
-0.327925
-0.801422
-0.71673
-0.319187
-0.293851
-0.307889
-0.321311
-0.415317
-0.23917
-0.528478
-0.547658
-0.353238
-0.598857
0.121607
0.201517
0.411188
-0.247579
-0.0712317
0.266415
0.217857
-0.240573
-0.505325
-0.334412
-0.410038
-0.340917
0.0407449
0.0468351
0.0301363
-0.241113
0.457996
0.952912
2.74219
2.82057
-0.599214
2.50426
0.606698
0.939514
2.52945
2.65396
2.35785
0.474427
-0.3706
-0.723422
-0.742626
-0.515843
-0.524431
-0.3673
-0.245888
-0.329342
0.176863
0.40853
0.37977
-0.598289
1.1125
1.3566
0.250529
1.09173
0.0441772
1.5663
1.73195
1.71214
1.37309
1.31945
1.58557
2.17596
2.20959
0.635325
1.7231
1.03062
0.81046
0.573486
0.00289576
-0.696089
-0.653008
-0.643883
-0.671407
-0.529246
2.95154
-0.614886
0.27614
0.29663
0.37425
-0.0501884
-0.233552
-0.419238
-0.406764
-0.0551835
0.542435
2.98807
0.689709
0.606367
-0.540729
-0.567036
-0.439463
-0.598781
-0.529753
-0.821014
-0.179544
0.411011
-0.46069
2.83288
0.626351
1.53383
2.19375
2.25559
1.75367
0.0765829
-0.146561
-0.170374
0.225432
0.189805
1.64885
0.146043
-0.505122
-0.0768868
0.993748
0.866596
1.00169
0.0782964
1.19272
1.37962
1.20344
0.722376
-0.364272
-0.318699
-0.102072
-0.165563
-0.621235
-0.745817
-0.112284
0.696048
1.38144
1.50888
0.824613
1.21811
-0.314043
-0.214969
-0.471406
0.0349051
-0.285347
0.562484
0.38607
0.460894
-0.29376
0.787427
-0.610941
-0.558578
-0.3064
-0.145823
-0.016006
-0.156209
-0.206623
-0.494117
-0.249808
0.131284
0.899175
0.430279
-0.0278011
-0.0267576
0.967429
1.20548
1.28522
0.663058
0.502516
0.192952
0.0334991
0.998138
-0.557936
-0.476225
-0.561926
-0.671938
-0.249749
0.166033
0.544554
1.37124
2.86412
3.00608
0.805999
2.82318
2.13934
1.50947
1.76695
1.779
1.5121
0.105288
0.0795458
1.28552
1.59631
0.397406
1.25597
0.61624
-0.186495
1.57086
1.68498
1.48028
1.0344
0.771911
0.331879
1.18664
0.647436
1.35029
0.996365
0.0568436
-0.0522288
-0.0268743
-0.631086
-0.391491
-0.598363
-0.405629
-0.74844
-0.281866
0.829643
-0.575984
-0.747337
-0.728494
-0.517777
-0.530774
-0.366947
-0.49702
-0.535178
-0.486632
-0.324857
0.383157
-0.172521
-0.0809587
-0.35305
-0.439716
-0.622501
-0.555196
-0.611287
-0.48893
-0.366789
-0.0588967
-0.254342
0.407936
0.612293
0.78296
0.728289
0.410153
-0.01453
0.0504689
1.77064
3.34587
3.29047
0.584774
3.18788
1.52848
1.27918
1.35913
1.23406
0.460323
-0.0891924
-0.521749
-0.676413
-0.53267
0.787519
-0.449394
1.02673
1.69763
1.65548
1.39728
-0.0740212
0.127182
-0.0592478
0.162759
0.0831477
0.967721
0.0592596
-0.0417368
-0.119703
-0.546924
-0.29714
-0.199379
2.2075
2.35761
2.28736
-0.210144
1.58782
-0.543454
0.407229
0.815906
0.889413
-0.0868665
-0.271736
0.440185
0.606761
0.490776
-0.0317951
1.70867
-0.365867
-0.387925
-0.532745
-0.521471
-0.172222
-0.121566
-0.0727761
-0.345948
-0.414276
-0.331597
1.40778
0.0212717
-0.0746512
-0.0382693
-0.52383
-0.568004
-0.581147
0.774779
0.866682
0.620057
2.15187
2.31628
2.90344
2.96268
2.65509
0.84402
0.559373
0.0101731
-0.315416
-0.442997
0.184572
0.353687
-0.0658008
2.35524
-0.00909946
-0.459426
-0.353002
0.0106714
0.00917631
1.00517
1.12198
1.14037
0.530454
0.605868
2.18291
0.231
-0.0124662
0.0785272
-0.536999
-0.346717
-0.515945
-0.4543
-0.483745
-0.352286
0.360814
0.436676
0.218744
0.0125264
-0.503376
-0.455905
-0.57811
0.650299
0.810928
0.723867
0.0976202
0.185299
-0.245202
0.0361851
0.166516
-0.783285
-0.425206
-0.464975
-0.295621
-0.459097
0.573051
0.758709
0.60492
-0.602659
-0.17678
-0.110295
-0.50728
-0.517168
-0.189698
-0.437571
-0.452282
0.522054
0.815606
0.582056
-0.607051
0.232629
0.665576
1.03527
1.2093
3.26809
3.21336
3.0373
1.79475
1.25992
1.12192
-0.494208
1.26824
1.07286
0.865015
0.964495
1.21068
1.57916
1.56866
1.03141
0.199115
1.59982
-0.067914
1.7207
1.37134
0.118629
-0.205644
-0.274963
-0.477925
-0.545612
-0.555019
-0.314496
-0.235361
-0.115781
0.103348
0.527048
0.352139
1.37618
1.38762
1.47099
0.568965
0.526108
-0.228219
-0.195913
-0.19291
-0.562316
0.665622
0.819037
0.422279
0.0771069
0.686346
0.90444
0.509237
-0.527536
-0.725979
0.133944
-0.68635
0.648471
1.47004
1.36485
1.02426
-0.00303113
0.727697
0.9984
0.628799
0.0729335
-0.0983118
-0.539248
0.138174
0.140011
-0.17912
-0.392531
-0.384852
1.27283
1.4243
1.17747
0.228924
0.148233
-0.506359
0.246984
0.618348
1.32355
4.09589
4.12488
4.12713
2.85393
2.36745
2.72872
2.75496
-0.583537
2.77462
2.09839
1.39102
2.28382
2.4343
2.54007
2.58337
2.53024
2.13516
1.03309
-0.345603
1.13773
0.976621
0.390615
1.83642
1.94364
1.69874
0.564454
0.476421
0.430321
0.157373
0.0186511
-0.145155
-0.205989
-0.800642
-0.907536
-0.809569
-0.196471
-0.290429
-0.155485
-0.48081
-0.403096
-0.438835
-0.444066
-0.353296
-0.359599
-0.398482
0.394825
0.428434
0.505775
2.03768
2.19672
2.06081
0.621368
-0.780046
-0.608277
-0.0640057
-0.289757
-0.248001
-0.472336
-0.256253
-0.564875
0.25097
0.161858
0.17286
-0.72587
1.36525
1.44436
1.10564
-0.487539
-0.29641
-0.497388
-0.639016
-0.539369
-0.113338
-0.16911
