546
-0.3417
-0.336594
-0.216028
-0.272401
-0.674488
1.69549
1.73997
1.67332
0.596249
0.31685
-0.152653
-0.2503
-0.809718
-0.231944
-0.748109
-0.757268
-0.261141
-0.210682
-0.219407
-0.187857
-0.341242
-0.0569836
-0.566992
-0.45642
-0.23978
-0.538778
0.254003
0.34862
0.336146
-0.0166472
-0.0750668
0.304585
0.233945
-0.165205
-0.340054
-0.223545
-0.330756
-0.289864
0.211798
-0.0175849
0.145622
-0.126017
0.511461
1.04137
2.86404
2.78686
-0.525023
2.59197
0.576576
0.927004
2.57337
2.55985
2.47542
0.490283
-0.28684
-0.692197
-0.680409
-0.394748
-0.511026
-0.29389
-0.261556
-0.240544
0.169745
0.363363
0.398459
-0.518916
1.10756
1.25989
0.183666
1.16201
0.0977051
1.57679
1.6923
1.79584
1.29132
1.3618
1.61071
2.19222
2.0914
0.671619
1.76151
1.02461
0.799821
0.646958
0.138263
-0.693219
-0.655533
-0.610751
-0.658317
-0.557273
2.98471
-0.513823
0.296746
0.296476
0.437864
-0.0732089
-0.222397
-0.34401
-0.337954
-0.0150233
0.551644
2.88646
0.771157
0.541308
-0.558271
-0.524561
-0.366905
-0.568746
-0.526412
-0.739598
-0.216867
0.436499
-0.320213
2.87735
0.532836
1.49045
2.13563
2.2101
1.87926
0.138469
-0.135776
-0.165501
0.290151
0.107805
1.70526
0.165884
-0.570096
0.0103506
1.17783
0.845481
1.1533
0.147495
1.12584
1.31669
1.35085
0.768076
-0.315992
-0.269286
-0.0498761
-0.184794
-0.573033
-0.687908
-0.141554
0.855704
1.32972
1.45
0.858204
1.26506
-0.249727
-0.301186
-0.322848
0.075165
-0.188457
0.654288
0.43994
0.549405
-0.120263
0.72355
-0.570478
-0.53709
-0.226578
-0.0919411
0.0828894
-0.00188227
-0.0907838
-0.408023
-0.176161
0.146796
0.913928
0.388398
0.00855899
0.021018
0.944789
1.10994
1.32608
0.560198
0.467722
0.171974
0.165929
1.02193
-0.578208
-0.499174
-0.626104
-0.70743
-0.257185
0.0745831
0.522521
1.33637
2.93418
2.99141
0.866627
2.89231
2.17792
1.57321
1.83103
1.75519
1.56067
0.147802
0.137526
1.19172
1.43278
0.386675
1.27586
0.600146
-0.191648
1.51331
1.61809
1.57802
1.04632
0.807123
0.390795
1.1399
0.706167
1.31935
1.12039
0.151374
-0.103519
0.0106272
-0.593758
-0.410212
-0.493375
-0.23241
-0.686968
-0.157558
0.786576
-0.51962
-0.735515
-0.612665
-0.429156
-0.388163
-0.308259
-0.462514
-0.589868
-0.468038
-0.296692
0.387382
-0.09611
-0.107592
-0.243336
-0.372994
-0.568232
-0.373598
-0.472118
-0.439602
-0.248878
-0.0372522
-0.247634
0.427271
0.575206
0.868039
0.730206
0.492964
-0.00890263
0.0547648
1.83856
3.38997
3.20611
0.635175
3.16004
1.612
1.31907
1.26945
1.38147
0.470003
-0.0848221
-0.522832
-0.708311
-0.529009
0.712956
-0.463959
0.95024
1.72122
1.67544
1.4096
-0.0813273
0.184642
-0.0848858
0.175902
-0.0129697
0.986179
0.124496
-0.158393
-0.0384165
-0.494725
-0.25658
-0.149842
2.24205
2.34922
2.31876
-0.0670246
1.59372
-0.540771
0.41166
0.857463
0.800799
-0.0113837
-0.204702
0.494397
0.583473
0.472209
0.0568774
1.7063
-0.410896
-0.260774
-0.471887
-0.534759
-0.129512
-0.0790175
-0.0873344
-0.337146
-0.416674
-0.253103
1.57565
0.183786
0.0704302
0.089028
-0.513262
-0.351702
-0.515101
0.953736
0.834398
0.56377
2.18026
2.31888
2.96634
2.99482
2.68337
0.821938
0.55716
-0.0356715
-0.240374
-0.429636
0.310024
0.234232
-0.016365
2.36226
-0.021929
-0.332689
-0.262503
0.124928
0.0669935
1.00013
1.06892
1.14113
0.592942
0.611812
2.24962
0.30001
0.0309199
0.119515
-0.48738
-0.200225
-0.467302
-0.430826
-0.467226
-0.396965
0.342253
0.479378
0.228692
0.10346
-0.482029
-0.469998
-0.56111
0.687557
0.754885
0.74351
0.0543274
0.322688
-0.1504
0.13306
0.221511
-0.711662
-0.25795
-0.331178
-0.1942
-0.342955
0.573616
0.769499
0.610424
-0.568449
-0.0715969
-0.135298
-0.414731
-0.453785
-0.0658025
-0.458658
-0.360708
0.535358
0.787198
0.680429
-0.601336
0.362344
0.694072
1.11679
1.23159
3.2672
3.1293
3.02772
1.79793
1.3275
1.14134
-0.433671
1.09425
1.11209
0.840418
0.966883
1.11991
1.55421
1.56453
1.0737
0.227885
1.56042
-0.0941328
1.62415
1.39681
0.131728
-0.214196
-0.35018
-0.445244
-0.561121
-0.501259
-0.319475
-0.174884
-0.150611
0.127466
0.542609
0.410169
1.39758
1.36317
1.6642
0.524048
0.668856
-0.052254
-0.124225
-0.151602
-0.421453
0.722835
0.830537
0.43218
0.162659
0.753816
0.9509
0.501062
-0.504395
-0.764729
0.185714
-0.615478
0.675049
1.41371
1.37684
1.11559
0.0453039
0.744991
0.958547
0.623071
0.17806
-0.0486285
-0.549189
0.323147
0.112336
-0.0461956
-0.407122
-0.383157
1.27192
1.37378
1.16271
0.270426
0.156041
-0.485856
0.327492
0.69496
1.38904
4.23179
4.17433
4.13051
2.88894
2.41384
2.91517
2.78964
-0.642981
2.79819
2.06507
1.48778
2.22152
2.44428
2.62279
2.67946
2.50342
2.2348
1.10919
-0.292013
1.07567
0.98622
0.489048
1.87867
1.89377
1.7665
0.503282
0.508543
0.467477
0.157949
0.0561446
-0.0772801
-0.196374
-0.754432
-0.822739
-0.82175
-0.113952
-0.181005
-0.153219
-0.338179
-0.385478
-0.260912
-0.341155
-0.415027
-0.408977
-0.42041
0.391371
0.405505
0.573503
2.06934
2.15509
2.0775
0.633473
-0.655049
-0.536829
-0.0368642
-0.352689
-0.235091
-0.599604
-0.112388
-0.560506
0.293668
0.0380109
0.296423
-0.651143
1.41258
1.46348
1.19531
-0.484994
-0.431207
-0.497277
-0.595749
-0.590264
0.00969792
-0.208207
