182
2.056812109093173
1.314721576856733
-0.09657804760565743
-1.0504743275823794
-1.0533070662689379
0.4362181785521288
-0.9713218762810026
0.3856597065255064
-0.5994263176799781
-0.814589262692895
0.852340233520563
-0.6082497731878523
-0.789964033754967
1.0163331235737518
-0.9349019064712643
-0.6097901028952459
-0.4152563807122142
-1.4077281311682843
0.5059327661979587
-0.900965066828262
-1.0380692519604084
-0.9249171344124959
-0.22011994972582968
-0.9608881836056581
0.35699854876156834
0.3691319264645054
1.3199333734042804
-0.39715891671900605
0.06179255550425827
-0.9169744845987363
-0.9474689426349371
-0.06448741105880731
-0.893174529016642
-0.24620149001231947
1.0605484523174757
0.18326357574201324
-0.8912578024184458
-0.9392254823643504
-0.8724999630819981
-0.8492993570748579
0.572274874722763
0.8744683383983776
-0.6299179601293702
0.5786639827335528
-0.17477479775403348
0.588676250086991
0.46263433293713435
1.18134948092895
0.13617263824479847
0.16249871851320408
1.6641465857400488
-1.0813597066079066
-0.3851630525511038
1.5335283661275847
-0.7727093584199236
-0.09759029833379892
-0.9459715929578227
1.4799742861910679
-0.9356684131110423
1.080906382374742
-0.8325348626547735
-1.3933076123222232
0.8282127913788021
-0.23734857446329752
-0.6620712612494208
-0.19200132805936876
-0.83636417189159
-0.8444142305728108
0.7825821316152796
0.7966005158044902
1.4598739370769174
0.4129474208532461
-0.8010798041998862
-0.4653120351564582
1.018376123525552
0.20003911579089936
0.3495830794029358
0.32914295258171433
0.9514189065111113
0.13212095642675067
-1.2165196817947326
-0.7727709359919169
0.14900788469828186
0.8031871574888313
0.6405092953834075
-0.514997743560264
-0.41440320998317215
-0.5790316940139494
-0.33099709518681897
-0.5158533265910483
0.2822108647602565
2.956636149311169
0.9365815050845949
0.27582944002265175
1.8443856633471338
1.181911999469614
1.294320978306127
-0.4218493725496572
-0.9528742479372075
-0.7689406181037395
-0.8227519878036306
-1.10723569533231
-0.009181203499870826
-0.6325704298225296
-0.4269342722785689
3.167200421709968
1.027782419819467
-0.7620814362686196
-1.345866437494809
-0.9745225695243966
0.4170203978336352
0.9660147787208809
0.5398398163895591
-0.8298119688134188
0.18969098057106112
-1.1491012780559988
2.303271632403494
-0.7115310921927384
1.4112397900170952
2.5671261251087305
-0.6542491742700095
-1.1478264707354617
-0.8857352456378359
-0.7212631922514036
-0.8843348240892159
0.20551481321063697
-1.117682277176174
0.9454881944331714
-0.707162731889707
-1.1009793279265212
-0.0966553952400492
0.14967846757275516
-0.9546849011777734
0.3276371516218706
0.4976030909372036
-0.07828891278560976
0.662887922044596
0.6303950922701779
0.8486660431844226
0.9379794735215266
0.143641044255634
0.575823818256256
4.228584418061162
1.0499733444327186
1.380480987863591
1.150307362473918
-0.6975050492210518
-0.2867740855058045
1.1770724687964225
1.2954206412572857
-1.5291456656475113
-0.9107419842728098
2.888163598826845
-0.2281001168887009
0.038411256669062005
-0.05826948965243162
1.877935015391221
-0.2954656513975343
0.16754759637749406
-0.06510762368576553
0.6779083500192754
-0.6356315715741633
-0.7217851446096193
-1.215682219790692
0.15302432580108527
-1.0165435945687067
0.4962769698750633
-1.3627895146978886
0.27916784402977346
-1.3278955988673558
-0.4827454487186008
-0.3331584921695583
-1.263185284893177
-0.7467690031473151
-0.5632842006468369
-0.3996738546842469
-1.125868086032282
-0.7573721908217369
-0.024008291637356752
-0.8286099493782647
-1.0690094171533624
0.020459645780237234
