182
-0.5956906998648384
-0.5811946895277794
-0.5329673582901361
-0.5481104054768285
-0.5534217433075235
-0.5182589947938676
-0.47749978538521715
0.05986781549834465
0.017664188895777064
-0.4494666081152771
0.4169824124035802
-0.3950534674784852
-0.4102062163510051
-0.4517622764986972
-0.2532278530415653
-0.5168074751623707
-0.32450754464695586
-0.646586724134655
-0.35113874426106423
-0.38824951879848346
-0.5827527474293526
-0.4224313275280816
-0.4382016156019286
-0.4681942367308708
-0.5281666151697768
-0.16329722282953765
4.93213044643697
0.051206999648988616
-0.6042969783035955
-0.05573170190093082
-0.38277766226220006
0.04322352139944522
-0.4156575071434746
-0.041507448701640234
-0.45639788595630715
-0.4185909613228569
-0.6409897500912116
-0.24104490884889349
-0.4983736860704668
-0.32097825362244975
0.11426781288052856
0.3446777919019701
-0.17619660701868992
-0.5227896976532653
-0.4671271948715602
-0.31333607166735006
-0.6215994663022845
-0.0842922119356075
0.5632452092260002
-0.28866379312511875
0.047464664563000414
-0.5546939255663563
-0.15127964897641505
-0.07257639925506758
-0.5164445265146108
0.13379717878772504
-0.5924394966579789
-0.18745947503860538
-0.5632190767577913
-0.37140388550654907
-0.47915715187709923
-0.5845718524884033
4.208085734519003
1.2875109372022924
-0.29792969424873605
-0.3772774239346665
0.10939684186587786
-0.5010545831943041
-0.026482250198904964
2.6193317380810726
2.8174164742831933
0.5098121920558919
-0.4809722298609438
-0.5899587331052973
-0.12408025952009832
-0.18503192289196846
0.20216116723446487
-0.03257325555244014
-0.11740871266659382
-0.37378523410304304
-0.43428788412522956
-0.5392388527739235
-0.5202268703672858
-0.3183937031608835
0.2811343769491661
0.49599423336464715
-0.2918558744595164
-0.5105961313903253
-0.35959320385594606
-0.48490872774389726
-0.035355123734801784
3.069855729118794
2.510627552006525
-0.44740707706082017
-0.5112349000536603
-0.5922101964110483
-0.2257931949185282
-0.6310024428055891
-0.6430702051607627
-0.5127578951300652
-0.5222274448883091
-0.602565714021218
-0.5650762831087471
-0.08145432604287721
0.0031311935533922626
0.4850862920910552
5.703618854669344
-0.2054451954577297
-0.37345036174734997
-0.2863036765531762
0.37281406064563566
2.791084499247777
3.309824142941561
-0.09403453346350513
0.17698039096843887
-0.6235476360145008
-0.2919210575376159
-0.1609659641697864
-0.4419904838618764
2.6800878259046024
-0.3242321268653295
-0.24327605943608954
-0.1591586125483385
-0.48695995395917563
-0.39183922364782364
-0.15473455951497359
-0.23897335618901572
-0.4484380148549686
-0.12767991340121515
-0.30684354849088236
0.1637613144897368
-0.4172181235003859
-0.48503957450976215
-0.19856050787522952
0.11528157786871741
-0.2911597376501185
-0.1753483967880322
-0.4507862343455436
-0.4768068591788697
-0.3349901208575374
-0.3840650126423118
0.23395998971651058
2.2278640607500035
-0.3072357464455136
-0.333709852852324
-0.44058842925133396
-0.31785218253425573
-0.49186192339085705
0.07504138999283526
-0.5272757883155714
-0.5173950537190549
-0.05259696338329401
1.9665787612741845
1.012687309534756
1.3182137715668485
-0.26771534757101256
2.984884046215284
0.6164885110572258
1.5745917350039178
-0.19626584078688042
-0.5498433036322266
-0.6074526572561373
-0.4661306694579375
-0.3693323668951665
0.07396377898546798
-0.08521819092827679
-0.36623547774205145
-0.5889005320019345
-0.38651649061464693
-0.42845869365904427
-0.452675903992708
-0.5883421165078823
-0.48823924888938053
-0.2072371409761893
0.006107464503652931
-0.22326502457224923
-0.5957435362133869
0.02596630730644311
-0.020518785444512574
-0.46040286877542036
-0.09663071757697683
-0.5898611518117729
