181
1.02273
0.157039
-0.136009
-0.528065
0.461091
0.419583
0.158103
1.57988
1.39903
1.05835
1.1493
0.0393982
0.372929
-0.48249
-0.121927
0.918792
2.10013
0.856239
0.50564
1.18307
1.84865
-0.1105
2.69553
1.15629
0.0241235
-0.0571302
-0.82115
-0.297277
-0.83057
-0.190287
-0.144271
0.0724657
0.559055
1.73282
2.10149
-0.468789
-0.550656
-0.827046
-0.350678
-0.430863
0.0551242
0.0745728
0.148681
-0.0457623
-0.751558
1.4772
2.42375
-0.85114
-0.77786
-0.691713
-0.702143
-0.797367
-0.557763
-0.829706
-0.69497
-0.119899
0.125622
0.301337
-0.226202
-1.31117
-0.357374
-0.695223
0.449024
-0.581521
-1.07458
-1.18323
0.0351972
-0.592628
-0.535648
1.1253
0.152469
-0.967101
-0.988746
-0.380155
-1.12301
0.0661307
-0.294419
1.3701
-0.219618
0.541578
-0.0294445
-0.364831
-1.20692
-0.759879
-0.477424
-0.139703
-0.127182
0.0938663
-0.281926
-0.0376796
-0.644177
0.462129
-0.132434
0.6423
1.04606
-0.139091
0.403549
1.83494
0.0469482
-0.0532434
0.778511
0.133652
1.05077
3.66802
2.66211
2.49479
1.01412
0.38715
0.91394
1.58627
0.587427
0.985744
0.82525
0.290893
-0.184585
2.27931
1.47971
0.820354
2.48531
0.941856
-0.469108
1.80107
1.05092
1.29458
0.474111
1.46385
2.28057
2.65843
1.42523
-0.191244
0.614759
0.999847
0.990309
-0.125762
-0.122921
-0.211431
-0.461876
1.51109
-0.529904
-0.068822
2.01462
0.553571
0.765628
1.18736
0.00163136
-0.221655
0.363077
-0.132296
-0.116623
0.0701424
2.59664
-0.505745
0.279846
-0.210418
0.683041
1.68002
-0.313493
-0.803454
-0.0153148
2.71601
-0.387828
1.6669
1.03551
0.207264
0.434512
0.0864
0.323249
1.95758
0.533934
1.45048
0.229142
0.190416
1.69468
1.26444
1.04196
1.0748
2.69114
1.35079
1.69796
0.96263
0.646363
