548
1.60233
1.87475
1.78261
1.74586
1.38424
1.5754
1.45088
2.18764
1.42544
1.71067
3.61236
5.02333
4.05035
2.59934
2.91274
2.23516
2.2899
2.08224
2.13254
0.941603
0.747413
0.906773
0.88954
2.15475
0.722545
0.444801
0.398247
-0.0402606
2.96451
2.01564
0.0653469
2.91141
2.11859
2.25549
-0.0605999
1.13095
0.713051
1.03472
2.59959
2.54413
3.05533
3.02289
0.802983
2.18214
1.27132
1.24341
1.38486
-0.000315762
-0.165781
0.0432064
0.772638
0.689016
0.195036
0.351002
-0.253393
1.02481
-0.0413512
-0.000533254
-0.211826
0.993318
0.337556
0.00203333
0.0355479
-0.0298147
-0.276457
-0.047573
-0.314564
0.0785359
2.57123
3.84348
2.70188
1.61862
0.981631
2.13075
0.192692
1.23759
-0.0569291
-0.0477549
0.0595029
0.229141
0.00351683
0.384572
0.321972
0.566461
0.88631
0.420227
1.38603
0.413573
0.378718
1.101
1.12633
1.03077
0.950619
0.847941
0.280037
0.384436
0.171747
1.17078
0.660426
0.457427
0.179003
0.114879
0.27595
0.975991
2.6412
0.268067
0.216015
-0.0451034
3.13475
0.851072
1.0282
0.00765553
-0.316539
0.191133
0.155476
2.08252
2.87596
0.740689
2.27439
1.30818
2.24437
1.75826
0.710624
0.699323
0.165422
0.366962
0.912403
2.65969
1.02526
0.0218599
2.93568
3.7689
2.63796
0.879431
0.838106
0.0952507
-0.410143
-0.208231
-0.303538
-0.43329
0.398424
-0.0409576
-0.0105204
-0.516882
-0.413266
-0.0375766
0.877237
2.05104
0.308439
-0.252753
0.0518245
0.105256
0.922476
-0.105301
0.219366
-0.130637
-0.0185647
-0.33364
-0.20297
-0.544637
2.06176
-0.00644419
-0.208021
-0.268517
-0.0708313
-0.299711
1.33163
-0.157753
-0.0837572
-0.331621
0.163213
0.826333
-0.206251
-0.379355
2.23957
0.478896
0.783944
-0.228198
0.0118494
-0.36348
-0.308822
0.417387
0.726157
-0.352651
0.445051
0.108559
0.139725
-0.26352
-0.285551
-0.353054
0.0176836
0.636701
-0.045957
-0.163385
2.54441
3.85223
1.59114
1.33892
-0.300993
0.152498
0.232844
-0.224238
-0.342712
-0.0209809
-0.13288
-0.0448974
-0.138886
-0.0811053
0.00248311
-0.022359
-0.0410984
-0.00565006
-0.102412
-0.0126281
0.086663
1.54312
-0.0207606
-0.143618
0.138531
0.942213
-0.341825
-0.361378
-0.445936
-0.571668
-0.0347783
0.111621
0.889008
0.148702
-0.14808
0.0928409
1.69991
0.451258
0.342056
0.351436
0.354708
0.253525
0.430572
0.477779
0.532218
0.586749
0.768255
0.361017
0.320236
0.450389
0.543706
0.524634
1.31035
1.05732
1.36323
1.09357
1.13936
1.32076
1.68625
1.50032
1.35422
1.42274
1.48522
1.84653
2.04924
2.30632
1.79394
2.31786
4.22563
2.6047
1.11902
0.945105
0.0701951
-0.0228592
0.00451109
0.851783
-0.211383
0.85532
0.984971
0.326211
-0.171883
0.660164
0.256011
0.289221
0.269828
0.0856644
0.0535108
0.0934946
-0.0576686
-0.170254
-0.370597
0.347148
0.328072
0.750996
0.0533398
-0.451214
-0.345394
1.61214
-0.173917
-0.122329
-0.391143
-0.0725191
0.187335
0.0618499
-0.251118
-0.0997177
0.0680331
0.122035
0.0410235
-0.38622
1.19088
0.0539649
0.210494
0.0912183
0.030279
-0.145696
-0.144629
0.310036
-0.268814
-0.0665111
-0.0145297
1.30081
0.667494
-0.124728
2.41135
4.17642
2.58644
2.35405
2.57056
2.56664
1.90433
1.78619
0.688899
-0.203818
0.0655715
-0.0594527
-0.183833
0.0523055
0.215913
0.18358
0.108324
-0.210391
-0.336206
-0.180187
-0.123084
-0.19136
-0.0680815
-0.000587281
0.138197
-0.250377
0.467791
-0.123719
0.864973
0.0121069
-0.251276
-0.147631
-0.17336
-0.135132
-0.132748
-0.187925
-0.279483
-0.350814
-0.236643
-0.385888
0.935101
-0.304719
-0.274345
0.393448
-0.14759
0.168772
-0.0592116
0.536603
1.26536
1.49521
0.548706
0.420958
0.148214
0.662214
0.286726
-0.347544
0.0817577
1.44491
0.137677
0.261958
-0.0473919
0.0555856
0.317817
1.47725
-0.0361082
-0.32127
0.194311
0.934571
2.63373
0.958674
1.42466
0.919144
0.599092
-0.0715801
-0.0930104
-0.0801434
0.161118
0.0889727
0.243357
0.116123
0.0609306
0.426964
0.363383
0.350908
0.225576
0.162373
1.22751
0.176202
0.124669
0.209211
-0.00296473
0.122547
0.170773
0.62688
-0.209191
-0.115215
0.0356692
-0.250719
-0.0917281
0.446837
0.486719
0.792439
0.735769
0.568152
-0.16622
0.00507741
-0.150412
0.0220072
-0.077569
-0.230878
-0.390842
1.08593
0.222841
-0.00134841
0.152221
0.372511
0.0856082
0.527079
0.149689
0.323375
-0.0112617
-0.297509
0.194108
0.566708
0.217083
0.218534
0.417607
0.77763
-0.200106
-0.376864
0.00229339
1.21076
1.27328
-0.408903
-0.0720418
-0.233902
0.440615
0.199414
-0.0816153
-0.0996644
-0.0787012
-0.338641
-0.167221
0.676997
0.729573
0.619043
-0.0184405
0.18296
0.317601
0.0838937
-0.145854
0.740658
0.835673
0.263694
0.778074
0.0388437
0.262056
0.4014
0.0536164
-0.109746
0.326542
0.781109
0.213893
-0.0342329
-0.0611622
0.874048
0.372227
3.09106
0.135822
1.90294
1.14796
0.395498
0.837018
1.24504
0.317725
-0.0468207
0.704517
0.17979
0.0825004
0.749904
0.0111784
0.195228
0.0868095
0.281963
0.183251
-0.00393103
0.063378
0.551204
1.30256
2.05183
1.53705
1.59134
1.88104
1.39295
1.79003
1.28789
1.44804
1.41253
1.38162
1.38203
1.48831
1.4587
1.71371
1.98831
2.08997
1.37142
1.35088
1.40789
1.35034
1.62973
1.3999
1.47846
1.54913
1.48639
1.34532
1.32574
1.19284
0.876819
0.558447
0.536799
0.111218
0.786136
0.0367825
-0.0169447
0.671374
0.168989
1.07657
0.946456
-0.0843665
0.0871643
