548
2.36806
1.44584
1.49216
1.8248
1.42351
2.87139
1.51797
2.61876
1.34772
1.50002
2.39853
3.92126
3.68449
2.52603
3.57849
1.68327
1.26063
0.290383
0.298387
0.298253
0.0991504
0.363015
0.560104
0.33515
0.589873
0.120776
0.428086
0.210852
-0.243226
0.358558
0.669705
0.482753
0.202428
0.222054
-0.0215345
0.387557
1.36203
1.37702
0.774488
1.38651
2.58889
2.58118
1.16261
0.829197
0.702932
0.845609
0.318872
0.0736805
-0.210861
0.166303
0.383705
0.416248
-0.218921
0.0495213
-0.0225866
-0.321384
-0.16667
0.754213
0.345182
1.46637
0.227804
-0.520163
-0.399825
0.800405
0.888227
2.52752
1.4444
1.30323
1.4636
3.7834
3.6173
1.58808
1.40127
1.33126
-0.028411
0.487916
0.221847
-0.12877
2.18804
1.65333
0.873475
0.831531
1.43414
1.52063
1.61589
1.14715
1.5769
1.614
1.48258
1.66883
2.82492
1.28015
1.40258
0.712379
0.876716
0.157176
0.02858
2.94191
0.953798
0.306241
0.274072
0.297192
0.252971
0.810863
2.58567
0.347431
0.130204
2.75753
1.3333
0.585661
0.126791
0.102954
-0.47943
0.274897
-0.282392
-0.307152
-0.382887
-0.52018
0.923624
0.0719313
0.370859
0.837275
0.30167
-0.0733085
0.498202
0.363247
0.649952
3.60993
-0.0337456
-0.283787
0.38811
0.261487
0.0964373
-0.420405
-0.301756
0.167736
2.64051
3.81159
1.4052
0.293273
0.160774
0.644402
-0.501175
0.373051
-0.37137
-0.169465
0.00221031
-0.0627625
-0.477213
-0.0716422
-0.306428
0.515037
-0.354258
-0.140448
-0.304938
-0.379087
1.01649
-0.152252
-0.196067
-0.235175
0.303114
-0.0210702
0.937372
0.0414832
0.910057
1.27664
3.19548
0.176317
0.836688
0.456071
1.37315
0.569737
0.0641564
1.34248
1.46538
0.393908
1.15723
0.0348952
0.220278
-0.366175
-0.431016
0.137365
-0.328128
-0.430044
-0.48911
0.469668
0.0786005
-0.48319
0.0841858
-0.531077
0.748435
0.336088
0.0538115
0.138021
1.61139
3.08776
3.61569
1.27914
0.240656
0.891
0.232708
-0.275193
-0.0387918
0.490338
0.20145
0.0226084
0.440766
0.0501827
0.628907
1.27237
0.278323
0.514282
-0.23016
1.40854
0.102413
1.28464
0.901627
-0.207858
0.0928961
1.4747
-0.367582
0.212612
0.501353
0.366933
0.387617
-0.437913
0.154999
-0.10441
0.640427
1.22437
3.61341
1.46664
0.283188
0.778233
0.238755
0.120136
0.477788
0.129799
0.216049
0.701106
1.30223
0.79771
0.585734
0.0703318
0.593287
1.07204
0.499967
0.992673
0.690667
0.186094
1.22051
0.465586
1.25367
1.05154
0.755627
1.57143
1.16761
1.76771
2.02255
2.12612
1.58635
2.3092
3.57177
0.720575
0.475057
0.497088
0.310451
1.11419
0.359573
1.14011
0.177235
0.47324
0.666006
1.20994
0.726144
1.04085
0.722667
-0.229052
0.285039
0.686363
0.866964
-0.291523
-0.198021
0.235977
-0.100604
0.205827
0.114302
0.31556
0.422196
-0.0171231
0.383426
1.37572
-0.165594
0.234695
-0.134634
-0.100809
-0.362911
-0.285894
-0.118585
0.152209
-0.131789
-0.0264655
0.19969
-0.242989
0.571255
-0.0015719
-0.315487
-0.399645
-0.153759
-0.374181
-0.302175
0.26137
0.091643
-0.163794
0.147133
0.885737
0.0314048
-0.116851
0.138737
1.40532
-0.0248401
0.328721
2.92707
2.92691
0.3715
-0.315859
0.209908
-0.124352
-0.0197025
-0.0819565
-0.241712
0.359631
-0.0248222
1.61932
-0.166578
-0.0527325
-0.217242
0.299187
-0.287261
0.160326
-0.0667678
-0.0605368
-0.190932
0.069567
0.817262
-0.0590822
-0.021771
-0.0839345
-0.2835
-0.397889
0.0707522
-0.0558135
-0.217127
-0.236603
0.358864
0.121023
-0.109379
0.0757652
1.38826
0.572919
0.00842013
1.76806
1.55872
1.89368
0.393042
0.214461
0.0971627
-0.137378
0.25498
0.0904532
-0.0369864
0.561039
0.0999181
0.193019
0.0729567
0.643598
0.695559
-0.149654
-0.326423
0.335296
-0.1295
0.289818
0.160248
0.117008
-0.0519091
-0.363363
1.3736
3.75765
3.06964
2.47253
2.17855
1.92932
1.27194
1.06612
0.783066
0.746553
0.541511
-0.388301
-0.354013
-0.110965
0.0548701
0.621214
-0.143625
1.28388
0.361986
0.838314
0.71903
1.02881
-0.0723857
-0.0265791
0.443943
1.02028
0.0949501
-0.313468
0.585127
0.160195
-0.0739761
0.0582571
0.0535538
0.129381
-0.103933
3.08602
0.397159
0.0696977
0.423601
0.244663
0.00940911
-0.529817
-0.326036
1.03241
-0.113917
0.0749851
-0.0444454
0.0345421
-0.115252
-0.169548
0.150259
1.23814
-0.352208
0.930771
0.144971
0.0296917
0.321303
-0.194057
0.211312
1.50896
-0.116318
-0.226006
0.0136767
0.114024
1.63047
3.01594
0.446054
0.135457
1.59524
1.22096
0.802243
0.792306
0.488857
1.00988
1.08178
2.54988
0.721785
0.633565
0.715729
1.33353
0.16328
0.304177
0.815536
0.717979
0.85164
0.749569
0.719823
1.06126
0.677992
0.711993
0.414595
0.210235
0.375205
0.204333
0.217125
0.500296
0.396435
1.34333
0.0717678
2.62868
0.0502841
2.80428
2.61156
0.32605
0.360264
0.644704
0.377414
0.364726
0.112756
0.748337
0.403854
0.663916
0.958749
0.663813
0.381246
0.542129
0.590586
0.249874
0.576845
0.606606
0.675965
1.46893
0.873508
1.14692
0.594648
0.769737
0.717839
1.38135
0.778258
1.35753
1.98281
0.543804
1.10192
0.208242
-0.0376616
0.122959
0.0869171
0.229068
0.0179144
1.17279
1.09819
1.30373
1.08661
1.6622
1.07708
1.71832
1.03884
0.841442
0.979541
0.804934
1.10425
0.504881
0.144438
0.2117
0.295916
0.472343
0.0778354
0.344835
0.235522
1.02487
0.606012
0.816885
