182
1.02112052169507
-0.5974342990977286
2.289908297703819
1.4143002376776443
-0.47906094170873226
-0.38835219883537514
0.6027464708470315
-0.8371982935360579
1.0305823269089367
1.699853862578887
1.2337621550060291
-1.176303147336517
1.1127902774260077
1.3609236115047845
-0.9631583734983721
-1.095735868030804
-1.1754218595286248
0.2657812207704885
-0.10082723277718345
-0.2521028806744923
-1.015203805349193
0.5879217972763529
0.56975224181541
-0.8151351046207782
-1.1359159333311213
-0.21885309599547578
0.40204607368096984
-0.3626304390645967
-0.5373803287261448
0.8780846712452055
-0.7687951806811083
0.5819570326140986
0.10814083374459463
-0.8068313784412683
-0.26934139179089384
-0.35224143476692
-0.37489685128639416
-0.9187095192125166
1.1066639070251052
-0.030453345781245568
-1.18100076259901
-0.1821875207458944
0.478103913890441
-0.6671833360581881
2.412761263221089
-1.0550857108228682
0.9892643390568026
-0.30127084353305755
0.41254665098310384
-0.33085367966085305
-0.7644545649680695
-1.280117919498288
1.2306891482877125
-0.35112290615507546
-0.16040162731221635
0.39800417671744415
-0.7609373414990951
-1.158488623439998
-0.7364752972369505
0.5495817528056699
-0.8407632716220531
-0.3042471184048431
-0.4751470681868765
1.519118387471409
0.1643012419342495
-0.01580863713153971
-1.1140782681983177
-1.054875661971945
-0.9874343334316511
-0.03360854142482844
0.6934665390003265
0.941215775658682
-1.0302363995431514
0.2822414922656059
-1.0264665719811144
-0.4249414207986223
-0.6058177282894787
-0.5130577009471248
0.9328508966100049
1.4611431942252506
1.0707440593088966
1.1479122028626467
0.984082283097083
-0.9603450185626895
-0.7526693340592167
0.9519319131850522
0.35411246062221396
0.35224229643421046
-0.17301654572633796
-1.1260403968195432
-0.8464474544436348
0.000563732559658001
0.017060821978259828
-0.3087341110886926
-0.05005374667541594
-1.1694915302908653
-0.3902982488170622
0.11604471399146823
1.7342411506202533
-0.8809399051756294
-1.1193668678664443
-0.11488972726267314
-0.058050252195461824
0.8116963999701009
0.34415852579869133
4.459276984570864
-0.4755771185810221
-0.13042147894280154
-0.48190763416313287
0.046109598799476854
1.2032369946493384
-1.0426745148624599
0.273764000752891
-0.0673760371307446
0.5298717685512788
-0.6169314762638505
-0.4145325739994363
-0.2656418408836925
1.7864111657135557
-0.7048046129355916
3.517619868939603
-0.8113690500874549
-0.9985150528983081
-1.166339316114654
1.2889321080087695
-0.3466380659313644
-0.2580195784759196
-0.7843142686089462
0.10728962564272708
0.7953727129434737
-0.11697554004545774
1.7217804131496037
-1.0263931935406685
-0.3869361439313447
-0.4532346384364498
-1.1243411433000847
0.056819104545914066
0.07790406144357773
-1.2563372916742057
0.652442683310078
0.835044733802894
-0.2775853558627754
-0.85649962100297
1.2186120746865794
1.241126653019374
-0.6825469220737053
-1.0923812944309874
-0.2615413530906328
0.28174034974875267
-0.7166879209521542
-0.6868069777560799
-1.0060812906005119
0.848268120701001
-0.3932400525843476
-0.930868992093171
0.2560393468957865
4.611348225445044
-0.2780128307143653
-1.1433387603111898
-0.3013922686102249
-0.7415972218757643
0.9818838703539259
-0.6328218698192354
-1.189472182952517
0.6864544679879172
-0.8731047073702656
-0.10830149619202215
-0.3448760602381041
1.8014074805619256
0.9638635833920288
-0.13572083972086404
0.7965030556857847
-0.8651755772944706
0.17607552755571337
-1.0419792591711579
-0.4840905722640481
0.18035824927689467
0.461111722779514
1.2912281732541417
-1.1475654432208215
0.2808375761955683
-0.9457908349142493
