546
0.872893
0.992742
1.85063
0.0816109
-0.554851
3.36102
3.54748
3.18497
0.721373
1.61824
2.01438
2.21913
0.00452397
1.37256
-0.596971
-0.509833
-0.247456
1.18201
1.0832
1.49286
0.010057
0.120568
-0.366537
-0.746539
0.774083
-0.760436
-0.483958
0.0131954
-0.110301
0.510498
0.144591
0.2278
1.39246
1.18587
1.62981
0.356131
0.32615
1.18276
0.37282
1.09366
1.52536
1.54204
1.41634
0.150264
-0.623119
0.307404
0.355473
0.427723
0.1984
-0.316101
2.14875
2.51076
2.21942
0.213538
-0.396015
-0.362693
-0.643284
-0.134508
-0.790522
-0.592555
0.198827
0.817147
1.49043
1.15676
1.7169
1.5407
1.85382
1.84095
-0.409557
2.13002
1.0955
1.27864
0.876635
1.88494
1.2224
1.08413
0.954969
1.54235
0.563797
-0.493007
0.764126
0.481587
-0.201239
0.708904
2.23162
2.22559
0.493465
-0.55723
0.123958
1.04409
0.451502
0.93814
0.307275
-0.596501
0.728385
0.784086
0.994837
-0.0216325
-0.18506
-0.2406
0.761409
0.657141
0.357882
1.55891
1.50882
1.65251
-0.244195
-0.0028862
-0.50838
0.167575
0.59273
1.22832
1.20345
0.65635
1.1292
0.507816
0.404278
0.459863
0.234947
0.184331
0.19418
0.603012
1.46942
1.41232
1.63882
0.456675
0.60208
1.49033
1.99755
2.57269
1.74098
2.04529
0.204202
0.658668
-0.257356
0.868225
0.443348
0.12487
0.285216
-0.132185
1.00579
0.594742
1.08826
1.99762
2.00276
2.02344
1.21154
0.553518
0.882695
0.611937
0.656375
0.160904
-0.696792
0.0352158
0.559787
1.88974
1.9583
0.189315
2.22994
-0.0729187
-0.167988
-0.129042
-0.43885
-0.317909
0.231068
1.29301
0.2444
0.432134
-0.0206614
0.357764
1.19634
1.53505
0.571331
1.24723
0.989339
1.36007
-0.0679131
1.31558
2.33557
0.291443
2.07293
1.55546
0.387654
0.504576
0.500136
-0.212279
-0.684584
-0.421747
0.661777
1.26008
0.875812
0.764556
-0.586145
-0.415074
0.069458
0.124934
0.345202
-0.24303
0.132335
1.11659
1.00164
0.901072
1.05898
0.537891
0.269316
0.504318
0.356857
0.449116
-0.184401
0.113671
0.246326
1.78992
1.38733
2.03408
1.32526
-0.105537
-0.429145
0.0409824
-0.0584949
-0.279602
-0.246206
0.305895
-0.200819
1.14329
0.941105
0.15484
1.26015
2.1062
2.01026
1.64179
0.478212
0.556057
0.0921644
0.387116
0.286639
0.629153
0.870351
0.0751128
-0.176964
-0.234949
0.276705
0.339785
0.598942
0.389379
2.37124
1.50622
0.489738
1.49581
0.33332
0.566042
0.210409
-0.39721
-0.861629
-0.634179
-0.278211
-0.333432
-0.473638
0.855836
0.270265
0.264979
1.14342
1.08667
0.949076
0.648486
1.2539
1.72215
1.75193
1.53772
1.37017
0.966464
1.39669
2.10771
1.84583
1.17947
-0.101607
-0.70437
-0.132806
-0.114909
0.859875
1.13813
0.354847
0.735021
0.0831854
0.0719278
2.70456
3.50579
2.69742
0.498963
0.208573
-0.0645299
0.186096
-0.261642
1.72816
1.99881
1.6689
-0.00460686
-0.0468277
0.00370269
0.618618
0.18404
0.967913
0.00364445
0.962745
0.497603
0.642189
0.295467
0.153072
1.17681
1.1152
1.89748
1.11897
0.476539
-0.347044
0.433924
-0.109339
0.140258
0.51943
1.86073
1.49994
1.53437
0.503438
1.10567
-0.226064
0.238905
0.022619
0.246438
-0.0588738
-0.284307
-0.524629
-0.0208518
-0.437429
0.142953
0.819135
0.320602
1.21084
1.19964
0.0774624
0.75842
1.41072
1.86038
1.48049
1.48936
1.48899
0.969292
0.856289
0.221315
1.44786
0.169014
-0.002791
0.0990742
0.207726
0.485874
0.14033
0.99479
1.21704
0.932818
2.54212
0.849814
2.13465
2.08765
0.557708
0.0863911
0.192869
-0.0108468
-0.717587
0.323913
0.790336
0.702645
0.431693
1.58464
1.29066
1.32219
-0.145457
0.150201
0.557252
0.584559
0.736863
-0.401097
-0.412343
0.216247
1.27101
0.876386
0.786803
0.513488
0.220939
0.0859878
0.807585
1.68811
2.64017
2.07677
-0.367762
1.06677
0.187738
0.102823
0.302119
0.958987
0.53231
0.604955
1.22995
1.73122
0.947019
-0.00697531
0.434214
0.654604
-0.304756
0.0421139
-0.266096
1.09593
1.21422
1.35586
0.740261
2.05799
0.401753
1.6282
1.74706
2.23271
2.07321
1.13076
-0.662772
-0.647606
-0.836922
-0.611762
-0.86044
0.123831
-0.756579
0.309363
0.249141
2.03829
1.80978
2.07659
1.02093
0.639661
0.688029
-0.509417
0.572154
0.652522
1.02735
1.56865
-0.0915974
-0.647259
0.90242
1.71387
1.9819
1.21815
0.211241
0.361757
0.66351
-0.507484
-0.737424
0.147403
0.038277
0.545688
0.902932
0.93417
1.17889
0.91012
1.16061
1.77123
1.13562
1.80268
2.10951
0.989335
-0.155585
-0.790536
-0.79306
-0.298511
-0.639673
-0.446598
1.68341
-0.934296
0.0396926
1.19872
1.61215
1.95561
1.20145
1.02701
0.242719
0.758505
1.1135
1.4086
1.33128
-0.130258
0.0650813
0.401163
0.699017
1.19262
0.823156
0.385788
-0.179779
-0.994819
0.628185
1.35399
0.88769
1.52548
0.140238
0.318913
-0.302978
-0.184604
0.267932
0.692293
1.23795
0.953188
1.56542
0.52764
0.8124
0.538012
0.631004
-0.216662
1.07076
1.21716
1.45269
0.458038
0.603252
2.0876
0.70945
0.774844
2.07234
2.06518
2.08665
-0.363999
-0.902166
-0.182554
0.281717
-0.0780192
1.47681
0.0211571
-0.0278272
0.0690858
0.0978904
0.0932231
1.35497
0.815358
1.17071
1.26655
1.77307
1.53198
2.43448
2.58451
2.08348
1.6609
1.0762
0.0498683
0.149301
0.51686
-0.73646
-0.170262
