546
0.473204
-0.316763
2.6384
0.199689
0.0347655
3.91131
4.06904
3.84321
1.49134
2.25143
2.46025
2.14999
-0.674492
2.36327
-0.517942
-0.638576
0.263355
0.571895
0.629313
-0.300283
-0.256633
-0.309886
-0.542266
-0.651463
0.575616
-0.579761
-0.482694
-0.530451
-0.605131
-0.039953
0.110213
0.150218
0.171908
-0.0280671
-0.359065
-0.0102929
-0.134913
-0.211453
-0.301325
-0.354545
1.78492
1.83152
1.68328
-0.0260005
-0.77021
-0.545148
-0.0853297
-0.422178
-0.451006
-0.503706
2.10923
2.27049
1.73753
0.107299
-0.512193
-0.558486
-0.402323
-0.308374
-0.447083
-0.436781
-0.480812
-0.588906
-0.710096
-0.468003
-0.497429
-0.305672
-0.327813
0.153722
-0.44099
0.285605
0.165289
-0.397841
-0.179166
0.3423
0.426847
0.637543
0.619078
0.470232
0.500092
-0.496976
0.0276851
-0.00142295
-0.580857
1.1272
1.91925
1.68127
1.25403
-0.268086
-0.294407
1.0465
-0.345058
1.31906
1.20191
0.79349
1.41341
1.4618
1.11636
0.326708
0.391638
0.331763
0.292006
-0.229164
0.246643
1.56957
1.834
1.88506
2.10466
2.13855
1.66916
2.34132
2.46486
2.48799
-0.583258
-0.373082
1.71182
1.18217
-0.21105
-0.116493
-0.130651
-0.154612
-0.563302
-0.410964
-0.0961041
0.126915
0.886002
0.11038
1.17157
1.35396
1.8651
1.13823
1.0752
-0.0634404
0.407443
0.384633
0.749826
1.21857
0.49126
0.707963
0.707462
0.680135
0.725863
0.271094
-0.0135783
1.24613
2.22616
2.24068
0.774637
2.16683
1.48889
1.33153
1.38718
0.666561
0.858389
0.754591
0.290921
0.672024
1.4759
-0.157691
0.989542
0.74801
-0.302245
-0.0467835
0.242516
-0.143721
0.103822
0.0955542
-0.0657692
-0.263439
-0.370023
0.0249691
0.454591
0.423893
-0.417588
0.190211
0.303884
0.376221
-0.0694111
0.22202
2.4134
-0.0621444
2.51795
2.41997
2.15163
2.30945
1.92958
-0.144118
-0.324313
-0.147827
1.42764
1.42081
0.161552
1.24183
0.0514239
-0.522711
-0.414362
-0.494291
-0.202698
-0.113715
-0.131926
1.21432
1.52926
0.430796
1.47176
0.234114
-0.0418988
-0.0949743
-0.0485041
-0.305925
-0.412093
-0.485111
-0.483148
1.52572
0.581715
1.50477
1.25498
0.0240517
-0.595997
-0.573884
-0.430966
-0.567784
-0.207598
-0.148392
-0.166918
-0.458458
0.33687
-0.693831
-0.596574
0.890076
1.20874
0.938032
-0.528695
-0.357155
-0.362579
-0.0992829
0.266499
-0.156072
0.358348
0.209283
0.128166
-0.740558
-0.451674
-0.114922
0.0737977
0.140397
2.14218
2.27952
-0.0692686
2.24733
1.78998
1.68018
1.19467
0.163625
-0.00640335
-0.0581607
-0.00242223
-0.132438
-0.309966
-0.207853
-0.36005
-0.280021
-0.352293
-0.362765
-0.528964
-0.552058
-0.46492
-0.352874
-0.412326
-0.315463
-0.17926
-0.152405
0.0256744
1.723
1.80474
1.51768
-0.421104
-0.364345
-0.609767
-0.613655
-0.0452435
-0.310888
0.230372
0.135874
-0.10435
-0.277023
2.26291
3.48132
3.71214
3.39017
2.00628
0.499354
-0.189664
0.402441
2.123
2.36863
2.24693
-0.377619
-0.366567
-0.34591
-0.443859
-0.255023
0.229598
-0.0960591
0.529174
0.455715
0.56241
-0.549342
-0.436123
-0.299984
0.0570601
0.254443
0.393497
0.44754
-0.00629731
-0.638935
-0.665997
-0.604146
-0.170759
1.32639
1.30502
1.06069
0.281443
0.0661967
-0.254879
0.778425
-0.113106
-0.319279
-0.346745
-0.461762
-0.511314
-0.357914
-0.576859
-0.496953
-0.0955529
0.247844
-0.248298
1.00865
0.69441
0.558939
0.29149
-0.187258
-0.338128
-0.0349326
0.163624
0.0101068
-0.604257
-0.629565
0.88201
-0.700077
-0.4378
-0.534533
-0.516505
-0.479332
-0.536435
-0.631831
-0.657576
-0.667141
2.17819
-0.19475
2.41098
2.24001
-0.287716
-0.147933
-0.240777
-0.614892
-0.609839
0.018163
0.218107
0.332407
-0.189829
0.251474
0.343062
-0.080677
-0.58943
-0.699586
0.433967
0.32492
0.00662062
-0.202326
-0.106111
-0.190083
-0.232328
-0.315415
-0.688389
-0.502348
-0.533858
-0.570596
-0.330246
0.26761
1.36603
1.37354
-0.568725
1.2113
0.148117
-0.0596922
0.0725806
0.172235
0.127414
-0.383133
1.00004
0.914573
0.57569
-0.355584
0.646459
0.700353
0.531807
0.0712235
-0.331207
0.994592
1.25638
0.786124
0.343604
0.778467
-0.635514
0.80023
0.2557
2.45915
2.52558
2.38607
1.29649
1.17285
1.03833
0.395846
0.290113
-0.589868
0.0954163
0.276999
0.316708
3.06171
3.10475
3.13881
1.32205
0.391764
-0.534946
-0.260573
-0.540268
0.355315
0.831946
0.700349
0.87492
0.641382
1.73477
1.90643
1.62703
1.32676
1.14446
-0.307953
-0.441147
0.896316
0.229978
0.707549
0.854804
0.798215
0.402824
0.0184211
0.12535
1.51601
1.63555
0.13266
1.86681
3.12505
3.23203
3.03311
1.63417
1.43906
1.37472
1.69997
1.72616
1.65592
0.00389479
1.31967
1.26914
1.56388
1.71463
1.71939
1.40407
0.409966
0.59781
1.66092
1.70503
-0.20649
1.84523
1.5676
1.32597
0.628935
0.393217
0.989017
0.937214
0.606546
-0.133051
-0.316542
-0.224773
1.13093
1.54349
1.63779
2.11843
2.23859
1.76319
-0.351426
-0.319636
-0.308701
-0.210427
-0.415022
0.451183
-0.124346
0.0474686
-0.181815
-0.184296
-0.248217
-0.0198791
-0.125631
-0.29796
-0.556927
-0.714171
0.121812
-0.584487
-0.506999
2.54634
2.63107
2.41626
0.746146
-0.560809
0.247896
0.300623
0.205775
0.855849
-0.288291
-0.348322
-0.113802
-0.537775
-0.512981
-0.377422
-0.174224
-0.20013
-0.248516
0.636469
2.65303
2.1595
2.05601
1.76708
0.593703
0.31965
0.846397
1.04561
0.431233
-0.351044
-0.070734
