54
-0.08170445780265631
-0.7852210957744469
0.9564663508119875
-0.5305101271214681
-1.0826545027988237
-0.012232544715005178
-0.8686010494832069
1.5663486201641974
0.8406485078254319
-0.7028611387130451
-0.3472155465022212
-0.27071882282728504
-0.3633140621005366
1.0051171775212855
-0.39887320362456763
-0.272275707249808
-0.44051463084867926
-0.3328184815493504
-1.0114824996867642
-0.07418271649039963
-0.8280898716570237
-0.5603207722903747
-0.7045847753670602
0.3165968557579978
0.2289561064963895
-0.5946710132351387
0.13422358167889423
-0.7640039804235235
0.6122829403168703
0.3237251333447868
-0.40924049620531705
-0.17715688813772834
1.3781379134084337
-0.9963281342306559
-0.6691668892733816
1.8125413931295895
-1.067122509188456
-0.34904254856935996
0.11103849315047527
-0.6896672370928391
3.427918408353614
0.01959329835619784
-0.5973126708615776
3.387168472721694
-1.2292044287538577
-0.7584033795396037
0.028778038620548008
-0.7941654568595431
0.3083835644380288
0.965180253224581
2.0979442844125797
-0.5131985672162268
-0.22449254394037638
-0.01969664360358661
