546
-0.8879047131795393
-0.7257855737923897
-0.5257094139943866
0.6013667407405341
0.7890525251502504
0.28146729365720685
0.494787175036041
0.9938135383590345
2.491727468233117
1.82408319493714
2.215962740091727
1.5965423182705896
-0.022677510501260902
0.5460648435701506
-0.3967005120347178
-0.25681420717612446
1.2069575010887665
1.358754657986581
0.620801546496745
-0.7609358831166404
-0.8676387586923751
-0.7037374821796188
-0.40727718668658236
-0.32966071948373477
1.534255355351054
-0.38717853447515976
-0.5945362593561156
-0.4205781860776928
-0.5861773092916961
-0.1863295768794757
-0.45554577263519047
-0.18467331948799987
-0.4362976044670714
-0.7125780101080025
-0.6200745496315436
0.9355854018942987
-0.821703211670613
-0.8566760302434971
-0.5588847805071697
-0.6971488521363218
-0.6161371538684824
-0.8534175114457954
-0.6382769171341088
-0.18912097899429986
-0.5294789847068123
-0.4656150612220445
0.055906871816383354
-0.7731436484312271
-0.7816157977835854
-0.08152371459385223
0.4559285152564571
0.5237676726725665
-0.3388783742643238
-0.12574357314777734
0.30860387930470984
1.886640634105714
2.0881520640872693
-0.5754794830517145
0.6935074795965438
0.8910741097426658
1.110157542849003
1.9155426592128475
0.9336548991700601
-0.21647627830538588
0.354362520240724
-0.3802020554762702
-0.19844260709469708
-0.13228620696533622
-0.6233726622174075
0.8264723868081099
6.6627189484102765
3.60958841569915
4.241888711463733
0.1295891862467579
1.3002889457431663
1.5299248764047115
-0.46521878174734627
-0.33444460305830553
-0.14881580961919244
-0.6315755691946375
-0.30024487898666546
-0.1793898910617918
-0.38532463836167086
-0.47210940635613463
-0.7530108981462603
-0.7967232922198698
-0.3606031121908221
-0.4540827593887244
-0.6157248547631573
-0.5310183825171187
0.15981212935143804
-0.689351198555008
-0.7621330884949488
-0.7075421829106547
-0.6707189513878119
-0.7706929427807004
-0.8232648227643743
-0.8417914320828134
-0.5501629585809358
-0.24463557537131367
1.443260578066185
-0.3691945327916393
3.023766942296543
2.1235983375713956
0.321228577356297
-0.7694529641612892
-0.5659113123356996
-0.6074838189925686
-0.8458071173786743
-0.5761676729440366
-0.37258437625221935
-0.6085687108178711
-0.5752426753980217
-0.3951415062623624
-0.6207625321702276
-0.7653777712005614
-0.35746272980545274
0.04039938539819916
0.19895853543716796
-0.7662917885279368
-0.7383405332238467
-0.6744229828994028
-0.7827285467708917
-0.4949130514237943
-0.771010206183834
-0.6054921895200618
-0.6238564473713442
-0.21205779002523553
1.4367466139265122
0.48492090449373004
1.2190521773657654
-0.48782365027037294
0.10511065616739564
0.7419550012968278
1.1037307953697408
-0.8536999123056492
-0.8854929733319225
-0.647426444508286
-0.7211351340624256
-0.8384977844504183
0.7937264192084641
4.9079106711421
2.1940946057103052
2.603617238765367
0.40997600872495565
1.7613619119035915
-0.45825831668995415
2.2664094334114404
-0.399785052629851
-0.5313324285886211
-0.2977718234313282
-0.6435304968963013
-0.9021510132226305
-0.9026131501296324
-0.751076993760951
-0.3002255994333921
-0.596280861834713
-0.3671999201843089
-0.34174620826155605
-0.3853817516016966
-0.7032758053515878
-0.658760097542234
-0.8156419697296299
-0.8061288750444651
-0.25316323308562694
-0.07930661397964502
-0.3951527139821543
-0.5286283888421479
-0.7790704897317937
-0.2395171802558554
-0.3273453567086699
0.0957372165701639
-0.3812190462425046
-0.5555136876533985
0.20830694440993006
-0.3427323420308789
-0.6313525832220487
-0.729303748568549
-0.8083864331309968
-0.8597714794055447
-0.8113553622556989
-0.7431098514187494
-0.29761708058918707
0.603534994181724
0.7640291219342606
-0.432500478633808
-0.33029085058782776
-0.5301235750211594
-0.3370704499190988
-0.32095427873753346
-0.5468940088167741
-0.29882361663824974
-0.42734652778456206
-0.2577099171581916
-0.07008662016720768
-0.6311206535739297
-0.6437754332980137
-0.7762448073103384
-0.790025914613735
0.12483593368400586
-0.03581900361508594
-0.3896421817003255
-0.3115631804955969
-0.7181647430740244
-0.7864922689335653
-0.8300762514911215
-0.647811500188257
0.669350854634185
3.450892224610464
1.8310153727572447
2.526982176843572
1.1994063468093379
-0.6422463672563504
1.669135085329281
0.7305126658297301
-0.25986735082689955
0.5132460583039976
1.0902529247089554
1.0854368922168625
-0.8103506562479943
-0.7975597015289932
-0.7746223327123141
0.02343116034607309
-0.7385895344930207
-0.5984249647105685
0.447019373142178
0.4942285700510674
-0.24453860368551442
-0.495868740985866
-0.6691663610925856
-0.6413868621392858
-0.3031764351213298
-0.08175787663220702
0.08754892273149087
-0.3197571322454562
-0.4423183132694323
-0.6196440180502981
-0.5127877624702689
-0.6364004766564706
-0.6243986475798481
-0.7409187940806454
-0.5465605509223621
-0.7692393443464816
-0.7309708626753434
-0.7182231750872835
-0.42552460551548243
-0.4237406394770182
-0.4376961047267781
-0.7148858503093803
-0.8339552069626633
-0.16440575814601233
-0.10478488638428644
-0.5458728021579055
-0.5687477479378332
0.7994669608265471
-0.3718636109398649
-0.3856349774246512
0.20608819261893216
2.9905710970704633
2.648233508336052
1.6845039100675385
-0.7737986849996245
-0.8001506830262278
-0.8279890793670285
-0.8557480261471876
-0.8688445796201846
-0.7348686718325806
-0.8119283107342037
1.5553479668201489
-0.4042847417612841
0.365920243567884
2.0030593810023953
-0.06137312769294046
-0.30207087877797995
-0.7911606021539865
-0.7852630839887118
-0.2664639116133595
-0.4209236047691221
0.5210878127999784
0.7230046126632215
2.3402636092627347
2.0929769762959496
1.685067377731855
0.06557316801479815
-0.29507306665947436
-0.2096766615218561
-0.21632082860498347
-0.052778609399024824
-0.08695848709019509
-0.6943522705616216
0.05941840072942114
-0.7246738228431764
1.467290120822322
5.829290553124476
3.2980083153244872
0.7636810459621628
0.7805439750853824
1.8182056180472914
1.010641576869761
0.12964108424041815
0.3673618730279944
-0.2555245370726198
-0.5665652535665148
-0.33701223348529696
-0.6939030308797386
-0.152603855521863
-0.20807253696355515
-0.4012583678450404
-0.8460680327678485
-0.7169448686598041
-0.6425560473256169
-0.7169387550988001
-0.4427479417216535
-0.5321511402575179
0.7665209348488096
0.3079447268207491
0.4975679586857272
-0.6578537337546077
-0.6161074148846951
-0.5196731684453311
-0.5757581377534738
-0.4489537563808745
-0.6278222621648312
-0.23226363161940308
-0.32264096695037825
-0.8622684385937186
-0.0907654028723179
-0.20329357027723552
-0.6033079689972138
-0.40454619689603305
-0.3617219607805547
-0.3593606102496564
-0.35846752350421274
-0.27054768932664064
-0.6834102218551793
-0.40094482549743043
-0.12902065656227968
0.311299243955922
-0.009680027445238446
0.418454305130385
-0.22873326451269063
3.010405037208543
0.3131742900870692
-0.7476567334010288
-0.6066310574428433
-0.22629738530765403
-0.4333820396594446
0.9385959156000098
1.9280312697678155
1.784002375467493
0.9636336768623962
1.2378560580127937
0.6758447836165152
1.4410690858001578
1.7458244069134103
-0.008504198719475302
-0.283855250682889
-0.6372356541602306
-0.3071463930331606
-0.2495590858317619
-0.8199856376598244
-0.8137242285075554
-0.3880556479226567
-0.6163955905407472
-0.4822128835246615
-0.21567198907134938
-0.34294878310995913
-0.5413309671188689
-0.40936901161471767
-0.5297502660432197
-0.7526520128205668
-0.6634869480336161
-0.7908047461450367
-0.7010399565704352
-0.30486598153384653
-0.5261280056642083
-0.6974301514562721
-0.7703056730178706
-0.7985682554565565
0.8737346625496839
-0.0646684715895642
-0.36750421643411607
-0.2244670808724061
0.3601487930455603
-0.25113624840695953
-0.375251380782369
-0.44802433406736314
0.16317513322786914
0.6192443922460451
-0.05893584508963235
1.0100401823934835
0.41843470845570013
-0.5585032554130707
0.14837525333236276
0.10371669733479358
-0.33246936174769276
-0.5870700625585206
-0.6270070351681799
-0.7380433441663332
-0.5850399519215744
-0.2974803168611166
-0.5799411611502382
-0.46547963965017597
-0.44493249456602113
-0.3877977266928304
0.8455024064209876
0.34579326113968334
0.08873988120875212
0.4287567263985522
0.025774659174797546
-0.36845863159815273
1.5649956127211515
-0.3672067640615721
0.35664115148004366
-0.573264785990396
-0.448044840647923
0.24260754225834538
0.8386726655565847
1.705875838499802
1.443897620792366
1.9800078687513978
-0.5029337006535219
-0.5608304127486752
-0.8594535685179834
-0.6185385629607746
-0.507928737735284
-0.6681476102717933
-0.13660817519065255
-0.08748695098066582
3.5151222837869267
1.4214500022335332
0.19236920046712105
-0.2746573497360447
-0.2722242315168409
-0.10507875725089777
-0.4176660368320756
-0.3886104348611825
-0.7426678620441869
-0.7331313595579027
-0.7819476112422646
0.2048069072805796
-0.3962781837373724
-0.47190719957908794
-0.35243630922537106
-0.6769224499130277
-0.7492115632121524
-0.2676556945840245
-0.15522935786706338
1.6837912809571354
2.3761833550041795
1.0168288968874886
1.9886617319061313
2.49980218896992
2.427456350437088
1.2450621805207005
1.8337141340296563
-0.20194018442200967
-0.2292066079722949
-0.14341752350505893
-0.6966388770671379
-0.7978270681816364
-0.7891732062134899
-0.27752999203148243
-0.20742751757564776
-0.35407737066871725
-0.8232817320237485
-0.7576572463283102
-0.8414708422005499
-0.801305569382313
-0.2732420068679414
-0.5637240072587458
-0.2840678200946332
-0.606269547706968
-0.518170388908128
-0.3971868498455982
-0.1806445333528774
-0.851742064435889
0.006522935923280534
-0.45256411443476974
-0.41738211855798935
-0.15181703624994555
-0.3238127921602377
0.23196695709407442
0.9440242574316928
1.0112974841548157
1.635715910770104
1.2082176467226746
0.871807369882585
1.0689689632878532
-0.3334895530078417
-0.5880643334471075
-0.591488700349915
-0.37560114113998133
-0.5373655924641151
0.558789274017357
0.9214082288115658
0.6519557547157517
-0.46832580924584744
-0.59134607744679
-0.688203403013814
-0.7609488158278073
-0.6438877884554364
-0.719463930365158
-0.3620233078743787
0.447810763575204
-0.6449958434232521
-0.6094736822670435
-0.4488910362895906
-0.6039198538737297
-0.7413092514804512
-0.826475834569853
-0.479540120996806
-0.3455459344865301
-0.8647336089033014
-0.5088050917007138
-0.7637285374291605
-0.7323801972873231
-0.3051393895839268
-0.3466159519109008
-0.6076831541007347
-0.8035876817037725
-0.8245501242696925
-0.625790099824696
-0.42736385859333437
-0.8374880763262064
0.06595136298015013
0.004561785376951107
-0.600094247491539
-0.5683248375712912
0.043562689221045836
0.18259751679241795
0.18791207481569575
0.35689003753132464
2.6508580612441826
1.4236360249394764
-0.6800119641710826
0.15921421692799892
-0.3332885176214941
-0.4540238410176695
-0.6239183590975722
-0.8474938765127762
-0.3262852853981782
-0.6622314318087789
-0.22654159364503293
2.739433822223
0.8034810064788467
