539
1.17674
1.28728
1.65729
1.03764
1.24811
1.21362
0.933689
0.892607
1.22862
1.40971
1.28958
1.74308
1.13959
1.51373
0.889251
0.951872
0.795505
0.594558
-0.035297
0.537848
-0.00705242
0.576804
0.602774
0.751008
1.05893
0.423547
0.482938
0.581568
0.883208
1.23207
1.32272
0.867755
0.425902
0.641297
0.840431
0.463767
0.895242
0.747608
0.529397
0.699908
0.770803
0.937239
0.372778
0.547916
0.0504574
0.85072
0.759852
0.832603
1.06603
0.656243
0.978307
1.03429
1.23668
1.25901
1.44407
1.31469
1.28303
0.387402
1.33956
0.890654
0.617038
0.208017
0.333396
-0.309407
-0.161504
0.932781
0.93077
0.837626
0.390698
1.09573
0.704786
0.528569
0.531305
0.169972
0.00311797
-0.240304
0.171283
0.378335
0.293893
0.366085
0.322263
0.217209
0.240769
0.396729
0.603733
0.7365
0.611897
0.707283
0.909293
0.728821
-0.122818
0.996247
0.947333
0.55051
0.973256
1.09625
1.07842
0.723182
0.713351
1.27793
1.55675
0.906219
1.33409
1.52113
1.06668
1.73796
1.7321
1.6381
0.717402
0.617069
0.70254
1.22409
1.27704
0.691819
1.35589
0.905431
1.07109
1.13669
0.930719
1.37592
1.70325
1.91681
2.00904
1.49853
1.02827
1.53401
1.47459
1.75605
1.62376
1.53776
0.802966
1.06821
0.212107
0.639893
0.755814
1.14863
1.08885
1.51684
1.65377
1.84735
1.86437
2.12387
2.08686
1.90241
2.04178
1.70702
0.966886
1.3989
1.18866
1.2034
1.26767
0.169853
0.918861
1.27838
1.28101
1.21793
0.875414
0.614743
0.616304
0.476057
0.626162
1.2291
0.605044
0.958279
0.95376
1.42359
1.22385
1.16062
0.659055
0.850415
1.03476
1.07516
1.39865
1.25369
1.19743
1.18326
0.942587
1.22368
0.935377
0.988259
0.775839
0.230244
0.536149
0.902656
0.601749
0.028968
0.423573
0.673312
0.48456
0.660657
1.29329
0.232276
0.914024
0.972942
1.13069
0.636289
1.03798
1.06693
1.36209
1.07346
0.757327
1.47463
0.619258
0.0934752
0.709029
0.576897
0.668712
0.630677
0.476039
0.322964
0.583672
0.854357
1.02326
0.525291
-0.408821
-0.221308
0.176665
0.138056
0.774641
0.985826
0.758319
0.719574
0.434168
1.10638
1.06261
0.660899
1.0837
1.20066
0.609358
0.746974
0.118288
0.560056
0.609862
0.852133
0.756816
1.78141
0.669912
0.671294
0.883856
0.694425
1.13024
1.31992
0.846021
1.34985
1.21686
1.28959
1.66075
0.977847
0.790689
0.713261
0.162583
0.403662
0.737295
0.789788
1.55508
1.01377
0.635642
1.55932
1.0557
1.19489
1.31389
1.04582
0.72998
1.57405
1.40823
1.56312
1.33268
1.5499
1.52231
1.19294
1.44732
1.00578
0.806747
0.41384
-0.568872
-0.314651
-0.00821003
-0.263405
0.443414
1.47267
0.561724
0.749545
0.824658
0.967393
1.41299
1.28212
1.50231
1.44856
1.25408
1.15213
1.47115
0.7597
1.40012
1.79459
1.7545
1.55102
1.12907
0.728394
0.858694
0.853521
1.27453
0.815825
1.02557
0.83324
0.369158
0.724016
1.04584
0.939305
1.0523
1.17587
1.39467
1.72476
0.620849
1.60178
1.38686
1.35247
1.48242
1.54538
1.31247
0.543335
0.5438
0.196744
0.216753
0.771694
0.185905
-0.0073852
-0.219672
0.126948
0.537674
0.365806
0.832715
0.769621
1.30848
1.78575
1.19458
0.150766
1.90972
1.95708
1.80033
1.73887
1.61698
1.60569
1.36227
1.22501
0.766763
0.0835248
-0.489423
-0.0878531
0.569377
1.20873
0.915836
0.554915
0.652875
0.686198
0.96914
1.24458
0.839333
-0.068035
0.637563
0.219783
0.384429
0.531153
0.705822
0.539963
0.258001
0.208309
0.427345
0.2325
0.156462
0.321392
0.0833248
0.338532
0.0419533
-0.208884
0.492467
0.667049
0.507659
0.61881
-0.396961
-0.148761
0.357649
0.715267
0.619125
0.639641
0.729488
1.48471
1.95268
2.18557
2.25983
2.00301
-0.124587
1.83791
1.27871
0.76197
0.713378
0.595836
-0.0552163
0.039185
0.271994
0.515326
0.320927
-0.134829
0.763804
1.30789
1.54058
1.3626
1.42516
1.48416
0.974259
1.22017
0.919733
1.4654
-0.143021
1.21464
1.85277
0.525227
0.706278
1.1749
1.24276
1.70215
2.01688
2.36527
2.70069
0.119207
2.65214
2.76118
2.01301
1.68455
1.01216
1.0194
0.267771
0.310453
0.859569
0.332428
0.227986
0.566033
0.345474
1.05121
0.916654
0.472457
-0.0626833
0.122234
-0.364087
0.063514
-0.13149
1.45443
0.0600857
0.52757
0.495822
0.404583
0.2899
0.439864
1.1791
0.650884
1.02097
0.740409
0.455876
0.649244
0.575848
0.529062
0.848842
0.867594
1.08993
0.479247
0.419578
0.464248
0.865374
1.32916
0.557305
0.723449
1.14676
1.50418
1.43909
1.50052
1.60302
1.10086
1.68256
1.27582
1.49352
0.673895
1.12998
0.930986
1.3874
1.0914
1.02263
0.806586
1.12263
1.18221
0.671963
0.521788
0.125271
0.602268
0.966159
1.20197
1.52928
1.15988
1.43738
1.69729
1.76457
2.14106
1.92792
1.59716
1.5538
1.41904
0.844125
0.573916
1.35799
0.803972
0.420314
0.593526
0.39571
0.307062
-0.0581548
0.164716
0.64141
0.699532
0.372729
1.71685
0.861825
1.07912
0.706958
1.22394
1.11517
0.988161
1.17788
1.1479
1.13012
1.16672
1.73096
0.777578
0.246351
-0.389107
-0.333821
0.0851471
0.652144
0.330835
0.925683
0.614179
1.03953
