539
1.16634
1.30455
1.50661
0.985945
1.27196
1.14821
0.833642
0.851302
1.14554
1.20692
1.49183
1.5852
1.18994
1.28899
0.811699
0.834711
0.903942
0.431269
0.0348323
0.348768
-0.178632
0.547578
0.6975
0.960996
1.13043
0.466941
0.66913
0.667824
0.761894
1.22072
1.5331
1.0973
0.418838
0.893
0.67281
0.682005
0.993277
0.675285
0.608412
0.71034
0.901106
0.853435
0.269142
0.65474
0.23864
0.921685
0.65171
0.976271
1.04915
0.694796
1.08799
1.05612
1.24897
1.09371
1.41429
1.37143
1.48496
0.725044
1.53219
0.908498
0.511371
0.291592
0.167929
0.049924
-0.213321
0.755479
0.955904
1.02438
0.520023
0.84302
0.750966
0.728926
0.957235
0.320834
0.177276
0.0511675
0.275049
0.452591
0.24963
0.368387
0.340866
0.149796
0.0976621
0.277835
0.73872
0.884504
0.748836
0.795112
0.617843
0.836812
0.159488
1.02437
1.07046
0.894097
0.842199
0.838388
0.8811
0.820473
0.754584
1.32527
1.48043
0.574425
1.10425
1.34812
1.32151
1.57786
1.70357
1.4867
0.778087
0.817667
0.730214
1.29555
1.30031
0.614443
1.22094
1.0406
1.2145
1.15564
1.05931
1.18772
1.73018
2.14806
1.72499
1.45521
0.896849
1.63253
1.63411
1.77
1.7473
1.53881
1.25938
1.02763
0.533558
0.60148
0.71572
1.29594
0.997475
1.3797
1.78987
1.65048
1.63711
1.94314
2.10067
1.92104
2.06624
1.71714
0.629
1.39818
1.1672
1.27418
1.37284
0.4822
0.914009
1.32058
1.55581
1.09779
0.743683
0.782278
0.734052
0.354203
0.968965
0.958075
0.752321
1.07893
1.21148
1.14479
1.09328
1.28258
0.835741
0.924756
0.929839
0.971658
1.26218
1.15067
1.21249
1.39849
0.866853
1.13663
1.18877
0.784456
0.94995
0.261822
0.572789
0.807762
0.459699
0.0834668
0.411055
0.686979
0.671892
0.743741
1.18813
0.149871
1.17036
1.13147
1.00442
0.820307
0.963418
1.12558
1.27452
1.12861
0.777595
1.52951
0.64557
0.0762261
0.591182
0.783849
0.877847
0.705342
0.0432858
0.233037
0.541265
0.838027
1.2795
0.307801
-0.0177851
0.121044
0.10424
0.157542
0.821153
1.00943
0.760126
0.708768
0.491054
1.35753
1.29578
0.519106
0.974155
0.909237
0.611868
0.566277
0.34425
0.622449
0.746654
0.870885
0.66841
1.5327
0.66359
0.747275
0.948099
0.709876
0.68941
1.20121
1.18424
1.2873
1.18421
1.33145
1.78002
0.932264
1.05522
0.72939
0.512776
0.259085
0.880333
0.912911
1.28505
1.1257
0.868647
1.74816
1.34755
1.47645
1.22344
1.04078
0.846025
1.43585
1.35815
1.36465
1.53522
1.37766
1.53256
1.33716
1.38715
1.08022
1.07904
0.505153
-0.424268
0.0102448
-0.183193
-0.201497
0.406264
1.5309
0.711371
0.699182
0.738675
0.697859
1.46826
1.51092
1.57525
1.6163
1.19542
1.1066
1.45295
1.0181
1.52046
1.87026
1.574
1.42524
1.20061
0.915048
0.812493
1.03221
1.16835
0.899052
1.05698
0.703492
0.67238
0.675992
0.868346
0.774339
0.820932
1.08985
1.6323
2.02353
0.605228
1.75497
1.4459
1.19552
1.52709
1.71709
1.20439
0.559981
0.432688
0.287837
0.218438
0.604033
-0.209204
-0.114276
-0.0839817
0.386784
0.624876
0.589095
0.807496
0.727749
1.18067
1.80621
1.48753
0.216526
1.82424
1.98039
1.73359
1.53271
1.58902
1.50416
1.17675
1.15291
0.586167
0.256194
-0.577868
-0.107885
0.410486
1.03844
0.894959
1.03956
0.63725
0.895131
0.971881
0.894802
0.741881
-0.122521
0.699879
0.304418
0.24277
0.554184
0.639217
0.474399
0.198116
0.234098
0.624911
0.214375
0.198612
0.275627
0.589173
0.223762
-0.033149
-0.171746
0.541666
0.660937
0.606618
0.434409
-0.405302
-0.0466198
0.190259
0.822561
0.685104
0.772469
1.11357
1.59018
1.94531
2.19216
2.30375
1.97242
-0.264429
1.83923
1.17868
0.739168
0.958842
0.453311
-0.148144
0.168652
0.11875
0.529191
0.365918
-0.0420165
0.724243
1.13504
1.62728
1.31671
1.37259
1.29713
1.13448
1.26237
0.819767
1.48205
0.0635937
1.29624
1.75944
0.416543
0.781296
1.28072
1.26121
1.69535
1.7868
2.30416
2.48998
0.147099
2.54626
2.66704
2.04002
1.79276
1.07752
1.01721
0.447853
0.34785
0.785079
0.508705
0.0881524
0.386961
0.486502
0.787155
0.901912
0.342757
0.0662437
0.327258
-0.218346
-0.182756
0.0107275
1.33471
0.359705
0.529342
0.474104
0.277645
0.222718
0.629019
1.12406
0.829999
1.04834
0.589222
0.37344
0.714675
0.451298
0.379675
0.677193
0.738498
0.980619
0.411432
0.438988
0.777688
1.05332
1.28788
0.422955
0.673903
1.28165
1.41927
1.43127
1.65848
1.47588
1.34629
1.7783
1.55718
1.59027
0.70385
1.16038
1.03357
1.28917
1.06241
1.1212
0.795246
0.942316
1.09516
0.906836
0.606055
0.368114
0.682088
0.964743
1.24476
1.16076
1.34796
1.60639
1.96015
1.86508
1.94849
1.80978
1.69287
1.56761
1.53494
0.779768
0.642104
1.3463
0.659422
0.4862
0.670084
0.278871
0.177042
-0.111304
0.333137
0.599498
0.724786
0.600421
1.65038
0.940954
1.11706
0.963256
1.07171
1.13921
1.1935
1.27568
1.00945
1.13593
1.25126
1.77309
0.653754
0.445419
-0.00494119
-0.0376358
0.0121974
0.398385
0.520194
0.971936
0.606546
1.05004
