546
-0.237032023962357
-0.6691568226315432
0.844864229001587
-1.0605118239687559
-0.9540583550706323
0.8865296160346682
1.1845182491910335
1.0283312486736569
1.461889236880528
0.2938701720592264
0.07408248100295498
0.20120468061007005
-0.3813185402324197
1.8310975625352237
-0.7407409076027419
-0.7433307701388175
-0.3632535145645445
0.7188387485141492
-0.04465459550698914
0.28192489168469015
-1.0225429613088104
-1.3914530053756304
-1.1658749239375226
-0.9902944241199487
2.0806887447879654
-0.961472896142092
-1.0715211181626687
-1.167600029805957
-1.1502957968644159
0.7285396485514112
1.25285310537312
1.469786360288588
-0.7545471901968293
-0.7939407045535479
-0.3187927263883449
-0.3212981794806538
0.15302169610822366
0.8725212532778563
0.20664178442877923
-0.011621541737351675
-0.11596891867752938
-0.2970256489538049
0.10470732212663732
0.4510590739951563
0.23108162666903836
0.4109036458193417
-0.5918222587360362
0.15642135348402866
0.22347090120694965
-0.220981225672035
-0.7870779360519533
-0.5184655426872349
-1.0606864568031187
-0.4602840673618106
-0.7364021312750939
0.49711730056286974
-0.3507434288490101
-0.5763842012696834
2.9269350284329256
0.4825611696283215
1.3801013880045472
0.1560813229095229
0.8569972052407494
-0.3319114843354926
0.09224542926333938
-0.2879984446653655
-0.48273092528453054
-0.7404037954358521
-0.721808289861452
-0.7074741078945185
-1.0388836195550228
-1.0302544374756315
-0.6852018585872097
2.644338808860812
1.663310594134279
-0.5053130642840329
0.1251251681852627
-0.5859787230594666
-0.7776617438680341
0.11683873898103223
-0.7714383037922212
-0.9593868629477404
-0.775406931696682
-0.6201735913445935
-1.012731922991523
-0.9882341191091587
-1.1152535124131944
-0.6397580139084628
-0.5391327155492794
0.20664278357961105
0.24583997948644315
1.3050523076975997
0.9363079122138616
1.103146505770903
-0.748610863694094
-0.649970629072419
-0.6221070336352582
-0.20903348176802886
0.34014001562307916
0.1946647368898445
0.6880370888271865
-0.44291618361459767
-0.29836688594999605
-0.2998546347877806
-0.3639316174255849
0.06470272811827144
0.21428884123759115
0.05630699016214962
1.8912630147041822
1.6595733043746115
2.431410428765826
0.42428366775175813
-0.05693299545020606
-0.9533591317275993
2.430063721095321
1.7323619741566219
1.2643661287342045
-0.7955354428756907
-0.8909344966963487
-0.22174401405300206
1.0924172793251454
0.7815795160094887
0.6438737037032118
-1.3084201905411281
-0.552037242932165
-1.3789842445944729
-1.3460549336401602
-1.1314510816961985
2.737635330123896
1.7717274433199084
1.5003827120588114
0.34902915093675013
-0.8981316949321968
-0.09920655137482241
-0.04367804993191461
-1.0252199728636606
-0.36986751999484146
-0.23389577002285866
-0.7021512737085552
-0.6278601997277546
-0.5418211038161597
-1.175866493155073
0.5531269310066045
4.095046839716962
3.971106809766944
0.9711477422214759
-0.9847091354949342
0.38347728738488057
3.1053158607672278
0.21583906472423042
0.10352262660522095
-0.801749665754253
-1.2584234274951716
-1.2829087761525324
-0.8779617996046478
-0.4232506240831622
0.010302583722289399
-1.048269368546934
0.035980434864416475
-0.9520255277591504
-0.09587820938227903
0.06707259756860869
0.24857636616852072
-0.8190863992675288
-0.6260363961028018
-0.36473791980528425
-0.18209058658096614
0.9572147415138224
-1.0332719821454541
0.28550834746443504
-0.826981291196629
-0.44579074366072485
-0.6143634747436734
-0.0323150304247693
0.6556907352577291
0.7035723047661283
-0.24407417456091726
0.9033990030671071
1.1816666764586443
0.5038708088272063
1.1819257313352933
-0.5137891623719656
-0.5874946692444577
-0.29219538966190145
-0.09422668479714644
0.3731639795626118
-0.11404233278356318
-0.2751692966555194
-0.7593749124364698
0.4923203620480539
-0.11533883510661119
-0.7018003752840717
-0.7469781929616083
-0.5958242061150809
0.9901037635719794
0.014986603987676728
0.04039452231847542
-0.728587642899414
-0.6568569875265373
0.29863253477478713
0.2404451339943768
-0.10125822809596109
0.13599440545783964
0.00424513192497934
-0.5594265526291644
-0.17927615396266627
-0.3835725597680212
-0.568074290503913
-0.8160944998368651
-0.9220862830935166
0.08983561433993949
1.2509379685739976
1.1349538060728446
0.7521875599504736
-0.6450682114695278
0.4876396149009982
-1.1268807251060473
-0.842185153976987
-0.8031080775681024
-0.6546805354761144
-0.9647858490987711
-0.7459271780716215
-0.7624433354609981
-0.027095201315073297
-0.4593011860971896
-0.48731589358883476
-0.370164356101146
0.2224536205372021
0.2419407168301444
0.026995708182974372
-0.4160619628612715
-0.9064519403787042
-0.4251183117315055
0.5800487148610253
0.3830690003915575
0.1512739601298697
-0.17689350819835006
-0.6675313274678104
-0.9295979945116675
-0.726800890659677
-0.7129546825107652
0.5287651637667077
-0.26897072541046807
-0.18204775661487835
0.06305512063877715
0.007984807126562134
-0.8842979098959471
1.900101324257722
1.2194118030709646
2.0757846389138677
0.03887390528614872
0.14391397843946993
0.23270653947523823
-0.733795781714217
-0.9199559374009598
-1.368683524915366
-0.5708931555795863
0.5721310576654083
0.45734126193879876
0.9517095264905362
0.386917382257881
0.6470181258216587
-0.04856187436283259
-0.7499632542267638
-0.7919016377106659
-0.34826306672072455
0.5158264382621718
0.9485019343115576
1.0029422989135592
0.4616437966447237
-0.16526806218725543
2.0138194271582086
0.7805595330576627
0.3854851736422349
0.6278178324685381
-1.0507701966651954
-0.8371486287704721
-1.3011092054004838
-1.2871963731168838
1.9373273915393912
-0.9806798586523024
-1.0519467266534952
-0.6730638508424169
-0.8644391310006279
-0.6043908474513621
-0.05634438845445004
1.5524948837237706
2.4295365876184425
-0.17814936989464303
0.6153522281883576
0.6529895933671455
-1.4050189552875079
-0.20269674298112808
-0.09348665858564302
-0.052671721898171986
1.163112230425683
0.9667436418155025
-0.49010066567626254
-0.7259535338642441
-0.9867752450847468
0.603636098124045
0.06647730844386461
0.9722635858375355
-0.516999689584875
-1.1898908905442438
-0.23606115484900367
0.05003282571939411
0.8350143289576367
0.42779235975824054
-0.1889942271285137
0.6205886373123456
1.0251342597059505
1.566364289378719
1.6144403096928845
0.20388602842836664
0.629379631358008
1.2043466793234512
1.4270829930100455
-0.05467483734697596
-0.2832198320541407
-0.19539452427007922
-0.5872196968405602
0.6571692785946204
0.2312718146317993
-0.14882470539884718
0.005286780428412216
-0.10837549405114659
-0.8620275616668882
0.4354135977117258
-0.76703494835024
-0.2271266956076433
-1.2604332528172018
-0.6056839359089551
-0.27472323202997706
1.0767590249594576
0.796363967744642
1.3830658566507392
2.1968860485266704
0.02314820391936246
0.09848553975876233
-0.14897362465965774
0.9247555251222922
2.5688102834518087
2.9011516359806406
-0.2654866134024071
-0.8461164751560064
-0.6007927651929053
-0.9561930420944309
-0.7156497007490543
-0.35243158648858186
-0.8339647993894995
-0.7728515584112882
-1.231182185783134
-1.4071846665192809
-0.5197419287025351
1.6782258519477822
3.5346229157053473
0.6905498066515997
2.368656442221994
-0.5782716593100593
0.2646222790467475
-1.0863887873359344
-0.916890827723179
-1.013063251208485
-0.8066605598997707
-0.8650525225797739
-0.8709976467490438
-0.8381170082192887
-0.7989855001333273
-0.13011341442656804
0.9856619336661182
0.2263099258415775
-0.656224400319021
-0.32936649542774077
-0.34221229037146195
0.4233683911148875
0.47123753673048835
-0.27780140605031733
-1.2649279965317608
-1.1003782666685842
-1.2124593699567785
-1.1290006858909185
-0.7649274770462403
-0.8446239841626632
-0.6775293537795288
-1.299776514577364
-0.653888190475831
-0.8799782328085881
1.0968491568550747
1.343022411099927
-1.3442595425136266
0.6142182285075891
0.6239842290388515
4.461980986694096
3.129216285725575
1.5756580917282155
-0.7527684268285305
-1.286318690648195
-1.3964431073841612
-1.0668684473140662
-0.8938492588164794
-1.2999690907869783
-0.9670704362923714
-0.8740921366161093
-1.3607722882455582
0.012714351358647565
0.37915278700824473
0.6878924560031426
0.22904695064747652
0.0425806928196858
1.753984084812844
0.65505712684957
-1.1736604313692418
-0.08374546648050758
0.5981559972784668
-0.702339586988744
-0.9643477332803632
-0.3492571068010322
-0.7466624160065464
-0.042568573411223554
0.07852225542482268
-0.6826393407338099
1.8395852043402572
-1.2075067897233804
0.08635104088342517
1.8061990671744446
-0.026960312064730693
3.6547634657846895
0.7171070251650239
1.200213375874162
2.069631540564987
0.013987304372163403
-0.3411730241336547
-1.10288111329427
0.17661549259159176
-1.2798544454459126
-0.9116412640359426
-0.7314093541564523
-0.6716427253372512
-0.898433121771777
-0.523161255831214
-0.907077528244012
-0.5692771995887882
0.30046530763640567
-0.6903639925964743
0.5314060824515454
-0.5437145150711212
-0.39324308285612625
-0.9764218969327737
-0.9871999677636935
-0.7265105601930589
-0.46866841758363015
0.2756020878997698
-0.017899656865289052
0.6561432215614287
0.4816609885791088
-0.43201586041130796
-0.6942669692900468
-0.6191289933238135
-0.6850677489051961
-0.7255941913762161
-0.9090025605060233
-0.8684832181970868
-1.0652012613320911
-0.9180142312795392
-0.5486747630980771
-0.331790695678756
0.6779478735007709
-0.632932075608983
0.14350674889232207
0.0978395184823205
-0.41834798932503814
0.5461618518849121
1.160586685639418
0.7880342273210857
0.09744367499286974
0.23082318055735873
3.2318186654765686
3.4403074837664103
-0.21234531635362452
1.8116269950954953
1.0204058510786254
-0.33367741923018474
0.38248938591671244
-0.27185093410107847
-0.5319770622747234
-0.4149905608238878
-0.30996224249922594
0.3526267021883814
-0.6575511300748462
-0.29331168732371804
-0.7605772804178984
-0.8721535935727426
-1.1601319715120335
0.3850112416044563
0.5841542263761171
-0.23560209933532
-0.5710628604321166
-0.41126559565292353
0.077780120879108
-0.3905153293258645
-0.6676988522367853
-0.7906863088335322
-0.9148523380744923
-0.829634999587096
-0.7987290006114598
-0.29517605820468445
1.393876847342453
2.4070975823917005
0.9716689196244571
1.5958108439794179
1.1414796893215395
1.8710361106622067
0.6730199436813724
0.42784326324847566
0.13606528755762815
-0.07318532376692098
-0.5200376014611976
-0.5049717766789995
0.125715729606025
-1.0489527961842355
-1.0010797574993942
-1.2465795833554556
-1.3814296721656618
1.5668775058718076
-1.3014973496355848
0.06173469674254055
0.11596989367998774
-0.4108529458428873
-0.2674945488793326
0.21725207804258953
0.5648471902889586
1.579050463802295
1.0817019479511392
1.0011254979160502
1.711354729903916
2.1834035139233987
0.08120595163651433
-0.2346465886544252
0.3779863781895955
-0.7621882720382734
-0.8237827441171754
-1.0070040199837937
-0.6091320308805215
-1.0286450205587345
-1.1373158961192684
