182
-0.44147571706645267
-0.3464215411916249
-0.39944771672691837
-0.21629323072123002
-0.03713718263834754
-0.43903346340275834
-0.37594874789003424
-0.4627047328508266
-0.06864771939495105
-0.3585537236853228
-0.3083223586604738
-0.030392653265100468
-0.21422304076709356
-0.51492681674242
-0.23896096344082984
0.4517270670130215
-0.35742538900076054
-0.2660688415117263
0.36417148528177773
-0.2972149535079288
-0.4875060450139902
-0.4700570312855632
-0.464137308626908
0.8145940876117526
-0.16628673255621426
0.2659222982291364
0.49622027596461654
-0.263116061978699
-0.4140577006978941
-0.4768002628830026
-0.35114768610688146
-0.4576346418617385
-0.07477599560582156
-0.3341319843559477
0.03792461625109325
0.5276006647354515
0.21738119751419005
-0.42638534326906463
-0.40015038284005666
-0.2141602187488747
-0.28279051122977295
0.1071456576687383
0.3233204747276983
0.5856597717124765
-0.44187263903980445
-0.12714731718989186
-0.4650156740790016
2.4571830041618847
0.8566629399507466
0.05272111527383022
-0.3535695581773799
-0.21947738932562025
-0.3815978456479504
-0.11732206035848468
-0.4734896605003141
-0.4184011915354089
-0.4402058564700075
-0.4352146556770376
0.6037695205598896
-0.3796861631824832
-0.16697654590797475
0.49643324793365645
-0.459223153300076
0.2349634976948706
-0.05966301461850567
-0.3371200797869304
-0.3041365661911681
-0.381379136722432
-0.43277031021574286
0.5209572017080553
6.144449236316884
1.1472280040623974
-0.2523376217074939
-0.360170426604623
-0.32357259686849066
-0.4456548644706777
-0.36177083817887873
-0.3664915452285768
-0.04801367274282223
0.9263936537085455
0.072403882807853
-0.4338377928416108
-0.13926727975113742
0.4017354408913057
-0.1734845337490955
0.39582177681695124
0.7444067997807213
-0.23037702277056804
0.45860484769831955
-0.10366219121372831
-0.2824662129560058
-0.11678117704727005
5.092872531698621
-0.41919450081607845
-0.4595347424099813
-0.4870332461413276
0.21999310082920795
-0.3818297874265401
-0.470927627204411
-0.4754806986428479
-0.3434859441118811
-0.1927495235665916
-0.41729617965701915
-0.4898331821400449
-0.34910144938630244
-0.07883178398615029
8.336378543687562
-0.11475932075131035
2.3836508150291342
1.9105226982548436
-0.3329306951508724
-0.3885755635255094
0.1580414601380188
-0.003615418435685785
0.44171501077882463
-0.415921889232868
0.07233745968030883
-0.40485293086128116
-0.38661682964658795
-0.3856959384874124
-0.3453337072900747
-0.22518441212294565
2.0061966145454533
-0.30486253327727303
-0.3417086758070117
-0.12329056535481132
-0.37329280036754003
-0.2758199804459608
-0.3469619680041632
-0.09083870822397762
-0.39359998763432236
-0.35349831723906877
-0.43793574563611193
0.2580164812517502
-0.4060211158605637
-0.48118307105434543
-0.40467838544244383
-0.34704448819819667
-0.3732065798768058
-0.4120872292658783
-0.4704770969655848
-0.32835846930337265
-0.1791963005145566
-0.40391073357337126
-0.4610140541723823
-0.4131288594449336
-0.4395166428908515
0.14528697694011508
-0.20905079049921715
-0.49797415289037467
-0.4518800541482538
0.5400422189758142
-0.3179834902878808
-0.19616747827021863
-0.39757716841020657
-0.4478817688729649
0.3826092963989928
-0.43746231679645925
-0.25280425972037035
-0.3364300148446237
-0.3723164189767044
-0.3256898386606299
-0.37277374856747675
-0.3442752119992675
-0.3767412268120775
-0.017247465564211868
-0.4824061863363107
-0.32925615736255986
-0.4389721606765786
-0.14971387710500828
-0.3503634062575456
0.07808231413637017
1.9843705617653518
-0.20178836955114732
-0.4328368230995531
0.6485013537447285
0.061068151951331175
-0.2850881747640454
-0.46135742977430655
0.3832586154187718
0.21534856807208652
-0.11874557599554049
