548
0.879863
0.0264862
0.417947
0.478082
0.108439
0.113166
0.716825
0.371181
-0.106417
0.419443
-0.29111
0.562926
0.00564028
0.119669
-0.292028
1.59382
0.742309
0.468248
0.641824
0.30452
-0.279118
0.460008
0.103195
0.587293
0.105273
0.843747
0.259083
-0.00378503
0.901026
0.647419
0.80599
0.243823
-0.276272
0.0852515
0.574217
0.491182
0.289754
0.937772
6.34897
4.14775
1.59509
3.27516
2.09699
0.411185
0.154351
1.07291
0.201453
0.324288
0.334043
0.766137
0.686835
0.528642
0.291002
1.05324
0.665329
0.364137
0.0881841
0.164417
0.13511
0.415135
-0.049351
-0.142449
0.158971
0.0503216
0.163205
0.545679
0.301805
1.64005
0.0212429
-0.190626
0.0375964
-0.129421
0.109933
1.61395
0.290278
-0.448281
-0.0869112
-0.09306
-0.515332
-0.520238
0.0662755
0.0367862
0.529647
-0.254842
0.0217508
0.663777
0.242698
0.141963
0.127294
3.96515
0.335879
0.304821
0.4242
0.246505
-0.279126
-0.273261
0.438756
0.698397
2.02949
0.354124
-0.173351
2.37565
0.513165
0.879457
2.28983
1.11829
0.92637
-0.378678
0.54717
0.109497
-0.0541851
0.362898
-0.281918
0.647103
0.346814
0.778639
0.52308
1.61406
0.229649
-0.32671
-0.000472187
-0.157
0.644055
0.26667
-0.190489
-0.402585
-0.534746
-0.452916
-0.0482002
0.377091
-0.379212
-0.175554
-0.243542
0.139117
0.125639
2.55473
0.595249
0.613688
0.215147
0.84288
-0.582394
-0.18048
-0.523925
-0.434985
-0.150038
-0.303092
-0.16882
-0.225791
-0.215173
-0.169085
-0.280472
-0.377264
-0.537963
-0.104851
-0.402907
-0.301458
-0.31884
-0.33382
-0.0652029
0.137383
0.343899
-0.45967
-0.306993
-0.234435
-0.417779
-0.208117
0.952669
-0.432007
-0.192001
0.445912
-0.485903
-0.393109
-0.405513
-0.403278
-0.181361
-0.551911
0.524264
0.201338
0.167261
-0.178961
-0.16348
0.126414
0.277633
0.169699
1.7303
0.491131
0.0799546
-0.551821
0.0432766
-0.44601
-0.376913
0.313481
-0.334825
-0.310928
0.0943868
0.988492
-0.420726
-0.600104
-0.538035
-0.440278
-0.668013
-0.598364
-0.299673
0.210132
0.249256
0.347508
-0.214386
-0.205596
-0.10454
-0.498611
-0.324714
-0.228198
-0.220705
-0.525299
-0.23273
2.16719
0.166446
-0.0368907
0.830484
0.668203
-0.325138
-0.545715
-0.632906
-0.513159
-0.482955
-0.023046
-0.400815
-0.449813
0.841061
0.162971
2.18502
0.995924
0.180254
0.665664
0.244269
-0.122877
1.73708
0.321252
-0.120518
-0.145821
-0.310863
0.353166
0.913229
1.21377
1.06079
0.821974
1.65769
0.585115
0.00240644
0.24505
0.0632758
-0.234584
1.05514
3.55239
0.9216
0.544046
0.189854
0.203908
0.280708
0.686885
0.258575
0.377678
0.150465
0.977995
1.70102
3.08255
1.63253
2.11763
1.66782
1.62744
0.916799
1.85214
0.618023
1.10352
0.788304
1.65814
0.809184
0.6253
0.126543
-0.278709
1.79119
0.94439
1.2496
0.585818
0.238021
0.824372
0.0358799
0.54299
0.201528
2.02833
0.84681
4.03504
0.904682
0.337141
0.199639
1.22615
0.32052
-0.454396
-0.0493119
0.746034
0.198962
-0.543351
0.29219
-0.692617
0.152881
-0.164621
-0.416413
-0.563313
-0.482611
-0.257726
0.422947
-0.571457
0.136578
1.11184
0.245481
2.12736
0.299422
1.08304
3.07794
0.955998
0.18741
-0.429929
0.244689
0.39173
-0.429974
-0.532046
0.180809
-0.17096
-0.543512
-0.455103
-0.0857216
0.334599
1.19615
0.367143
0.34069
-0.0412525
-0.256759
-0.0315971
-0.258457
0.39293
-0.245227
0.653053
0.507604
-0.355336
1.62229
-0.470991
0.154963
0.650833
-0.36923
-0.321817
-0.138808
-0.464554
-0.414198
0.121308
-0.135381
-0.532703
-0.097461
0.549048
3.41601
0.426386
-0.585574
-0.472296
-0.299043
0.928457
-0.223434
0.721572
-0.239651
0.659037
-0.292663
-0.272302
-0.397515
-0.622549
-0.572312
-0.347991
-0.483387
-0.349761
-0.56635
-0.581466
-0.337517
-0.301645
-0.465
-0.553596
0.158159
0.682652
0.769442
3.02066
0.998601
1.19914
0.872604
0.200925
0.173909
0.447453
0.429439
-0.278826
1.0493
-0.390573
-0.145605
-0.0934221
-0.00652411
1.45627
0.436598
0.993475
0.597476
0.257662
-0.0986195
-0.0537976
-0.182787
-0.351707
0.291093
-0.165799
-0.14147
0.0226419
-0.30514
0.314636
-0.371591
0.264942
0.0531605
0.0231699
-0.069699
-0.0228855
0.811831
3.95411
1.62323
0.828782
0.617123
2.70589
0.356937
-0.34814
-0.0767841
0.283093
-0.393805
-0.0723311
-0.224994
-0.354701
0.0830331
0.34437
0.592599
0.316282
0.620662
0.821239
-0.0258909
4.16723
1.69712
0.868124
1.20072
-0.555131
0.227213
0.666043
2.26395
2.85874
2.5717
2.70908
2.28509
2.74596
2.14106
2.55243
1.72253
2.14807
0.6585
0.955947
1.07437
2.74796
2.12421
1.09875
2.19512
0.0737715
0.372578
0.904663
0.161028
0.281869
-0.0692285
0.824672
1.35019
0.954787
0.88882
1.12005
0.412163
0.706889
0.0249474
0.635372
1.19565
1.03283
1.69595
1.36751
0.700671
4.15642
-0.23237
2.01634
0.606601
-0.375526
-0.2182
0.0880984
0.0207128
-0.242668
-0.0730689
0.637278
1.00079
2.33161
1.08896
0.762402
1.2272
1.03038
0.565271
0.510923
-0.0030512
-0.174231
0.0400632
1.33114
0.0661641
0.249104
-0.316628
0.639322
0.383767
1.69088
3.06401
2.83884
1.10426
2.2433
1.34531
1.12782
1.10983
0.567926
0.878346
0.731584
1.30938
1.54365
0.863969
0.519281
0.531731
0.161705
1.71411
1.10075
1.487
1.00051
1.05736
1.27424
0.855875
0.935315
0.464838
0.69199
0.310608
0.533493
0.536604
0.505245
0.77724
4.55686
0.262757
0.592457
