109
0.9118934235293902
0.500107923372039
-0.8472794053660512
-0.2447197740328893
0.12866105394467334
-0.6843576047608021
-1.1264362517276214
-1.054965493075922
0.623418685523633
2.6338737193330033
1.5858923354984389
-0.0756643605934938
-0.6762440767983735
-1.3005380805254025
1.5004026161597777
0.49166399016318907
-0.14105533753346
-0.9771153571084491
-0.1473738155467909
1.3709531747390855
-1.134313713708411
1.0855017838782557
0.3209875791691339
1.664135826715487
-0.288254727197335
-0.020172560265761193
-1.1673947916391896
-0.5025602633235114
0.055730501572066625
-0.5199698925306011
-0.8777548240440616
-1.1369152403856049
-0.3366849014334235
1.269926398136753
-0.10172363782218002
-1.147239673872715
1.0047506311238164
-0.7571530319159065
-0.4261222318680059
0.8459730365242436
-0.15165643296706394
-0.4411908756728236
-0.026377464889693662
-0.7608269065332612
-0.47229361206850184
0.5480822679893467
-0.99935929507752
1.3066803156460824
-0.30142387535439635
-0.2536961174892701
1.2443804156946932
-0.9506944108652415
-0.10884347359865036
-0.591237990510455
-0.22137168619321104
-0.4353338192743099
-0.6866535292754851
-0.06378751613693148
-0.6851804315461466
-1.0054926137599958
-0.5209602025878036
-0.34218769130369237
-0.7083905673636922
0.6086067745314306
-0.7184828458567143
0.04364971992644264
-0.12416423475293895
0.02342696030883273
-0.32287157638275416
-0.3460370774539622
0.6781705697600509
-0.6908941837946132
-0.3752207809161322
-0.6292443996037861
1.2452212438162262
-0.7157913282050888
2.2074780007142785
-1.2955094539725651
1.0942066824452183
1.1570774573742173
-0.3361924610346293
-0.5324020983718394
-0.3318750131192692
0.9162410878001455
3.003282627932492
0.5888171021352772
-1.0475660330095073
2.365529322181812
-0.4712303577966898
0.9720205787223398
0.5135230993831329
-1.0888959123832151
0.696031903299615
-1.1774632272385925
-0.3443577781460265
-0.20174521956374336
-1.298732246368492
-1.4084603448304158
-0.671180753268833
2.7604919239187646
-1.2196299554900645
-1.3699026499055649
0.6391421693218814
0.69399998966957
-0.36152503334404146
1.3445960472473388
2.7838618952840917
-0.49791883999822106
-0.4321294701344626
