546
-0.0503679
-0.0731556
1.49604
0.265356
0.263735
1.35085
1.58062
1.962
1.06827
1.23351
1.49656
1.32979
0.707956
1.72807
-0.318223
0.0907354
1.15904
1.93001
1.54727
1.43642
-0.28956
-0.836797
-0.346277
-0.32549
0.918766
-0.0489601
-0.507593
-0.438278
-0.0803712
1.60673
1.54074
1.23359
-0.00865809
0.305675
0.199562
0.517418
1.02168
1.40467
0.888494
0.908677
0.682341
0.392406
0.72215
0.729964
0.579728
1.54274
0.304597
1.2191
1.5533
0.364954
0.281285
0.323742
-0.118203
0.373063
0.0920397
0.741706
0.832402
-0.130829
1.74127
1.07534
1.48381
1.15686
1.50973
0.913531
1.09565
0.356916
0.673878
0.154277
0.727939
0.499796
-0.296734
-0.264221
-0.13171
1.82693
1.74065
1.55716
0.97638
0.395479
0.127492
0.692331
-0.33172
-0.408016
-0.0114987
0.0510968
0.213101
-0.281152
-0.325505
0.0385353
0.0950538
0.48195
0.98857
1.79235
1.6927
1.56358
0.561306
0.0741623
-0.0399861
0.547169
1.07741
1.19864
1.06062
0.744785
0.595028
0.152817
-0.158867
0.775075
0.732843
1.53967
1.30382
1.50185
1.64838
1.05365
1.13874
0.343419
2.28168
1.59161
1.26794
0.0924458
0.0848652
0.953431
1.81301
1.91902
1.50086
-0.651078
0.216445
-0.709156
-0.698909
0.116352
1.96526
2.46903
2.46745
2.07045
0.662974
1.20181
0.956829
-0.16334
0.247994
0.103702
0.193029
0.223241
0.0213906
-0.61614
1.4836
2.88144
3.05395
2.38555
-0.295473
1.86971
2.28578
1.12802
0.70213
0.161828
-0.172892
-0.105493
0.543613
0.757906
1.272
-0.239534
0.87638
0.00445745
1.06493
1.08797
1.01523
-0.278022
0.307887
0.874116
0.77211
1.08862
-0.60578
0.755954
0.534149
0.864953
0.231683
0.563955
1.41093
0.694883
0.933539
1.67171
1.56342
1.68389
1.59875
0.24356
0.2755
1.26676
1.22748
1.11709
0.146704
0.301581
0.335747
0.912388
1.38682
0.0612346
0.465975
-0.12691
1.61804
0.812096
1.14365
-0.221165
0.168548
1.75139
1.55259
1.37058
1.48735
0.866643
0.464973
0.598095
0.21809
0.0268005
-0.0782293
-0.0351437
0.700751
1.88558
0.678826
1.95116
1.27379
0.985508
-0.637778
0.148066
0.548241
0.239047
0.063538
0.147641
0.310428
1.05027
0.242232
0.730923
0.81263
1.10052
0.897543
0.614526
0.264376
-0.0223971
0.568878
1.24599
0.736823
0.90752
0.675563
0.513568
0.164935
-0.205568
0.285084
0.988766
0.386746
0.311332
0.746038
0.778373
0.002192
1.33416
1.56687
1.95079
1.19709
0.648075
0.390722
0.142776
0.177192
-0.933913
0.259825
1.05083
1.44928
1.53686
1.46786
0.818007
0.232533
-0.0538583
0.255516
0.663871
0.940628
1.52617
1.48712
1.12942
0.919092
2.01337
1.80408
1.6401
0.638475
-0.0601932
0.117337
-0.359982
-0.715739
2.48146
-0.0824355
0.0371974
0.263782
-0.000754314
0.368754
0.606448
2.13139
2.46245
1.94486
1.06063
1.25833
-0.867352
1.50951
1.6377
1.7837
1.52831
1.73959
1.15764
1.00533
-0.0994712
0.959183
1.16173
1.05239
0.306219
-0.244543
1.14989
1.29538
1.31137
0.731792
0.335404
0.899464
1.77618
1.2197
1.90304
1.13799
0.841025
1.34635
2.18387
1.44266
0.509391
0.281915
0.0352561
0.646077
1.58117
0.810284
0.380076
0.337233
0.179175
0.951381
0.21452
0.597626
-0.340203
0.457602
0.617566
1.32084
1.68926
1.7407
1.89852
1.17287
0.623109
1.0979
2.11723
2.45518
2.29173
0.618436
-0.157854
1.21067
0.166916
0.175527
0.0486127
-0.148624
-0.0305682
-0.287505
-0.687568
0.286588
1.84697
2.88426
1.16569
2.51786
1.5078
0.755562
0.307216
0.131941
0.328782
0.491125
0.30357
0.112746
-0.355391
0.143198
0.0758104
0.935909
0.561903
0.360217
0.178883
0.244938
1.23076
1.39125
0.937951
-0.46658
0.0463087
-0.581874
-0.35455
-0.236258
-0.064544
0.00517036
-0.399304
0.739158
0.580269
1.63222
1.73742
-0.222625
1.38549
1.04455
2.55981
2.3607
1.76072
0.0672003
-0.803028
-0.877421
-0.308373
0.0163226
-0.835171
-0.0297941
-0.0765033
-0.567906
0.775402
1.16161
1.87894
1.44157
1.78982
1.41786
1.69476
-0.68662
1.42296
1.87568
-0.209573
-0.400801
0.386466
0.424027
0.462391
0.33413
0.371194
1.63603
-0.517264
1.43772
2.30026
1.50763
2.55507
1.68871
2.43816
2.43848
1.51783
1.46296
0.114124
0.759122
0.0367318
0.364964
1.13372
0.731126
0.564222
-0.109429
-0.0708899
0.140253
0.430475
0.373809
1.24187
0.218244
0.523456
-0.458732
0.605346
0.642522
0.122051
1.01098
0.961906
1.02254
0.982134
0.945419
0.44056
0.510186
0.264334
0.00724151
0.128829
0.107632
-0.0719649
-0.232139
0.218539
0.82766
1.25486
0.146446
0.977093
0.720921
0.331739
0.951085
1.43797
1.23154
0.790591
0.998655
2.16219
2.24688
0.703672
1.77942
0.829667
0.622608
0.543562
0.950309
1.02411
0.81923
0.300997
0.267293
0.242655
0.204071
0.495594
0.00401079
-0.475104
2.33098
2.13666
1.98983
-0.0456203
0.341131
0.918237
0.321278
0.329479
0.353951
-0.0527665
0.440139
0.0616793
0.806998
1.7798
1.90956
1.28574
2.14816
1.06388
1.6305
1.57806
1.62795
1.21163
0.99757
0.55562
0.632738
0.0987876
0.17001
0.107497
-0.316683
-0.65647
1.75003
-0.397517
1.06658
1.16448
0.780583
0.675455
0.772507
0.990013
1.44452
1.23979
1.06173
2.16178
1.89497
1.5157
1.25634
1.04583
0.127184
-0.248678
0.733658
0.455465
-0.403955
-0.272149
