546
0.106092
-0.141106
1.68205
0.28422
0.191191
1.16364
1.57188
1.87213
1.1567
1.19076
1.56182
1.4747
0.600585
1.76458
-0.187486
-0.133044
1.27112
1.73256
1.69726
1.45197
-0.219876
-0.625586
-0.336012
-0.150741
1.25173
-0.0589088
-0.371437
-0.153441
-0.107869
1.56384
1.49515
1.33499
0.143758
0.472925
0.1466
0.403056
1.0309
1.02722
0.851109
0.983926
0.732916
0.415283
0.994434
0.724664
0.702496
1.42254
0.370351
1.30204
1.28709
0.267911
0.219784
0.245345
-0.223663
0.26068
0.106543
0.594285
0.789513
0.0971052
1.85998
1.30762
1.58124
1.13256
1.62337
1.08118
0.96728
0.464402
0.593137
0.187342
0.637175
0.348311
-0.306325
-0.170325
-0.0112431
1.79339
1.77459
1.70288
0.975712
0.252234
0.480396
0.553768
-0.0645392
-0.492555
0.0376814
0.0667605
0.122471
-0.018882
-0.162668
0.0923536
0.130106
0.383417
1.00934
1.82462
1.66239
1.54139
0.760999
-0.00704756
-0.0445365
0.386209
1.0784
1.07624
1.19588
0.861769
0.400075
0.249833
-0.203805
0.754713
0.891509
1.33724
1.19496
1.34362
1.49202
0.967178
1.15884
0.201125
2.32945
1.60804
1.03098
-0.0655308
0.17627
0.879153
1.80299
1.81208
1.64903
-0.410511
0.14524
-0.728978
-0.539773
0.0373709
2.07663
2.54413
2.50559
2.09761
0.919656
0.972142
1.0297
-0.214283
0.226398
0.429453
0.15094
0.306063
0.108318
-0.632091
1.32223
2.8622
3.13562
2.25041
-0.0467752
1.79208
2.26971
1.02082
1.0175
0.341832
0.0667585
-0.0912783
0.391744
0.7327
1.4498
-0.300314
0.928321
-0.0310617
0.830692
1.26244
1.08326
-0.245346
0.226852
0.71531
0.91088
1.14352
-0.498772
0.436584
0.681892
0.860558
0.202571
0.533573
1.38322
0.815439
0.587321
1.54518
1.56938
1.45591
1.55756
0.298767
0.259144
1.11923
1.2838
1.16454
0.276689
0.289636
0.482101
0.834815
1.34229
0.41047
0.662413
-0.011536
1.48686
0.996665
1.18853
-0.168711
0.165289
1.69253
1.67002
1.44053
1.5327
0.757502
0.437171
0.6493
0.244883
-0.000108688
-0.0122911
-0.0483256
0.779416
1.84952
0.671589
1.73588
1.27723
0.878326
-0.531428
0.184853
0.573784
0.308451
-0.00564775
0.230682
0.384715
0.922675
0.198785
0.621908
0.975401
1.11536
0.834866
0.901992
0.304565
0.0902171
0.563134
1.16067
0.603964
1.03331
0.76301
0.410324
0.211062
-0.395095
0.286331
0.87331
0.168805
0.0989754
0.812898
0.84244
0.0812597
1.37094
1.8635
1.95914
1.14147
0.5478
0.183299
0.245454
0.201967
-0.636639
0.0890948
1.08409
1.33887
1.70563
1.4333
0.597617
0.317895
-0.213001
0.292582
0.865606
1.0404
1.49815
1.4631
1.20007
1.08499
2.09066
1.85808
1.66536
0.596961
0.000908721
0.0989635
-0.461605
-0.50579
2.59331
-0.261393
0.186488
0.387917
-0.193284
0.406241
0.638082
2.19381
2.29279
1.82368
1.07837
1.25288
-0.72003
1.42475
1.51954
1.68188
1.54893
1.75191
1.4888
1.08376
-0.255593
0.900947
1.00859
1.20791
0.534206
-0.197064
1.18381
1.12687
1.41075
0.833525
0.212114
0.847367
1.64626
0.972329
1.77188
1.41808
0.576442
1.41725
1.92528
1.54664
0.581796
0.666161
0.309045
0.621135
1.38815
0.895236
0.37319
0.220564
0.176681
0.738629
0.377422
0.697979
-0.352365
0.523271
0.75445
1.26434
1.58895
1.60746
1.91101
1.22831
0.512352
1.06426
2.01608
2.48983
2.25886
0.887928
-0.162082
1.37141
0.0672757
0.0387554
0.123133
-0.0382883
-0.0376589
-0.460692
-0.659947
0.0276872
1.70127
2.5992
1.01037
2.27019
1.65395
0.864185
0.196288
0.161518
0.412654
0.336789
0.232427
0.0019388
-0.388799
0.0499474
0.0554581
0.884902
0.572818
0.511207
0.330296
0.239296
1.19855
1.31837
0.934114
-0.365364
0.261243
-0.348973
-0.377396
-0.169293
-0.255376
0.0177591
-0.594612
0.667173
0.691338
1.53051
1.75125
-0.261872
1.65055
1.00698
2.66127
2.55455
2.16513
0.0664578
-0.802317
-0.998231
-0.370086
-0.191031
-0.952771
0.0336239
-0.144932
-0.462725
0.648298
1.21987
1.95609
1.49498
1.83104
1.66464
1.82641
-0.749752
1.74755
1.89852
-0.38847
-0.202998
0.156299
0.317656
0.549422
0.364385
0.227682
1.58424
-0.522341
1.44612
2.20128
1.40249
2.61239
1.92018
2.67081
2.5148
1.86922
1.57686
-0.00272079
0.732535
0.159784
0.276046
1.00859
0.950227
0.724734
-0.00593017
0.120671
0.390094
0.606523
0.441979
1.26393
0.401858
0.492453
-0.410209
0.542759
0.548871
0.159657
0.829629
0.957802
1.33996
0.898562
0.937778
0.570805
0.519869
-0.0484073
0.0043878
0.258995
0.318124
-0.109041
-0.0962303
0.0924413
0.828828
1.43408
-0.0202082
0.99549
0.738111
0.606666
0.921491
1.37929
1.22828
0.89204
0.904577
2.15323
2.00898
0.607861
1.83328
0.855083
0.860992
0.597739
0.984235
1.18666
0.90209
0.342521
0.335739
0.110543
0.224204
0.585168
-0.0749132
-0.400678
2.25691
2.37584
2.01572
-0.229692
0.46073
1.10141
0.251325
0.414509
0.500179
0.0889155
0.219337
-0.00822519
0.869973
1.87882
1.91846
1.5117
2.12459
1.018
1.74456
1.47871
1.60908
1.12957
1.21865
0.349693
0.727962
0.176325
-0.0301096
0.221384
-0.471384
-0.546784
1.84188
-0.498032
1.10017
1.28798
0.920233
0.727291
0.964766
1.19089
1.44183
1.23331
0.951659
2.1319
2.0623
1.48703
1.08543
0.944811
0.146604
-0.252774
0.773244
0.483651
-0.191598
-0.213371
