182
0.13303165551190405
-0.4211263132108294
-0.7729078401543046
-0.2106860747194494
0.00993151848989188
0.2615773998302705
-0.5046111702213962
-0.2206478728404145
0.8544007499047727
-0.3568243242277161
1.3443452792688464
0.4360464084387345
-1.051829427970647
0.8591930973368556
-0.9917332091279021
0.2206105900652139
0.4729458416403579
-0.1109918494303169
-0.6815479356948244
-0.5467909055438218
-0.16465073118436757
-0.487617879243911
-0.5567002195923486
-0.35253405697731194
-0.027724142547558797
-0.48546390756225377
0.8673837534315639
-0.3126415284663057
-0.8936713423804276
-0.753334118011935
3.675414912216663
-0.5072096044213793
1.4576740263674692
1.3491243534235975
1.1549571932345732
0.1826779456757192
2.83870330303626
-0.7242504550785767
-1.0748063426566146
0.7102424766487192
-0.93821319726331
-0.23154736995237357
0.3056833858957076
-0.7749928697710362
-0.4201615078875435
-0.7900809257884202
-0.35343074143203396
2.082237148451361
-0.7744542107392254
0.27342319598429604
-1.0596664277564445
-0.5247144005769488
0.11729842229595763
-0.04976921586412759
-0.9120662379207553
-0.04255463221750388
3.9323762403215095
-0.974906056985324
-0.31179064333891077
1.2859760183815128
0.9850447075659284
0.9676091402020526
-0.4328156772528564
-0.8699065195326299
0.41410151755778923
-0.49869028644089525
-0.3631737343144993
-0.8096882562107878
-0.5459101861450073
-0.7151498735466126
1.2222395133480448
1.2040143821513565
-0.3115041194996376
-0.47434039411903384
-0.7913436860680312
2.3779023946444746
0.7517630128709726
-0.4126076989268494
-0.5503218631524811
0.17649096176003196
-0.6171920678949008
1.5009247914927586
-0.27508597263284146
-0.5171050984179879
-0.8441498252737626
-0.27418389983995733
0.04018913882423303
-0.4828835195229551
2.017360997445796
-0.555533462428435
0.3066873856299766
-0.6884626850503862
0.18521448671616633
-0.3352754604681047
-1.0769728664420843
-0.33175012699010276
0.29055811872868453
0.12750676502991418
1.2805298882171288
2.016790981755374
-1.0296609738519287
-0.7562389533146132
-1.015072130231164
0.26938897192082206
-0.18462745982683706
1.7116040755121864
-0.5618886193190274
-0.4697440799657566
0.6895794192615209
-0.9533566652706591
-0.12447312364315907
-0.7078987690673636
0.638920712837995
-0.07659478816196603
-0.6395947607669056
0.7592442832265236
0.16174740077937094
-0.4511899477619423
-1.2316329163192539
-0.8192536061982392
-0.3322313824971822
0.3159576984159094
-0.6166953893707243
3.789728288986373
-0.7533400697807017
-1.1269179281998092
-1.1734687692349168
-1.2368148728274695
-1.0827099878077973
0.10744076576366947
-0.03637486483086206
0.44741231283353344
-0.899118025518671
1.1932979375567074
0.3898264369314923
-0.8118954282306383
-0.9160266328048868
-0.2652070375114609
-0.2973362023665777
1.0877703896165374
0.48825153539511346
-0.2856742891963637
0.5164591244761205
-0.4539203290628205
-0.22015896212151673
1.5273451221391943
0.6426020912759034
2.4351366371899315
1.4338837487193499
-0.4193445663308733
-1.3724500764144894
-0.7515518675623174
0.0753483114018702
1.1289930163720874
-1.424108445924239
1.381184969147071
0.5656696784705261
-0.6405665643269218
-0.934766744460458
-0.961538217678536
-1.283487031459895
1.5697882776448697
-0.1615698833398401
-1.2246558291756826
0.06450016916197114
-0.6047662805737108
-0.8126214085588842
0.5809967053647064
2.533910093679287
1.115199115225218
-1.0329375184599017
-0.5604792414115548
0.25374132403515126
0.7669419824981681
-1.1371602001535865
-0.40141175033172705
-0.7782402596451186
0.7336126283359554
-0.4444099020780699
-0.6288539678736307
-0.5880387570659141
-1.2308938771515674
