546
0.0308521
0.038373
1.4044
1.47264
1.98375
3.36857
3.10434
3.27914
1.20656
3.51507
3.26364
3.48267
1.39707
1.17682
1.06315
0.789381
0.520712
0.616947
0.704438
0.891207
0.895915
0.353936
0.738163
0.413506
0.216668
0.500548
-0.302062
-0.0461685
1.14659
1.50979
1.48236
1.09458
-0.464452
-0.449477
0.254794
-0.444451
0.313856
0.155428
-0.718488
0.486263
0.505707
0.723627
-0.141961
-0.29666
-0.303994
-0.205756
0.905649
-0.14269
-0.281865
-0.116781
-0.313595
-0.249659
0.929672
0.998047
0.861508
-0.496983
-0.754253
1.29084
-0.885076
-0.599399
-0.254283
-0.200654
-0.383467
0.451571
0.256845
0.113601
-0.420027
-0.355383
1.44463
-0.345164
-0.339378
-0.149396
-0.447083
1.70473
1.86726
2.39387
1.91515
1.95798
0.239448
1.15869
0.0461274
-0.699091
-0.106923
0.341269
0.625611
0.359055
-0.0905621
-0.508967
-0.318321
0.0921148
-0.804103
0.0734327
0.0428865
-0.645507
-0.669994
-0.480507
-0.558368
-0.274156
-0.105108
0.588647
0.582681
-0.568811
0.543901
-0.0760192
0.241318
0.271302
0.190412
-0.00368261
-0.00212555
-0.327494
-0.0714642
-0.346254
0.104308
-0.417514
-0.365012
-0.319834
-0.509756
-0.495745
-0.0897286
0.0686761
0.861186
0.891445
0.978742
0.283984
0.0316809
0.0522605
0.0530802
-0.227569
1.58659
2.12772
2.26854
0.85491
1.76185
1.84171
1.97019
0.38903
1.73152
1.32586
1.11339
0.644075
0.311906
-0.859975
-0.570943
0.470583
3.09342
2.91539
0.495828
3.07038
-0.578441
-0.352174
-0.271646
-0.311272
-0.212779
0.34614
0.112085
0.971471
0.654898
0.604883
0.57718
0.712853
0.337184
0.63232
-0.295803
-0.288422
-0.223658
0.848552
0.898385
1.14514
1.54397
0.867159
1.41557
1.21441
0.998457
0.0893852
-0.393927
-0.104558
0.319789
0.966503
1.05159
2.02178
1.04593
0.602454
0.292181
-0.0578639
1.81657
1.93065
1.80289
0.945299
0.0231276
0.20161
2.07841
0.146066
-0.00771841
0.0540666
-0.294754
1.23013
1.60952
3.1337
3.01475
3.32301
2.06676
1.97755
1.95297
0.528924
0.519298
0.0197055
-0.198948
-0.086161
0.0612346
0.503597
0.364854
2.18464
1.04202
2.08181
2.11804
1.1082
1.10919
1.07497
-0.0630722
0.0214751
-0.0446575
0.457519
0.376037
0.373202
0.151758
0.322201
-0.619583
-0.371924
-0.372193
0.218758
1.17005
1.45694
1.50698
0.270922
0.44692
0.101838
0.751474
0.745511
0.581084
-0.136716
0.18215
0.669089
0.729662
1.59833
1.51227
1.4621
0.07096
-0.0504598
-0.0295598
-0.259833
-0.298407
-0.191361
-0.318731
-0.145077
0.0304531
-0.102315
0.770548
0.231325
1.20659
1.37039
1.58216
1.36551
1.82632
2.23901
2.242
2.07493
1.36852
-0.0475253
-0.203974
0.508662
0.323616
0.647793
0.158901
0.292736
0.730175
0.888259
0.846344
0.361873
0.241809
-0.299259
0.569992
0.631622
0.45585
0.63953
0.657376
2.18127
2.02492
2.01507
0.799824
-0.00478662
0.197194
-0.0386997
0.586582
0.909494
0.995743
0.608463
-0.0985536
-0.0658635
-0.195503
0.359063
0.166475
0.981422
0.514856
-0.227033
-0.282805
-0.395329
-0.240439
-0.280485
-0.356188
-0.143613
-0.126803
0.734203
1.0646
1.18021
1.03302
0.496259
-0.381539
-0.285899
-0.166707
0.491244
0.465973
0.439074
-0.34886
1.48772
0.178375
0.167939
0.114467
-0.408677
-0.540053
-0.450717
-0.483742
0.0451649
0.110929
-0.0675611
0.876311
0.72172
-0.191216
-0.436872
0.664567
0.74529
0.758107
0.832394
-0.125515
-0.109289
-0.265667
-0.440561
0.963472
-0.439678
-0.561326
-0.456596
-0.5581
-0.505596
-0.412053
-0.140562
-0.00808514
0.938339
2.10589
-0.127605
2.07227
2.93011
2.37226
2.52441
-0.132431
-0.405959
-0.56048
0.317094
0.273025
0.535175
0.192126
-0.123262
-0.387946
-0.357095
-0.557047
0.276527
0.180854
1.06415
0.625211
0.788691
-0.0925109
0.0970818
-0.26324
-0.429439
-0.394526
-0.333281
-0.274317
-0.522694
-0.433533
-0.685811
0.314626
0.244778
1.19951
0.390566
-0.035138
1.22329
1.12185
1.10833
0.440105
0.358251
0.422227
-0.468026
-0.60783
1.00199
-0.360041
-0.115685
0.0737602
0.0182516
-0.208896
0.912867
1.77846
1.71691
1.66592
0.56377
1.08043
0.373757
0.541405
-0.0450247
0.683298
1.31007
1.72288
1.48355
1.35723
-0.0683938
0.094701
0.185748
0.162677
0.203695
0.224126
1.82915
1.90487
2.40111
1.4106
0.747038
-0.126695
-0.101918
0.755676
-0.535937
-0.453316
0.446256
0.435989
0.70039
-0.0532442
-0.036596
-0.0645298
-0.172343
-0.315357
1.07869
0.955589
-0.0283085
0.0474109
0.11828
-0.333425
-0.312175
0.00180865
-0.00970215
0.0663987
-0.128108
-0.0349059
1.1173
1.28325
1.1591
1.18528
0.30335
0.116087
0.355684
0.0505289
0.728623
0.531896
0.736419
0.865866
0.466254
0.240844
0.351427
0.00793524
0.193332
0.104226
0.0318876
0.0648829
0.534659
0.796773
0.0689526
2.5265
2.27546
2.50911
1.46489
1.5286
1.84224
1.55768
1.35095
1.07864
0.959748
0.39384
0.966031
0.615968
0.537263
1.66262
1.55122
1.4083
0.175958
0.570687
0.130174
0.134539
-0.328852
0.95579
-0.0826986
-0.14179
-0.0834734
-0.344109
-0.428104
-0.459458
-0.230317
-0.296036
-0.502322
-0.627812
0.800366
-0.40279
-0.261189
0.142804
0.466863
-0.0104825
0.100109
-0.0828623
-0.394321
-0.672381
-0.542479
0.604117
-0.91593
-0.661477
-0.491254
-0.140759
0.372061
3.58694
3.44511
3.69773
2.2882
2.17604
1.44064
4.16878
3.7992
4.13726
2.10131
2.03311
2.02102
2.27991
2.10561
2.31906
1.3965
