546
-0.0606899
-0.00963319
1.32964
1.56274
1.89651
3.22621
3.08979
3.27782
1.17587
3.38446
3.17818
3.4076
1.34114
1.21275
1.02068
0.727459
0.452024
0.633908
0.674174
0.867081
0.913282
0.290722
0.789417
0.409945
0.206192
0.500891
-0.254809
-0.0674661
1.20511
1.35484
1.43132
1.08376
-0.427875
-0.340253
0.414424
-0.355672
0.163081
0.175937
-0.777885
0.524459
0.475491
0.551331
-0.175807
-0.282892
-0.335078
-0.347774
0.804737
-0.156727
-0.367497
-0.112622
-0.28366
-0.132291
0.952484
1.02502
0.946503
-0.528489
-0.814931
1.21573
-0.97315
-0.655428
-0.393352
-0.166372
-0.330384
0.338863
0.230532
0.137673
-0.57746
-0.318241
1.33328
-0.205436
-0.283232
-0.248077
-0.2653
1.82749
1.73884
2.36166
1.85392
1.8872
0.310654
1.1116
0.0871498
-0.717152
-0.102821
0.304852
0.598242
0.342674
-0.0777309
-0.613453
-0.433019
0.0923657
-0.912659
0.187415
0.0244456
-0.684227
-0.777061
-0.51255
-0.527843
-0.267601
-0.145332
0.491859
0.573
-0.611677
0.587986
0.0176894
0.316932
0.324516
0.229838
0.0179492
0.104242
-0.333089
-0.0752386
-0.367317
0.0946977
-0.438159
-0.472822
-0.336186
-0.740907
-0.519032
-0.0212605
0.284289
0.817404
0.951747
0.826443
0.322771
0.0564513
-0.0322341
0.0530081
-0.397299
1.42131
1.96429
2.1374
0.808422
1.81848
1.80607
1.8975
0.482595
1.78128
1.27919
1.26342
0.581634
0.325929
-0.841776
-0.574786
0.471586
3.0099
2.80469
0.366341
3.00959
-0.707153
-0.332508
-0.408857
-0.365374
-0.158352
0.365078
0.167164
0.977631
0.586378
0.548377
0.501508
0.735173
0.422735
0.579665
-0.194135
-0.247885
-0.160025
0.891696
0.810583
1.12722
1.53911
0.907593
1.32526
1.20861
0.98255
0.165129
-0.44546
-0.0321746
0.336027
0.879589
1.17404
2.08088
1.08463
0.591906
0.247145
-0.031448
1.91505
1.9532
1.81439
0.945561
0.0821619
0.217915
1.97932
0.0936857
-0.0595233
-0.0734219
-0.307481
1.0699
1.56093
3.0894
3.01777
3.4083
1.95395
1.90611
1.89386
0.55998
0.454194
0.0521427
-0.359113
-0.0734906
-0.00628571
0.517562
0.310694
2.16766
0.875209
2.02233
1.99927
1.09287
1.00787
0.959746
-0.16161
-0.128611
-0.0621758
0.375142
0.276901
0.3793
0.145406
0.343123
-0.903051
-0.494885
-0.339368
0.15609
1.20803
1.38607
1.32934
0.177291
0.285879
0.205985
0.781404
0.542125
0.518823
-0.254663
0.243323
0.538346
0.678099
1.49968
1.47392
1.34196
0.123729
-0.121788
-0.214241
-0.46855
-0.575675
-0.339515
-0.473466
-0.162505
-0.0989746
-0.170345
0.781342
0.250715
1.05019
1.33227
1.52894
1.43521
1.70578
2.24619
2.2223
2.05468
1.2916
-0.0334585
-0.177958
0.429601
0.289251
0.740637
0.182345
0.25565
0.738498
0.757727
0.847974
0.398742
0.298792
-0.332004
0.511537
0.522684
0.505689
0.57439
0.597599
2.23421
1.91811
2.00283
0.632232
-0.152033
0.241908
-0.0636112
0.653777
0.974925
0.814224
0.412762
-0.180101
-0.28786
-0.401676
0.199445
0.146172
0.946295
0.375289
-0.385825
-0.498351
-0.499244
-0.438748
-0.476725
-0.493213
-0.277567
-0.328016
0.72725
0.956812
1.10899
1.00137
0.51778
-0.598626
-0.31605
-0.170522
0.376261
0.371774
0.387333
-0.519279
1.4821
0.142695
0.185398
0.126001
-0.463281
-0.696829
-0.52595
-0.577087
-0.0883425
0.00637425
-0.221285
0.834854
0.60966
-0.233995
-0.450983
0.658731
0.744465
0.856781
0.804047
-0.237315
-0.147722
-0.345851
-0.4523
0.93744
-0.591284
-0.723978
-0.698659
-0.738749
-0.687271
-0.48907
-0.187801
-0.141118
0.907103
2.0855
-0.164817
2.01773
2.68778
2.36536
2.3422
-0.010505
-0.566883
-0.81987
0.394122
0.414145
0.34102
0.116207
-0.396359
-0.562009
-0.52088
-0.715477
0.221511
0.133905
1.05602
0.64944
0.72645
-0.181327
0.191883
-0.431494
-0.495432
-0.369803
-0.330532
-0.340398
-0.447338
-0.434077
-0.80693
0.21636
0.277807
1.08819
0.319107
-0.112211
1.16268
1.15586
1.05627
0.374391
0.388878
0.320109
-0.626127
-0.670094
0.957151
-0.57145
-0.17888
0.00616376
-0.120785
-0.344078
0.864649
1.72389
1.65677
1.70316
0.478442
1.06379
0.418472
0.479084
-0.0449925
0.770313
1.34678
1.63826
1.50243
1.25842
-0.149893
-0.0375799
0.293306
0.0407633
0.174045
0.101874
1.89193
1.83868
2.31817
1.4368
0.709585
-0.236223
-0.277151
0.745225
-0.65849
-0.588329
0.49537
0.488319
0.716898
-0.115164
0.01763
-0.110079
-0.245044
-0.319898
0.946428
0.953188
-0.168575
-0.0691952
0.0608629
-0.555749
-0.333474
-0.113966
0.0765819
-0.0537702
-0.0371369
-0.186634
1.04142
1.33711
1.18779
1.05536
0.174356
0.105765
0.344892
0.00149273
0.647568
0.605075
0.68799
0.803499
0.313507
0.0346727
0.247163
0.0122096
0.0645712
-0.0517264
-0.0872081
-0.129065
0.53099
0.754601
0.142176
2.55021
2.27789
2.47831
1.38189
1.5028
1.79109
1.42271
1.12601
0.836554
0.927632
0.362405
0.728458
0.417853
0.391161
1.47447
1.56726
1.18366
0.113565
0.584514
0.128781
0.149015
-0.464418
1.03589
-0.154488
-0.136158
-0.128034
-0.375023
-0.331525
-0.411442
-0.284238
-0.231871
-0.521453
-0.800416
0.768359
-0.451957
-0.287975
0.10883
0.444393
-0.00916946
-0.00979773
-0.148662
-0.578176
-0.806575
-0.677853
0.701751
-1.04292
-0.851238
-0.636524
-0.161043
0.488842
3.4477
3.37895
3.70432
2.22866
2.03398
1.30237
3.9457
3.6765
4.07453
2.08141
1.93803
1.96429
2.28448
2.08922
2.2943
1.35105
