182
0.22899334261032775
0.022498298846012194
0.45700753861383253
-0.15870910171614946
-1.0312415575686291
0.6298443873904239
-0.27433106222598364
-1.0625805513727031
-0.16658589341980531
-0.632532335334445
-0.38908696884627025
-0.6924336881220995
0.09335356531327793
0.34703483502886434
-0.7238185100207148
-0.6731803081141204
1.612551291521311
1.0632073267060322
-1.0207625970757261
-0.4494139272863422
-0.19039531217516564
-0.9252149380642747
0.4932098995851802
0.10918646726811983
1.0347375087427755
-0.8484714560737725
-0.5250914870161336
0.2726696314987086
-0.8009573264529559
-0.37408223794440676
2.5466921703927015
-0.9606933798769808
0.3633160899571037
-0.8364801466289405
-0.1517648183551367
-0.1710846463751643
-0.2725924298241694
0.20806114120881683
-0.42429604443003494
0.9632010528101405
-0.15366451847593618
-0.36490232599745276
1.5428922045719007
-1.1579576361871788
-0.7629878895958276
-0.36525869069872724
0.4638332885818208
2.983291197449559
-0.6403940783553314
-1.0600984702361664
0.17766722691241282
0.5570167421798269
0.15385054145899807
-0.63629191099111
0.33614855896658186
0.1076974410707511
-0.4218954560625752
0.5994629360583241
-0.10138317759090608
0.09562842711194455
-0.3972762940541583
0.7809158154883046
0.399103752192074
0.37940682811675985
-0.5184150382682473
0.13357394889036414
-0.2725285327425802
-1.086559368856576
-0.5964104633719766
0.015723559770773388
0.3574406505367737
1.0061940099156128
-0.8720991772786
-0.6694060034431095
2.2163590902841666
1.9974954807783332
-0.22400879788749084
-0.6166840724056866
-0.6501872911703486
-0.5127387745830962
-0.640272835724354
-1.3630730268307403
-0.22038679382334037
-0.028425384011426025
2.750808124534421
0.45112734407130173
-0.6573246263347163
-0.16412332743451208
0.9715099909449565
-0.45045556338294557
-1.3369385034332595
-0.6220381730947622
-1.0344811683786446
-0.6171957721495196
-0.46966185240640596
0.15089835722977854
5.345622498832753
-0.015879388920133634
-0.6910467622142905
-0.8311644514245697
-0.8050584839990002
-1.1788273813921575
0.180181039270022
0.0970376893311486
3.5370746022970754
0.48884583683720667
0.009504110776627451
-0.7007755805352659
-1.0320775379430798
1.600738293728968
-0.3960991815144729
-0.6560550389200938
-1.0178886657455508
-0.09490960718809868
0.5447499959584214
-0.45817590646035344
0.037969203226889195
-0.7791147302448617
-0.2308044032612911
0.14507964016838906
1.2747912918155675
-0.0693809227706298
0.020306782340192692
2.5878491053017694
-1.0305590705598822
-0.8436861191326918
1.7583415861556466
0.564561543005532
1.267466517015573
-0.6311986586179227
-0.47602605120374475
-0.1693023238517615
-0.7015029807930115
0.7966783060494115
-0.863867049845356
-0.5423763055654343
0.14644938908828353
-0.43875918393494795
-0.6603156724525724
-1.0355002300553922
3.2837708024823926
0.10552273888174389
-1.3536349660021667
0.9995018637355176
0.5093144681618175
0.17016714244194397
-1.0134441203169864
0.30439822748302564
-0.33459189765995473
0.039677627753463625
-0.7675664155562989
0.6267469363405159
0.46980449330357105
-0.9869872550446274
-0.9854920258368173
-0.9976730355730303
1.6696960325868269
0.5475390879584272
-0.3684882868390532
-0.5844175783694798
-0.7198208162601222
-0.7392945245756251
0.330170749003635
-0.9391431978168333
-0.4673374780931308
-0.7699709404957121
0.8341115601397945
0.01643374608205569
-0.07929594747646136
-0.7724998659799425
0.039403016162664686
-0.5757719095584495
0.8347847064000313
1.3369299469201514
0.19327008352279323
0.0651237518498082
-0.543580308838263
-1.4542532878962267
-0.4351586994670565
1.7281759710753075
-0.7703055473423499
1.8690050650285799
