548
1.57736
0.364319
0.0420701
0.814099
1.459
0.76266
0.228131
0.85153
0.103765
0.14952
1.95238
2.23934
1.68959
0.0401291
-0.416188
-0.710121
2.00525
0.0904005
-0.577539
-0.495373
-0.190491
0.109381
0.614359
-0.0413423
0.199396
0.250968
0.966134
0.0504532
0.97792
0.441602
-0.2375
-0.354897
-0.0474531
0.301191
-0.491924
0.595006
0.709027
1.27024
0.961165
4.15384
2.24436
2.54946
1.56997
1.71752
0.522199
0.428409
0.813958
0.226788
-0.261246
0.820404
0.10845
0.99877
4.19062
2.28268
0.172775
-0.171758
-0.0337713
0.258477
0.0165729
0.017343
0.0049242
-0.158632
0.931307
1.00762
0.796704
1.54531
1.41104
2.62554
1.30838
0.78945
0.558483
0.419811
1.83677
0.373009
0.936867
0.136478
-0.149234
0.529209
0.241512
0.786471
0.438341
-0.160893
0.315626
0.350405
0.830948
0.521085
0.176645
0.521168
0.964553
0.724581
0.404769
0.992814
4.10303
1.00518
1.57951
0.777979
0.0779834
1.5473
0.164526
-0.187192
0.0394565
0.892039
0.411862
0.0755381
1.32975
0.40259
0.128787
-0.20734
2.02161
0.184563
0.131269
-0.246413
0.252568
-0.0136642
1.38003
0.561086
-0.0592899
2.9543
0.620574
1.83638
0.461795
0.799193
0.411096
-0.0929678
0.457158
2.28165
2.32908
0.850587
0.435626
-0.034852
-0.245084
0.1563
-0.545883
0.371352
-0.600605
-0.455888
0.252295
0.170888
-0.191218
-0.17828
0.332065
-0.18846
-0.496515
0.185539
0.167738
-0.17948
0.312623
-0.520734
-0.364948
-0.219624
-0.526515
0.2739
-0.147389
0.31168
0.716561
0.00514065
0.00967864
0.654032
0.0911911
-0.352989
-0.182659
0.171699
-0.358885
0.442159
0.223935
-0.179976
1.04008
0.390961
0.662335
-0.111083
0.108727
0.0298649
0.294114
-0.499026
0.256394
0.0186242
0.590247
-0.414457
-0.0468457
0.48191
-0.517554
-0.590968
1.01162
-0.437424
-0.345102
-0.29716
0.189054
-0.112362
-0.0353618
0.664054
0.288052
0.669555
0.0337901
0.729192
0.142458
0.0820662
-0.326596
-0.376834
-0.470691
-0.148956
0.467431
-0.0717889
0.0492581
0.383366
-0.0659477
0.157294
0.290522
0.988699
-0.215223
-0.252572
0.603319
-0.347753
-0.526509
0.285706
-0.0830963
2.93401
1.07823
-0.534582
-0.447036
1.99659
-0.112055
-0.281811
0.164635
1.1551
0.939923
0.114145
-0.269617
0.116565
-0.195796
1.27305
2.27926
-0.0261505
-0.134297
-0.45312
0.357143
1.0059
1.01161
0.348865
0.555737
0.247115
0.491847
0.524537
0.328515
0.633573
1.66112
0.571341
0.11165
-0.0624145
0.207023
0.435717
-0.0585414
0.124994
0.905998
1.046
2.2754
1.9852
1.00779
0.2307
0.222205
2.97995
1.72267
0.448477
0.161432
-0.0508912
0.275858
-0.0308519
0.0364678
0.180762
0.75794
0.485914
0.286687
1.47495
0.125686
0.327053
-0.262526
-0.253593
-0.395387
0.195348
0.104047
-0.500286
1.18147
0.905532
0.680224
0.0627709
0.701847
0.631492
-0.247743
-0.0592058
-0.532221
2.04626
0.621906
1.96699
-0.405002
-0.470778
-0.45996
-0.565782
-0.237725
-0.400748
0.3314
1.23178
0.165476
0.0721245
-0.0783403
-0.166257
-0.346751
0.178313
-0.16846
0.341406
-0.25147
0.377842
0.970777
-0.205604
-0.331879
0.00227871
0.219127
-0.252535
-0.557296
0.309991
-0.213487
-0.554938
-0.193275
0.718852
0.918637
0.0301806
0.0276319
0.814627
-0.205714
0.261173
0.441046
0.0161362
-0.125759
-0.106537
-0.366827
0.28707
1.0006
0.978651
0.284545
0.686081
0.84243
0.312446
0.707972
0.0543209
0.251958
0.506659
1.1838
0.899271
0.516395
0.48544
0.635492
0.153432
-0.19878
0.0300712
-0.0306906
0.0967679
0.459228
0.46848
1.65821
1.65903
5.401
1.07154
-0.27915
0.0346173
0.492401
2.97463
0.369211
0.312614
1.01072
0.875977
0.330602
0.390336
0.418155
0.670474
0.240369
1.86375
1.64407
0.322384
1.00887
2.98154
1.9768
0.94926
0.766669
1.32674
0.167835
0.252767
0.914203
0.0837939
0.576445
1.34177
0.693052
-0.147211
0.155705
-0.142342
-0.0887286
0.247055
0.136432
0.944619
1.19397
-0.16826
-0.0151294
0.290092
-0.370416
-0.144492
0.157971
0.103563
0.291253
0.291875
0.215396
1.78308
1.09482
0.362429
-0.155121
0.361221
0.0187491
-0.239427
0.733264
1.96639
0.148576
0.777088
0.713939
0.122667
0.582247
1.95526
0.0926395
-0.311589
1.89759
2.9862
2.17188
0.867698
2.68724
0.788593
2.24304
0.34034
-0.110436
0.41213
-0.383193
-0.442897
-0.125271
-0.191288
0.799655
-0.494912
1.32406
1.64493
0.341069
-0.330909
-0.285033
0.078362
0.367626
-0.0783913
0.0478656
-0.242962
-0.231221
0.056163
0.0047851
0.370377
3.90461
2.33725
0.474425
0.393015
0.216373
0.756842
0.219262
0.236391
0.303207
0.291746
0.60292
1.46179
0.612097
2.42121
0.804254
0.281299
1.55026
1.23871
-0.0759147
0.65964
-0.0553024
0.833344
0.100784
-0.539323
0.926394
-0.518181
-0.570875
0.287598
1.72021
0.877559
1.98767
2.59271
0.00395501
0.540167
-0.235805
-0.117542
0.895001
-0.132692
-0.514377
-0.455692
0.0819097
1.5155
1.03077
1.60053
1.2674
-0.587154
0.643497
-0.00402631
2.01171
2.02402
2.59399
2.28383
2.0622
1.89317
1.68632
2.24023
0.43738
1.26758
0.656731
1.63558
0.0407945
0.797784
0.0491262
0.0157127
0.802946
-0.200147
-0.156754
0.116538
0.498687
0.803493
0.0958922
0.684275
2.00249
0.328931
-0.266469
-0.246635
0.447377
2.36892
2.49013
1.93957
0.460587
2.54848
0.916749
1.78915
0.0151614
0.479351
0.938963
0.00930459
1.62832
0.411002
2.19684
5.57519
2.26042
0.153829
