546
-0.5688761734032718
-0.6700461566680449
2.1084124863691533
-1.0840316777247863
-1.1148957963441875
2.7014765416609223
3.081224143294393
3.1907313028091924
0.3318496276009094
-0.2279933740547883
0.13384727883164407
0.30725189764884026
-0.9701219228468453
1.406559995443275
-0.8530980807547297
-1.0065578062297358
-0.9825399285200188
0.09164258272457637
-0.34303494109040444
0.1989208908294244
-0.7546610272129353
-0.8228893566815497
-0.8879788974552065
-1.3926969766575816
0.06590444043378182
-1.4579638068202132
-1.3166765169954078
-1.3941011168271134
-1.3047099334221137
-1.0084315426093675
-0.6732057988761994
-0.6791929168455
0.02059229083212726
-0.6023247520990305
0.28256195898537495
-0.6572749746119441
-0.16215750517818492
-0.2668992419282326
-0.9314521560578237
-1.000632648630706
1.2825151109087758
0.8518841842280239
0.37721424795303354
-0.4938495896729183
-0.8937069651557007
-0.7299779736275102
-0.267420543201946
-0.8925387752624987
-0.7806298475269404
-0.860153204499143
0.595612004243214
1.365463064701504
0.9905854257445149
-0.4158172657380226
-0.842340895608129
-0.36919448787305453
-1.002678756808585
-0.2596328646730084
-0.6302465985146543
-0.7687070814266672
-0.34269414594444697
-0.4002257939470922
-0.48300990267596894
-0.898196613889981
-0.31679922133527516
0.05984820764015484
1.0198909783269583
0.3661830709285032
-0.9135135011108245
0.9282814960561928
-0.5261846850500899
-0.6363369468787906
-0.001174549090710526
0.05352305873799005
-0.1154280318525067
-0.20417409296872877
0.20093656223860368
0.609716363734981
0.3343172102270583
-0.5917112213834499
0.6519333620514527
0.23325314210843234
0.04481797182171517
0.7983859315593229
1.2685609023850626
1.1614588288843344
0.38197786122586697
-0.3697680542221039
0.5074501254041235
1.4133896811436462
0.17612688390585726
2.138607573920154
1.3734895895625654
0.6591434379732977
2.354172265608771
2.0266274714807615
2.8348514498888484
1.9472758812229882
1.5571251546544542
0.9226411819309461
1.1621312428119681
-0.32418749843103295
1.7199094559445043
3.645496408544575
3.338603401199411
3.2639050952463458
1.5927660627588174
1.8609261642193284
0.7768560577760335
1.122740387585292
1.3164943238907876
2.531833852135566
0.18601362197481294
-0.6858410158881728
2.016932550255218
1.2894728022834805
0.2710983772324814
0.6075581665628409
0.2854544410164666
0.37003720357576886
0.7657886141701139
0.7069740302779075
0.4171002072490462
-0.6779127101441456
-0.0698234028963396
-0.5965046813341498
-0.24206005563834224
0.09574692500672344
0.3834158073509659
0.38402356711017266
-0.05551723059759537
0.19920243181424335
-0.6868897940593756
-0.7351889397589528
-0.9300694401831483
-0.5324398401447218
-1.0403799709954302
-0.7997651405656606
-0.7929614894397927
-1.1013160514792024
-0.9253387924866804
-0.7453864787332595
0.12738262736331876
0.17801810643455954
0.6682197100153148
0.4549369401800877
-0.6701282629793133
0.0019876467192249943
-0.0930277709642602
-0.3867045014365158
0.17430332958391515
-0.3065384077809702
-0.4150347707697778
-0.6709027338979414
-0.9342530460465768
-0.637550083852372
0.20779253864351793
-1.41466886906994
0.09619525078431036
-0.5138765973863518
-1.048671549350242
-1.3303804165402753
-1.3599796171148693
-0.9754197655919336
-0.9008949891491267
-0.5732935937210363
-0.9474006382775142
-0.9028217322684683
-1.2540440793392396
-0.59071810861271
-0.17981746208546723
-0.8068047753482087
-0.6855054014505753
-0.4908022373581708
-0.2847121348653343
-0.703106102826242
-0.6763947627314758
-0.5903832882582352
2.8878878019335636
-1.1693887293677223
2.363691598370906
2.000107386125811
0.26486039813867174
-0.03992134193799415
0.08961511505234838
-0.9585890519641533
-0.8594473094511249
-1.1158517815828854
-0.09722880207256417
-0.4274018070663982
-0.4201682954095823
-0.5154513227008316
-1.135154917485354
-1.192465588212287
-0.9293150147260297
-0.7099282591126785
-0.6401589091305414
-0.8559124665749217
-1.1300386383338699
0.542023893348644
0.1877708759900235
-0.4380214561094935
0.6292626118109169
-0.4853691978233426
-0.7009260250078608
-0.429046025025021
-0.7432771341360966
-0.5828566148693735
-0.6015831659491685
-0.6636085439714082
-0.5192849301325531
0.3709851764283005
0.6767744779429378
0.4996423673572327
0.5519196508729528
-0.6461819286731157
-0.7937140846717531
-0.7146056357029739
-0.6465535936866031
-0.4956982324697709
-0.6785353779187222
-0.6249130139219559
-0.5595999542956862
-0.3843578448528025
0.1528252318930437
-0.4222303260628821
0.20197155796542257
0.716290598291398
0.9678084985714112
0.9890639710766023
-0.3324339684571669
-0.4303097616606347
-0.23392431738894853
-0.25875075369963174
-0.0285987286941424
-0.06779110431951084
-0.04260418622331248
-0.24130682898603045
-0.594144557165927
-0.36490868081264516
-0.5788646942632237
-0.3884625215707668
-0.6532879760161735
-0.614062067167016
2.3037505634943374
2.3058690331597127
-0.3454371302325624
3.297565739176794
1.7524175004045979
1.2408880753295535
0.7150747779538141
-0.2574395015629994
-0.15379598004411824
-0.07408400263139488
-0.11607857350702765
0.21305262746516648
0.07936794924119343
-0.18846332838118388
0.09614586310147377
0.3018044180967235
0.6170088480458191
0.7146029260419337
0.968670928422457
0.5405355751769003
0.685651455762827
1.0678036262096235
1.3632423064935086
0.8384828579884294
0.0805563528308393
0.43321245964028654
1.0455615620014875
1.8168072900784495
1.777177219166995
1.3559476505119916
0.140931197865558
0.024494768942984625
0.42823682374776334
0.04934784513764405
-0.009637738675041916
-0.26822885030144855
-0.06766298730141078
-0.049213718891674356
-0.027346710717678732
-0.3294341262016265
3.4703800175443957
4.275089416911081
4.373014675110837
1.5315182805258811
0.037325883828564395
-0.5546758593669339
-0.0901636594772318
-0.7652337210346535
0.14618241810185784
-0.25139346379137767
0.37673488591120374
-0.9315710469008991
-0.9202722719345053
-1.076279219010461
-0.9353492465540258
-0.8342111938818423
-0.04633936515109061
-0.9453253059299558
-0.7603994506499786
-0.5590769824791229
-0.7925131361331638
-0.13083849400280648
-0.5681234227108153
-0.25412732356708717
-0.6124528400910646
-0.19486434577442532
-0.25947270091422553
-0.32500155298179206
-0.8574758033914927
0.025863043994961508
-0.6300753394965711
-0.6255744809313233
-0.8566531690992951
0.4348180431112436
0.865977654925624
1.318087000951269
0.41224997458320595
-0.10406266255132171
-0.8955070758412468
-0.41100076825731263
-0.9646466693260025
-0.9194664965338946
-0.6649134183723433
-0.7858727479751237
-0.9668867904225299
-0.6843165996686122
-0.6348103232906179
-0.7855973233856882
-0.6543730074649778
-0.1294331821644082
-0.14455214631961452
-0.4305453125465522
-0.219912462223159
0.007125973661802661
0.6124389495550834
0.3069902193538802
0.4262112141066837
0.9197820548002412
0.5876382440095955
0.24351525569420282
-0.518963471863076
-0.5242088072166514
-0.12777501455259724
-0.9391572377819817
-0.7136822205328701
-0.5996459955510569
-0.6219988472739019
-0.5327760506439194
-0.2396860119704395
-0.13655604764220522
0.13795840781974186
-0.044805197580972796
2.1426571000595453
-0.6229019569715313
2.0012283634756636
2.2773463638394467
0.2228595393951177
-0.15841121703943525
-0.29985590316161886
-0.6934396687642176
-0.42429477530682247
0.039078159675688146
0.5148740112237381
0.5069828954259239
-0.8059481997983581
1.4670519709728227
0.5799835726159208
0.7949956085193854
-0.6559361555673348
-0.9511034252982047
-0.22473391988659622
-0.18673994202054786
0.4468044911108091
0.10145624314857346
-0.11486792057301684
-0.8296384572589809
-0.03212882153185997
0.15134616160598235
-0.08193808514894359
-0.4396363527829682
-0.5957171301391452
-0.4512209999405505
-0.3850574468828499
0.3869881312715384
2.876869286773349
1.9009360426593798
-0.7737480923685323
1.9493049281283616
-0.9259513030169564
-0.8470645310852724
-0.9279666734178152
-0.89088362721095
-0.8039701023895879
-0.4641540497151589
-0.14070667000999604
-0.3025784130906544
-0.0771327039785315
-0.6053974153554961
-0.4909566628592291
-0.46258748628380847
-0.8121375465738483
-0.7340497939254733
-0.8103416217111447
-0.1452667229532805
-0.04837527178286311
-0.13589061138806752
-0.6233778862413701
0.26707546855871206
-0.09821575959645197
0.20114853380857928
0.25151006857134395
2.8536444359387643
2.1644064161717624
2.149453918279832
-0.7075211148269893
-1.1368525216419805
-1.0659779624021866
-1.2256973931591997
-0.9441948836783162
-0.7271760693626211
-1.3039604333726984
-0.5599090716978528
-0.7878189501088521
0.8787475513618974
0.463484052973067
0.9270131910286956
-0.4528192836770979
-0.863381232669687
-1.3048530767240802
-1.177812190556562
-0.7156709376751558
-0.8426417724124022
-0.7888535341424514
-0.7324174517540728
-0.9560867611443521
-0.9514824475976773
0.2990582467950643
0.8670484334133027
1.2833865062186602
0.4123440160470187
-0.8602889788906564
-0.8931967395965763
-0.8034543462139947
-1.0152020599015783
-1.175872548087385
-1.2138583292154528
-1.0414657752139596
-0.776974471891413
-0.18892675359179478
-0.3106182391789711
-0.3918208354114746
-0.19460689306247797
-0.6453453420205794
-0.40135805235239996
0.16559607798160858
2.26414205897367
2.4133589821712076
2.2670361859197996
-0.0799721227317514
-0.5550713700162831
-0.8240503403543645
-0.4516886087208416
-0.4637525277931439
-0.25456797786579577
0.3594874371975386
-0.4303105226286533
-0.46663363525576934
0.5512501327166238
1.039470964335153
0.9537661557630832
0.2747613363452506
-0.6147150089155898
-0.9577052144804505
-0.6169213691862101
-0.24944862409079768
0.1387204171399689
0.5256428536433126
-0.2959795504490456
-0.07924327612207141
0.3204577722961434
-0.3775923985129242
0.28850774419749
-0.057385434483942885
0.19794682399111974
-0.39362388895714967
-0.75104405804034
-0.08213341245130906
0.08810731926513732
-0.16382603626015607
0.22183060815369157
0.028683449830464638
0.062107404763593166
-0.09233076206968616
-0.7644957999782311
0.002232813246106077
-0.08407221085455414
1.2566944436937628
0.6190320800032869
-0.7597973601307408
0.631116130614929
-0.15581167691413556
-0.04043746130356364
-0.29614327620342107
-0.13194778455400552
-0.1496870758529925
-0.42043868931099077
0.20120063717306616
-0.028666801183835796
-0.6520480724618196
-0.871730129399449
-0.7256342655544263
-0.3409778766606722
3.1319013753744365
2.943962243788291
2.286338836345855
-0.6239406974387028
-1.2460789348238992
-1.3995060043542282
-1.0792843413335729
-1.1813878184118927
-0.6167325226361596
-0.9391960202312962
-1.1096970011716754
-0.8006887743804866
-0.7687317447019499
-1.0510206082844635
-0.557839873097512
-0.23996020303985824
-0.30638540534873465
0.11324377471397612
1.2841433293424347
2.377516944229031
1.6392703130354793
1.8558347863795666
1.863299222019696
-0.033107244629046434
0.11870603621139654
-0.0772016704754107
-0.001809973777987883
0.0749410162552672
-0.9071094606564404
-0.9289039882938882
