182
0.437894775775936
2.7436232003222143
-0.623511139241918
-0.5045266941530197
-1.0100788313867426
-0.18129569150334285
-0.4470801622101906
0.6010701536790234
-0.554293786026119
-1.0437535118838492
-0.4738843215194844
0.652412957440395
0.6309146189841209
-0.32206654339474255
-1.1264455605045578
-0.5956239261187446
0.3554035464712444
0.2688824617046617
-0.20525984074846987
1.7762630391013374
-0.08719927394196386
-0.9155514193378591
-0.5623174612862029
2.9236453891404994
1.3114426765890967
-0.9436127180315864
-0.3537992626518654
-0.24579229040386275
0.4377707867398766
1.601108958580041
-0.3812776376510292
-0.2656794032025027
-0.8098535988128649
-0.5893594032447386
2.3149386272882904
0.5503687182395025
1.3818183656260947
0.3122800676639528
-1.101245181253004
-1.0259380721871927
-0.8896439563259503
0.3865786514111474
2.5665274107172817
0.46527013248199683
-0.7570108253568217
-1.038583313709625
1.0819324771446979
1.669228661664823
0.055469691464274856
-1.2847928513717946
-0.812884647125715
0.4942243181521219
0.3434806635109772
0.14018555795276266
-0.16658433799285527
-0.8802569235635134
0.8410479913475086
-0.6470596482172041
-0.5987309605993462
0.1226516963884023
1.8380160647427954
-0.48767898230310514
0.4123047036834941
-1.0960635899136517
-0.3582742089533516
0.8902962219430777
-0.49973870305639484
-1.0310559183248948
-1.1468094944570073
-0.6308349365104606
1.276804475303904
0.6236220133519733
-0.8009504754697411
-1.1896355337162847
-0.15687702980793503
-0.047839893324762114
-0.35978055444947044
-0.962261564475063
-0.5241338118651552
-0.40701194614722935
0.05814439470040006
2.3053642324093815
-0.04211664474024981
-0.8935294768749787
2.551794843544269
-0.43790357792416457
-0.5890595126385713
-0.8261676551984874
-0.5030183293587185
-0.9223234399366317
-0.6308010430245765
-0.3531744507051669
1.3263434962103877
-0.2741958929617575
-0.4657849191276412
0.5588400181603662
-1.3237212448623483
-0.14006007702683138
1.351535915237896
0.40267401273381986
-0.041021259574797096
2.299752777241199
0.9695098365334566
-1.067658918140611
-1.2204677386545109
0.2966454753942764
0.8458076275625704
-0.4002681382519812
-0.18142983117567818
-0.38403338145400306
-0.8111819239861894
0.4813515399413692
0.498519467119782
-0.3552487363890554
-0.5151553533595307
0.051806579278752034
-0.6194143637189437
-0.8783915596808315
-0.5774399091016044
-0.12374650381803966
-0.7256207054531052
0.22182087212817647
-1.1681979545493142
-0.8921057460888396
1.6772016443435838
0.929042369899338
0.017582298535714108
2.7975715455694488
0.21247018529025025
-0.15162423842635137
-0.41289410427752243
-0.29399266107513883
-0.43396089144022265
0.3832768542626289
0.2630537382507809
-0.6768122697573618
-1.0057875595268602
1.713741925537714
-0.31772919794270205
-0.11230569946683036
-0.5983547091302837
2.5114434489189423
0.22752097282623485
0.6611756264049365
0.1765922926145328
-0.19074167145342114
-0.7504644796362042
-0.1946246131529302
0.7730568619469974
0.008620638484403078
0.10692155813839303
-0.3941404199032469
1.4032543944052684
-0.4547460924257966
-0.6023132689899972
-1.2280299411388285
2.236369417566307
-0.016074817146261723
-1.1405494946839219
-0.2848153933637039
-0.07261894933684396
-0.6720833929776323
-0.37700867973195457
-1.4023053931043326
0.5906091514114201
-0.7024438229254453
-0.7213233674130679
0.42737668211809376
-1.033476904296594
3.306235336794244
-0.5495467486892265
-0.8773048667193345
-1.2418286064659525
-1.0109895885143154
-0.5780464455298016
1.8650820836331758
-0.6560144657573314
-0.1968434526668176
-1.1810406844557662
2.327394971581266
-0.251884147629478
-1.0510849966754243
