182
0.3895774096248136
0.5028475060518217
0.02950979758231034
-1.02225250596899
-0.1553629499348807
-0.6244173140884597
3.121530150370415
-0.6879875068155661
0.38025076614409004
-0.895487224787287
-0.3103531984918302
-0.4037055014651693
0.20547763741360262
3.0948057679495617
-0.3294490859549097
-0.9752149008612475
2.788459598919316
-0.8838094914566101
0.5141626306896531
-0.12937517068385776
-0.9783073489228252
1.0192485093748478
-0.6762459443016565
1.2089283295011364
2.3308772930907
-0.9717029947649751
0.4965243567207633
-0.5086719975522525
-0.9340043023491703
0.77013791023996
0.8676781471636121
-0.7330773382057562
-0.6764128694099998
0.5300090938866885
2.8881578817091333
2.293225946626059
-0.2805086107837836
-1.0176824876988801
-0.7638900937606976
-0.4356701106306759
-0.07421422810510953
-0.5616090608488332
0.09971593898080751
3.7574053964941174
-0.15305983535445078
-0.7088368826868918
0.32680638120002087
0.2973288504963654
-0.911128856006362
-0.3266621280483139
0.9251122900567751
-0.49716526161227786
1.947649547037817
-1.0078950717833193
-0.32942165888514
-0.5759295482884773
-0.27027384463058685
0.30551412386279303
-0.5119662068284875
4.316760661941079
-0.8758795507890184
-0.783242515971707
-0.5954221020638324
-0.1399515064607808
-0.7250062187414378
-0.03746927322288259
-0.5381416304703425
-0.6584309349929608
-0.5639118867682589
-0.6263819788659533
2.824672499848478
0.5493456013588975
-0.8847355158999296
-0.4003542881326353
-0.7826787948554277
0.9546177799573043
0.1419021587902699
-0.12259593777694779
-0.964888645394075
-0.9133284808623758
-0.6016937269660729
0.8436878429602535
0.3431286248038065
-0.5258689750467838
1.4762572981126971
-0.06401978846682993
0.1378521732181149
1.7180455119098212
1.477486015904837
-0.1877003989183647
-1.0561252575336528
0.614745753160178
0.9018477105636287
-0.7218641841357246
-1.198909762999779
2.7763400015649933
-1.0036133920753088
-0.02794231533832981
0.8113020859389795
0.7186672488040077
-0.34939410769760887
-0.6247416891726562
0.7973360356112638
-0.9575263315411559
-0.8041987721594508
-0.33643605943449467
-0.22760535292895967
0.12807763202808908
-1.1203613607489027
-1.106189680729254
0.3021638490052897
0.5200115119477741
-0.9004544054161184
1.5341253385783475
-0.4445810132403525
-0.7557436895653512
-0.015297527592214014
0.5569655912515633
0.06159155917842008
-0.1079366805050018
-0.6728007479447066
-0.8568335200244493
-0.4316925013629724
0.3083393958137861
-0.981563535141259
0.8950383622394343
-0.7411457097938413
0.05281101413083759
-0.8963848263754485
-0.5271169993614895
0.16587159093304749
-0.8448597435718611
-0.4077405680751757
1.6461440703367012
-0.9052569031176106
-0.7511818661348634
0.08325706530577179
-0.37429176652146745
-0.4678999504737551
-0.0350946196428224
-0.3859628139393969
1.657209468203076
-0.47261822290015243
-0.7283089030542078
1.8449429851151997
-0.6642161734017531
-0.8820552847750116
-0.7253929302966795
0.5898458539336393
-0.15606681362301905
-0.9295388740758241
0.17316319401443925
0.46511682255783693
-0.7346926241946523
-0.10344161178537885
-0.3174731127620855
0.29262216821429715
0.7206296877001362
-0.26499262991436323
-0.6346724118826268
-0.40492668600770554
-0.1174103477647192
-0.6649006953504428
0.4537384055986162
-0.09331939302580959
0.17495758572317338
-0.41491512358303995
0.19323605550817802
-1.0007885917206611
-1.111033356447353
-0.4821823987174581
-0.48067987868106277
0.4119501561703784
-0.31321617107098654
-0.6594825723823031
0.1635493970185609
-0.9043212839757573
-0.714240288389225
0.1461359809165568
0.6500193247052235
-0.34779373070701597
-0.01156888434506321
