546
0.8144716450674873
-0.06996223005864574
3.7586953535085033
-0.31413047041088904
0.17509629798808113
2.1437370660826898
0.5079282175129736
-0.21973735792651738
0.4449217983291065
0.3322492501727615
1.9246041693675826
2.2729106434071724
2.491040081086901
1.4989531139733585
-0.4705636298519362
-0.8264215407195908
-0.7856481954414583
1.8774997888962275
2.0462722541196485
1.6385648986050327
-0.8256262083523869
-1.0136428904025128
-0.2513806928299657
-0.5256138787433504
-0.5345226035258038
-0.20047042007565352
-0.5769429235675482
-0.9294762626099146
-1.272650032080865
-0.10746311409114616
1.7124667354972605
2.130521840605449
-0.41733896920482405
0.17965053287309543
1.136808039028128
-0.9368331806516035
1.5642609951896753
0.7245471742971772
-0.3921667230350853
-0.9024052436883971
-0.9940234225173098
-1.2208878940939627
-1.1979046892801133
-0.8800324796096278
-0.5551477394310764
-0.5166872009062937
-0.9465854095800686
-0.5188550006975505
-0.8235186317013924
-0.5205538934447993
0.6998636505401339
2.3124141520327113
3.3236357916355677
1.3603504571937606
0.34428064323823554
1.857992512462605
-0.39606765752591033
-1.155050207047835
-0.30973153746833026
0.18078504513166635
-0.10734743476347525
0.17017030386688448
-0.5828206132937378
-1.4027233933001948
-0.9218053408613937
-1.0595286476345218
0.09999881400776929
0.20236449054929606
-1.2957037724354408
0.6089486216556419
0.889611271692378
-0.19412273178165584
0.5368528028881824
0.09531391399721305
0.41818201830347146
-0.6452621891659359
-0.7180112521494242
-0.681475955669011
-0.5593449820667714
-1.4619652824306035
-0.18831288866137696
-0.6270970139804187
-0.19158406021646743
-0.3642266120664128
-0.08131012566330571
1.2457718039974863
1.301076056803253
0.034678346559539885
-0.360237053047215
-0.6217756779199427
-1.3508059095356317
-0.5175291303452665
-0.2839369807811436
-0.7877352552309993
-0.7358572506555271
0.3115423778729569
0.6234171884753961
-0.30681151328237455
0.6701761273535608
-0.5499428544087609
1.0872814662697547
-1.015717560837191
0.2867106439179735
-0.602396066433046
1.7120782591627188
3.7089027086709834
2.851925111539927
-0.4576989417963393
0.8639003564624907
-0.2868962073888022
-0.737805360078747
-0.7977261652931681
-0.34322444218250614
-0.546969307815804
-1.2548757814801061
-1.2908456055495414
-1.3163303922746532
-0.6313191908123909
-0.0010888639164454664
1.022795846187842
-0.5002965487188225
-0.32049410753172203
0.3085134714352532
0.6184937444677584
0.5941084516524333
-0.1851457348379616
-0.038437953082441155
0.2418360919722554
2.4687034611985696
2.448371234105256
3.3176622168121987
2.062285239173477
0.2593003356192861
0.2938656076786885
-0.8767055536718591
0.4271524375077501
-1.1596891611423086
-0.9686658128021218
-0.17314742207082115
0.738538396483473
2.4217403503246238
0.22457902390430734
-0.6825673723295885
-0.37717298257841764
-0.5268684314085811
0.04012266565755378
-0.07965080038864684
-0.2668164711323191
-0.3741196218035274
-1.197909207155732
-1.1030669220220382
-1.1244491891623132
-0.8195943731234385
-0.7221578317542984
0.37879867395871447
0.7128350577710332
1.3040374305510716
-0.5250465924156047
0.25338328474062816
0.05445579271659023
-0.27826393262120747
-0.29086581314709714
0.33071174804391645
-0.21212771871904137
-0.3526285454009506
-0.5154294346379047
-0.7969885175416419
-0.4739094440102842
-1.1528282724722403
-0.1044211279671876
0.24882974426364526
-0.3027615399088749
-1.2042295226758857
-1.43209106064142
-1.3386181528143468
-0.7459134791461196
-0.1907085866374624
1.8280230866485312
2.2024793931185975
0.3142624961450732
4.712172239650858
3.2760266604403334
1.8516648492490007
-0.3718938291518316
-1.1930848035311106
-1.4241755365909805
-1.510007563309261
-1.4935089816648635
-1.3577454770782338
-1.0128828124736677
1.1746082753825438
-0.9940290626045258
-0.6912195607386226
-0.06743619857939934
0.1686138304318717
-0.04463802108857158
-0.15344867297318054
-0.8201034767841362
-0.7410176317807274
-0.597082264536492
-0.18682948694125634
0.7966493723368451
-0.4311753256337808
-0.46177807420666783
-0.6739093531117452
-0.12513427772961314
-0.2942236514923506
0.8528397932916737
1.1415815594971834
0.5362986014316633
-0.5880431204409596
0.33948809252919965
0.8904579856291125
-0.042625643547060124
-0.4894610056100434
-0.6139100206385846
-1.2784557244403953
-1.200122851816094
-1.0644555427534608
-0.6572352906835823
-0.690003857455594
-0.42029530055739167
-0.387391340766983
-0.5553376773489839
1.0662079097239976
-0.4670481918666208
-0.40621548784415307
1.234525896817994
0.7822124911071933
0.15033748021502538
0.14061758619708378
-1.0740033284892148
-1.436733792384429
-0.4679412437065451
-0.13337053493898535
0.39818611510622265
0.8463623871352028
-0.80271421609381
-0.7563323317268302
0.899780786981077
0.02759076791303666
-0.35763475337953565
1.6880480316971274
3.566857720471711
2.2003738076798505
-0.03871649401366507
-1.1061773904215209
-0.3923762236014882
-0.9087355507899546
-1.114945378232186
-1.0015800746023442
-0.9457404679762141
-1.102587161598153
-1.1431712955880757
-1.4970254549806528
-0.6509997516739947
0.9021419997056028
-0.971953431927009
0.4562814577214928
0.2156401158921168
0.23682364782885723
0.42322288333487273
-0.16243990998157642
-0.525158527150951
-0.8255528450215893
-0.7507735377861549
-0.6450635983313425
-0.48388802822034216
-0.716183432683044
-0.4389870977335182
-0.7167491571377818
0.5397139674092063
1.0411015393048024
0.013573652818940284
1.4010933067973135
0.22798086593670266
-0.011165689553122271
-0.9649306374960034
-0.9649263051766502
-0.9276374049656867
-0.7783172739235702
-0.8077251585769142
-0.7383842657570169
-1.1399167987514796
-0.945066924887139
-0.8670911812131432
1.5049994931042634
-0.12667897246626109
0.0037062294729788637
1.1230874870342868
-0.3310348627577537
-0.1588123508863376
0.4205645745866334
0.08096466192036586
-0.31149326539578615
-0.9716547979260106
1.6649311883697848
2.182667077693592
1.6729946598770558
-0.9844584642603742
-0.44220642732281995
-0.12823954919062824
-0.11594118557631314
-0.02295999554818792
-1.3086668507312367
-0.29252369464544686
0.09360037625218032
-0.4130302759770966
-0.67022335100142
-0.8013470483223419
0.6078029058251307
0.5127261850113695
0.5496019644506931
0.10229017939307694
-0.7661027819593579
-0.9633425227080507
-0.32026427543636315
1.4162531054411265
0.85436057546708
-0.534798449448433
-0.24999114785212437
-0.682608569832793
-0.4277125421582323
-0.5594775768246688
-0.8227917076259537
-0.6906180927961696
-1.0260407996632406
-0.9335153809240477
-0.5122660027421265
-0.6061240228777764
0.022894023011841638
-0.30427642734747523
-0.14412919268454266
0.36687113334998706
0.11142842487724218
0.5782281478993387
0.3482573463888448
-0.41619679109441465
-0.25684874606051983
-0.2966240756174925
-0.19974761736618202
-0.31087462802352395
-0.16577020863094266
-0.4056425462465951
-0.4603505182625465
1.1081973175724864
0.14925707314670783
0.4132804239085073
-0.5263540126380094
-0.9069759939209696
-0.3469681372406017
-0.18349915861012842
-0.6012630315001201
-0.5109318262366493
-0.3515546488065461
-0.469045746041378
0.5698864245221286
-0.5235675272444853
0.6299407852233782
-0.04396036987034352
-0.017980352345270026
-0.5411935647488629
0.13383638672563725
-0.5014483292965489
0.0027238703607063183
0.673867678220032
1.144036187783525
2.6180512251578185
-0.7776289446475384
2.148001905366924
0.45896707877929094
0.5930381888002411
-0.24131717073270942
-0.6392808240074158
-1.1280510301300046
-0.9515417083261306
-0.8742946238167716
-0.3785247166597335
-0.40388480642320346
-1.404806914989518
-0.9996073350913912
-0.7471657256377188
1.2753574041059026
0.9559790071560152
1.8438896477029159
1.202160263436743
0.07488462432381811
0.8498671769185805
3.661429906401778
1.5984942382447718
-0.542066492441072
0.896494336876862
-0.3712441371449425
0.44300338309588394
-0.001214919010012227
-0.2579031153654315
-0.4570946484258705
-0.7919177644720481
-0.7165880787217553
-0.541794467150461
0.060768555588747095
-0.859242186127046
-0.35248466705933246
0.1337579089115258
-0.9427980165453606
-1.0235207829258663
-0.7902622397633511
-0.6426569739380711
-0.18108801290113719
-0.09075320398626086
-0.8895383064983674
0.3388291520862078
-0.6195263923293544
1.2858939755558303
0.7261014702951368
0.3860093468672589
0.47691192178382913
-0.012370649888456242
-0.1478969466796611
-0.4974734398214471
-0.8761523169356233
-0.7619520525195546
-0.4879689905746473
-0.26541239848531595
-0.2923327886776087
-0.4262277053375112
-0.4826245247540871
3.2502153134838707
1.2910306950632557
0.9417624686298918
0.5376578266432024
-0.5738312097557571
-0.9607587528372932
-1.3574511630020263
-0.1736184482541859
-0.5165037649298111
0.30660183936483154
0.5301616553064273
-0.4326186372085152
-0.2890839033075641
0.15928091147687362
-0.3282772693238123
-0.025434919163234104
-0.1347655048903653
-0.053375067321981925
0.764893213150403
-0.0760755160541977
0.5183663502903966
0.31500786372379924
-0.3347769779955962
-0.759474780007513
0.7578861132290362
0.45282391177913844
0.6052857086233114
0.08733456001847545
-0.709172032262715
-0.7873046776019509
-0.015305702946317544
-0.47211291801487487
-0.597895473610807
-0.4426786134304272
-0.5483024279866483
-0.4523871986181616
-0.6653923783855735
-0.7791037871346388
-1.2468109606904108
-1.0128688522110025
-0.7942972571642763
-0.38694565134977366
1.7883301716492919
1.8497709595520433
2.600530314863382
1.1983099240386357
0.023989931651993177
0.31559716277599686
0.26246021697854394
-0.15652812441343605
1.2854880837681644
-0.3226270856823793
0.10266509980392975
1.5736830452754977
0.8607389941250967
0.5350062148913923
0.6226327061418354
0.2714621750157178
-0.24840134431633562
0.46536181738849086
0.08070737133484684
0.062035017836872576
-0.07082847439891368
0.2316988914288981
0.22793741843480606
-0.403453849693514
-0.10595796721788087
-0.8382907668904969
1.9171408912034822
1.051195014371896
-0.4653714357577411
-0.4543986958659373
-0.504465755935552
-0.12458910714189213
-0.38551822633259725
1.8809038490296435
-0.12310149380070727
0.08630078868094848
-0.49288680504856164
0.18832455223536784
-0.9093709531523708
-0.3841411584459881
1.5518720174816767
4.208031871471904
2.6791774529105554
0.4008702290380298
-0.4905871562892693
-0.05402312623511285
-0.9665476501226168
-0.7247791486226487
-0.595233769240168
-0.5528421633528586
-0.867036929700327
-1.207097868948815
-0.7859851847932465
-0.5792229210228722
-0.05273279203735129
0.4094136536321927
-0.15201365343848697
-0.06541492543581033
-0.47545325684120443
-0.198765871086005
-0.29199960788661633
0.39979979206413135
-0.17473073774971754
1.076462358385464
-0.5093220613102314
-0.47482553484824275
3.2656824532125777
-0.6515806350568507
-0.6094652779278859
-0.3647106454488121
-0.18227336702447064
-0.4903747508975473
0.8713167526604487
0.028355384403711117
-0.17608768284497517
-0.28656159337469334
-0.3059124263433435
