182
0.564467
0.745125
-0.644682
-0.84787
-0.341667
-0.763314
0.110853
-0.344094
-0.283705
-0.487084
0.515963
-0.48586
-0.532664
-0.121508
-0.615616
0.383323
-0.15542
-0.175654
0.447027
0.0456151
0.322468
-0.181961
0.947402
3.61576
0.513829
-0.0862157
2.35171
0.154767
-0.291354
1.32753
1.94466
1.30444
0.985169
-0.254261
0.668865
2.88602
-0.056126
-0.0320032
0.63807
-0.465742
-0.738283
0.919246
0.486831
0.44065
1.18996
0.791325
1.18955
1.55161
2.17922
2.03201
1.59162
0.059188
-0.87923
1.11545
1.1378
-0.149554
-0.268173
0.389341
-0.50057
2.57835
0.305778
0.296904
0.632754
1.70638
1.37295
-0.52827
0.190681
0.437129
-0.0426255
1.42115
1.90658
-0.269411
0.604112
-0.491606
1.44005
0.804363
1.72004
2.51718
1.953
2.70986
0.905796
0.836013
0.69395
-0.471476
0.466029
1.16178
-0.0171228
2.42187
1.81953
1.08617
-0.40367
1.51169
4.11916
-0.0928646
0.39977
-0.476583
0.395321
1.50828
0.423191
0.921787
0.280613
0.447454
-0.204496
0.340753
0.615565
1.67172
2.63854
1.07931
1.01722
0.0452647
0.301503
0.00480877
1.40092
-0.407493
0.164832
1.82705
1.12012
0.42581
1.55746
1.98721
-0.0557093
-0.252482
-0.122966
-0.278296
-0.440893
-0.0490746
-0.549528
1.44237
-0.725193
-0.0659452
0.0456316
-0.228735
-0.158356
0.88787
-0.294107
-0.666501
-0.108212
-0.372412
-0.525631
0.328658
-0.656989
-0.573412
0.145643
0.184116
-0.108641
-0.684714
-0.368055
0.100116
0.334081
0.266826
-0.316455
1.04819
-0.607485
1.21191
0.988758
-0.503926
1.76636
-0.771679
0.45294
-0.182498
-0.0451411
-0.167253
0.387328
-0.426063
-0.421102
1.53881
1.512
2.31611
-0.209484
-0.156689
0.244447
0.774231
-0.00261767
-0.461114
-0.790915
0.413048
-0.200436
-0.752981
1.36207
1.4649
-0.686129
0.484721
