182
0.581021
0.790569
-0.604138
-0.855485
-0.424504
-0.756416
0.0400759
-0.339994
-0.295007
-0.50536
0.475608
-0.543813
-0.492255
-0.107737
-0.699024
0.314157
-0.0949521
-0.174062
0.518491
0.107273
0.32108
-0.23499
0.797998
3.60563
0.682288
-0.242534
2.40415
0.307938
-0.41597
1.35479
1.93924
1.33644
0.987604
-0.222179
0.632392
2.89608
0.0287635
-0.00502842
0.827358
-0.502974
-0.514067
0.900813
0.499903
0.385502
1.28948
0.778601
1.09225
1.64841
2.09359
2.07433
1.60473
0.0203897
-0.850975
1.07323
1.12895
-0.144737
-0.303647
0.480427
-0.411596
2.59675
0.310284
0.292603
0.675694
1.6353
1.36148
-0.353362
0.180839
0.384046
-0.0420893
1.32727
1.82881
-0.330086
0.617029
-0.566073
1.31532
0.846075
1.69192
2.48255
1.90625
2.72208
0.873973
0.722378
0.585933
-0.392154
0.486108
1.19887
-0.0184184
2.38027
1.76224
0.978696
-0.369802
1.41735
4.0256
-0.0176834
0.339338
-0.536753
0.540894
1.67411
0.368318
0.795483
0.332611
0.47281
-0.0766356
0.17633
0.528719
1.63685
2.4486
1.09955
1.081
0.0617513
0.337196
0.0528311
1.53458
-0.419612
0.373855
1.83032
1.14207
0.526363
1.47669
2.03133
-0.0895217
-0.267448
-0.0735958
-0.232557
-0.499821
-0.149087
-0.602207
1.45945
-0.865619
-0.0569778
0.0540346
-0.159757
-0.173321
0.918682
-0.420386
-0.702163
-0.146141
-0.39783
-0.574935
0.357547
-0.581822
-0.520692
0.205943
0.199294
-0.183504
-0.74938
-0.232868
-0.0647987
0.356277
0.347308
-0.427836
0.758386
-0.587654
1.27186
0.93144
-0.60446
1.7442
-0.62386
0.316044
-0.143004
-0.0683122
-0.0660732
0.57922
-0.460103
-0.344393
1.56938
1.47571
2.30147
-0.340406
-0.136322
0.325297
0.694967
-0.0313624
-0.459925
-0.704878
0.438388
-0.131155
-0.506837
1.4066
1.61098
-0.711156
0.241363
