182
1.61882
1.28536
1.57923
-0.00979298
-0.638939
-0.228292
2.00901
0.786853
0.206965
-0.595192
0.353741
3.23585
1.15338
-0.205854
0.908888
0.36897
-0.202957
-0.0277731
0.688334
-0.477431
1.59514
3.64221
1.77516
3.55852
1.76834
0.442799
1.13323
0.604634
0.449268
0.296611
0.438293
0.255929
-0.135594
0.359995
2.96774
1.95437
0.187806
-0.120472
-0.445029
0.340999
0.0923175
0.0458938
-0.150157
0.542414
-0.396982
0.537059
1.39651
3.87444
-0.438794
0.574814
0.209687
0.0536309
0.573308
0.94692
-0.169087
0.275055
0.140411
0.0764923
0.405535
0.666229
-0.347745
-0.682863
-0.355913
1.69434
0.323055
-0.119081
-0.123335
0.293319
-0.225855
0.519538
2.67215
1.46945
0.281157
0.0173005
0.590674
-0.363991
1.80787
0.0725368
2.04586
0.0438598
1.86559
0.208923
0.266922
0.0817847
0.147564
-0.357736
-0.06653
-0.168687
0.87127
1.0851
-0.332936
0.120214
1.44041
0.637551
0.947083
-0.511249
-0.168095
-0.264077
-0.0178394
1.17208
2.3524
-0.682877
0.0367644
2.3867e-05
-0.379123
2.16548
1.61502
2.17536
0.0771256
-0.404439
1.68277
-0.505869
-0.500916
1.15722
0.266695
-0.0285073
3.00278
0.0270063
0.815354
0.982347
-0.119293
-0.257413
2.04782
1.87748
-0.399141
0.342311
-0.0325929
0.142349
-0.261359
0.0553451
-0.13888
2.01681
1.92136
1.94867
0.254346
0.433862
-0.0897579
-0.446238
0.754775
-0.175795
-0.27421
-0.215565
0.305424
0.0134341
0.211245
0.940128
1.18997
0.206637
0.123516
0.323907
-0.49973
0.819366
-0.395553
-0.644258
0.341752
-0.0145203
2.27953
-0.149381
0.220655
-0.182028
-0.181242
1.23645
0.205953
-0.440589
1.10906
0.132354
-0.366987
-0.1481
1.71514
-0.389609
-0.325579
-0.135154
0.0986326
-0.509142
-0.381892
2.81225
1.80213
1.3135
0.871714
2.47606
1.9185
0.162395
