182
1.46081
1.34887
1.54248
0.0271169
-0.732734
-0.262731
1.88972
0.854255
0.184556
-0.603461
0.272313
3.1158
1.16341
-0.228007
0.663076
0.407707
-0.272869
-0.0363061
0.82802
-0.594416
1.52481
3.59194
1.58521
3.50146
1.63791
0.214074
1.17226
0.496785
0.443922
0.123639
0.239605
0.203614
-0.322272
0.238822
2.61871
1.95417
-0.0691271
-0.318041
-0.463895
0.34235
0.0842922
-0.0954283
-0.218381
0.217755
-0.427566
0.41653
1.43697
3.86949
-0.338434
0.679244
0.345514
0.0705362
0.583555
0.862457
-0.272258
0.0825263
0.0651732
0.0332154
0.287571
0.802082
-0.323191
-0.562725
-0.374158
1.65215
0.316294
-0.449344
-0.333956
0.163882
-0.314611
0.377116
2.57933
1.15525
-0.168089
-0.213279
0.460137
-0.331355
1.75075
0.0632777
2.00968
0.111003
1.56022
0.107808
0.42236
-0.415167
0.0408052
-0.520798
-0.300173
-0.349485
0.812783
1.15115
-0.504061
-0.118895
1.41043
0.605637
0.795816
-0.540564
-0.194466
-0.213926
-0.0622439
1.155
2.39064
-0.708578
0.0656309
-0.037955
-0.352011
2.04156
1.51998
2.12669
0.0456874
-0.406956
1.59595
-0.614429
-0.651035
1.16866
0.305725
-0.0892302
3.03148
-0.0057775
0.86207
0.762903
-0.244968
-0.264311
1.93029
1.88921
-0.46655
0.248141
-0.140352
0.232396
-0.305509
0.0818417
-0.258166
1.93525
1.79278
1.79796
0.206364
0.344466
-0.00181318
-0.592814
0.742553
-0.33632
-0.35212
-0.245906
0.242688
-0.0245007
0.246641
0.969236
1.28694
0.340968
0.0588705
0.462936
-0.469372
0.817177
-0.389975
-0.657593
0.305171
-0.0648889
2.17883
-0.258712
0.125749
-0.391886
-0.431791
1.27126
0.204242
-0.430681
1.1514
0.182991
-0.486224
-0.283387
1.55937
-0.413789
-0.375148
-0.373448
-0.0586764
-0.478941
-0.408813
2.71064
1.70174
1.34437
0.89758
2.50074
1.73229
0.126726
