546
-0.505425
0.433301
0.398188
0.426022
0.57522
0.946437
0.89561
0.945437
0.825216
1.22176
0.354108
0.817273
0.719561
0.37982
1.03904
0.768984
1.06617
0.71507
0.333176
0.0451824
-0.352286
-0.665844
1.2538
0.22021
0.698298
1.12904
1.48161
1.47963
0.294067
0.394081
1.54043
2.12247
2.12645
0.862826
1.53732
0.426027
1.43069
1.24555
1.92748
1.40136
1.08281
1.65352
1.67424
1.21165
0.575211
0.488742
0.480954
-0.0331029
0.160037
-0.202504
0.516577
-0.360871
1.12123
1.3588
1.50113
1.71793
0.756059
0.413918
1.26744
1.9885
2.17337
0.86078
-0.112826
0.273354
-0.242236
0.403633
0.958993
2.04702
0.563472
2.01609
0.70021
0.0449901
0.209902
0.339082
1.21215
0.179894
0.158741
-0.855544
0.640671
0.10124
0.19957
0.935657
0.547599
0.985405
1.7704
1.93015
0.00505411
0.993967
-0.73055
0.20464
-0.0532408
0.220424
0.420235
-0.255748
1.49044
1.305
1.67737
1.91176
2.30529
1.33295
1.26526
0.0677733
0.522181
0.348332
0.30582
-0.22162
0.399019
2.05789
1.83705
1.65999
0.986493
0.142622
1.16663
0.112002
-0.266167
0.289519
0.0195523
0.736962
0.818571
0.585483
0.0783882
0.541672
0.573079
0.752051
0.237296
1.60451
1.34277
1.36382
0.85945
0.69209
-0.595833
1.42973
0.944072
1.62804
1.22139
-0.0254249
1.13573
-0.0639614
0.084184
0.148375
-0.539418
-0.505236
-0.0351073
0.394737
-0.0111617
0.308457
1.00572
0.253382
-0.513506
1.38867
1.47943
1.63487
-0.255762
0.386063
-0.0424564
0.0035372
1.24644
0.963993
0.207118
0.500891
0.243636
-0.242573
-0.236033
0.723279
0.58797
0.687554
0.159971
0.544966
0.563749
1.52249
1.6322
1.61028
0.83903
1.48523
1.70707
1.42199
1.25436
0.184634
1.25973
0.440303
1.66687
2.0576
-0.576173
0.303394
0.206729
0.161482
0.832671
1.31679
1.90676
0.736282
1.5723
0.759119
0.527026
2.49755
2.41078
2.38422
0.773845
2.10615
1.88233
1.72345
1.03695
1.68502
1.40279
0.661395
1.49386
0.928236
0.639669
0.0358078
0.108876
-0.195919
1.18261
0.541704
1.82113
1.1707
0.688282
0.665838
0.205709
0.764203
0.951524
1.70198
1.17633
2.2401
2.14247
1.01972
1.42169
1.41821
0.532494
-0.188192
1.79619
1.256
1.69498
0.33728
0.590178
0.802194
1.15745
1.27056
2.30786
2.35965
1.76515
0.411141
0.086853
-0.312617
-0.0880588
0.554069
0.16693
0.906973
2.38786
0.689166
1.795
1.89568
2.1467
1.18996
1.43586
-0.278245
0.441996
1.43301
1.46129
2.32041
1.17631
0.26994
0.929682
0.941016
1.41604
-0.0887269
-0.522514
-0.060373
-0.63674
0.719467
2.40636
-0.506799
1.43449
0.60621
0.386835
-0.0155678
0.109321
0.171163
1.54987
1.86975
1.48503
-0.44363
0.728935
0.364871
0.483957
0.23506
0.935566
0.828001
0.638315
0.032635
0.662977
1.92462
0.174615
1.7398
1.58513
1.40277
1.3537
-0.319307
-0.278879
0.841787
0.927649
0.968676
-0.244179
-0.289552
0.388856
0.415173
0.651431
-0.443521
0.423702
0.769453
1.39829
-0.195382
0.172983
0.291752
-0.310397
0.279643
1.26926
1.611
0.975539
0.7638
0.731977
0.671125
2.13257
2.39995
2.29357
0.944332
1.41037
0.158478
1.08546
1.07181
1.30129
1.37364
0.893223
1.55397
1.33901
1.06125
0.225802
1.41812
0.551451
0.106103
0.394102
0.536327
1.72429
1.43634
1.55413
1.26777
0.186749
0.38991
1.19627
0.430855
1.00148
0.917528
0.179459
0.895095
2.3617
2.5218
2.30919
0.0802791
0.953494
0.900423
0.6761
-0.447279
0.168247
-0.281238
-0.358246
0.568739
1.28488
0.82976
0.925118
0.131797
0.511444
0.229785
-0.531381
-0.189854
-0.732339
0.621259
1.51878
1.62545
1.97275
1.83492
1.53268
1.10576
0.926696
0.591359
1.03197
0.614841
-0.205247
0.741523
0.692846
0.71349
0.780607
0.826055
-0.218406
0.481173
1.24801
0.725024
0.507965
0.0249714
0.0267402
0.307088
2.09712
2.02839
2.0246
-0.713958
1.29439
1.0568
-0.0669486
-0.0198422
0.688289
0.611858
0.668989
0.372206
0.13369
-0.271131
0.0632427
1.00354
0.708607
0.831253
0.611471
1.81148
0.921309
0.968637
1.25214
0.760918
1.12959
-0.0879757
1.21941
1.5473
1.42008
0.903081
0.672402
0.851959
0.843537
0.542359
0.0587083
-0.283418
0.568891
1.11973
1.27955
0.781224
0.928976
-0.00618178
-0.00561833
0.419276
0.454312
0.930722
0.781599
-0.205219
0.417204
0.992913
-0.188626
-0.796879
0.471891
0.730569
0.171149
1.99273
1.78868
2.53979
1.45554
0.00112118
0.655437
0.924439
0.705994
0.624883
0.298127
0.647391
0.761798
0.776503
-0.238374
-0.486381
0.69822
0.147724
0.893237
0.353777
0.394271
-0.107615
0.943655
0.835041
1.36157
1.69724
1.35235
0.686011
-0.564481
1.1019
0.824653
1.32857
0.526947
0.0589114
1.80071
1.49165
1.21026
0.575726
0.763194
0.310829
0.146132
0.309749
0.0457089
-0.322966
0.342935
1.89393
2.51664
2.60475
2.72304
1.68094
0.890199
-0.0428101
-0.853103
1.80106
2.01141
1.97835
0.999445
0.103225
-0.470372
-0.467749
0.244607
1.56554
0.471085
0.672342
0.463431
1.41523
-0.0878893
0.00343534
-0.15111
0.729996
0.529723
0.670671
1.63923
-0.00126437
-0.199925
0.109173
-0.136737
0.10656
0.416535
1.37841
0.320285
-0.123739
-0.704013
1.23448
-0.578728
-0.439696
-0.219607
0.0035548
0.193729
-0.563995
-0.223103
-0.54149
-0.168628
-0.186562
