182
0.9084343889705957
1.2214769794202471
0.6771059040425133
-1.1964096280766774
0.3248823144915322
-1.4521672286980745
-0.3184934279093828
-0.6852169506723714
-0.02735203750740972
0.019615221019735337
1.712479487051131
-0.571202125965231
-1.0681644917288673
0.4174410563807389
-1.17437431728771
0.08804978224927422
-0.7668475960772706
-1.0259586112047716
0.2900450027445992
-0.7948679355641505
-1.026015745555016
-0.909961413555914
-0.5772318118027732
0.6247961894897397
1.5370445405052018
0.7851789159912591
-0.03632925812453681
-0.7156534870563172
-0.5054709606538479
-0.5564979216470535
-0.08311659096797115
-0.2892490958314523
-0.4846227634874287
0.710838721953192
3.7273407488417325
1.3235535225106159
-0.8683583088245979
-0.7760288387760841
-0.36489447791292345
-0.5181536825102241
-0.881232587059816
0.659469640357662
-0.3895826502994378
-0.16376365942532514
-0.4339246839938433
-1.0314760888900907
0.8780216312669764
1.1502688302893216
-0.6886817813930798
-1.1590809149622856
-0.2320567959531357
-0.4919537204654641
-0.9284266192855304
-1.024960671206136
-0.7409622834690195
-0.3514708096538681
-0.8302229475773875
-0.2575815531235382
2.3710180440749857
0.9189345074005667
-0.559854111320769
2.0305390143832422
-0.7249704731294332
-0.042135509349746324
-0.14177897298598252
0.14135860284994053
0.35489571302731515
0.4447817123224061
0.6054376415846664
0.32151925117543756
2.048961426946671
1.4005693997831534
-0.2595203166984101
0.08411073737776081
0.32782521804073034
0.11055062530047315
1.185385478178646
0.5016245058053415
1.2672788040239502
0.10013474693927571
0.7286048943014571
2.0421135049084214
1.7719263240847467
0.24440650342059672
0.0032714897090361603
0.6922917813656594
0.2845692504008485
0.9867993572530689
-0.03691951333697941
-0.46011660467202475
0.07027206058591566
-0.6988100306381002
-0.39387138240728803
1.8656874390630087
0.6869523596393179
-0.6794806971505988
0.6623077455607224
0.5361718698399975
3.539052479011902
0.20568909012223568
-0.3329920354310648
0.6927569600965773
0.06544990458354201
0.14753737167478387
-0.09719458271111217
2.687293719283626
1.3065161770962126
-0.6005114947357914
1.4318565533290015
-0.903185127813427
-0.6243740523499977
0.5195796030271468
-0.7422012434584001
-0.9609342447450545
-0.3340039643835721
-0.10816097653781721
3.2903009077726324
-0.7027789797257475
-1.1195592941086896
1.5356196148850239
-1.0043050424957662
-0.662244329948404
2.72691333623079
-0.672352400573696
-1.2870059641840819
-0.9603908763471104
-1.0710026927703982
0.4004970693194192
-0.5179579903039025
-1.0139907108677888
-0.2832326726747373
-0.7304667480664114
0.5118269979227645
0.5456095219179354
0.5034723479217306
-0.1280109162243813
-0.9468500703318781
-0.2821495435297387
0.0729905990175462
-0.9644270500579736
-0.9047900772398039
-0.7008643612325289
0.11730019939453687
0.9829791642557093
2.4913106486832914
-0.9182269689893598
-0.9772547309261169
-0.7485207767686668
0.13091797511094563
0.358508438812329
-1.1974094384123402
0.3941473037404137
-0.8280570931567098
-0.6347367428696133
-0.4531833266285432
-1.17693458537885
0.5041079331793028
-0.4785192384478827
-0.5868978605415583
-0.7351737780371022
0.5036616385432894
0.09811761513292623
-0.5056326507118116
-0.9424135014557128
-0.9910332514924513
-0.7969325029018822
-0.8022544338263842
0.13586733955992725
2.074197891350171
-1.2421234603658495
-0.6512592533169512
0.5358921923498133
-1.276592988364214
-0.35366425765549325
-0.5139494879048535
0.12240922829488948
-0.9215513575152003
-0.48830994077001455
-0.5344568306965701
0.002080134967975288
-1.3036188982100116
-1.3706839594730846
