548
1.3752304934725872
0.18557831255963386
1.15393783424439
0.02791460690683697
0.42844727118897885
0.048875933395173855
-0.17755542538940966
-0.7131102202381184
0.004068819778338375
1.3217074776381745
1.555121329530294
1.4331120310555663
1.0132255723359989
-0.28579703710310606
0.617239348862098
0.1512522249033601
0.42873544363435756
-0.6751380414299509
0.44067911729688847
-0.5105301129271882
-0.8137476359223134
0.03496568504755811
-0.7113760923837333
0.8875336403451719
-0.35808996297934675
-0.2765639794233566
0.11382547461650085
-0.3350031912376249
1.7992244173604541
0.36197357868372737
0.27478934049548903
0.681077012098625
-0.7014989023983946
0.9001936601805626
0.0857796668957693
2.1214829109694286
2.465272408076579
3.2954891918331852
2.3847099917629455
2.2045273269364403
2.858886082500656
3.7110919924463857
1.85150092884876
1.1724292472728681
2.265133371579732
1.4822049391190568
0.7505682468937945
0.24096691197523942
0.2505373958316979
0.8099448601816113
-0.18112136542847523
0.5276501267808736
-0.5560494206970896
-0.27442209820823044
-0.5409012522361301
-0.488015887691747
-0.6440374414700148
-0.554298431752293
-0.5159115005834871
0.10356685406217113
-0.7939787472738373
-0.7461367572055105
-0.8903341541597983
-0.7065625318444962
0.006829392144097084
-0.8047876994721057
-0.3562783274303755
1.4612891277399755
-0.47150620461216797
1.3776366014282628
-0.3261883681702356
-0.023326435055085224
1.2244285434131597
-0.20017803514267932
0.6145674177910472
0.9350201460534494
-0.5772084505434729
-0.4104353290638889
-0.8336099026109963
-0.9349212998603927
-0.8144834285990163
-0.705632742617071
-0.5616780637202922
-0.05994045484886867
-0.4480001227355274
-0.6264802014362393
-0.9369208286326297
0.3068082871648761
-0.25759449209659985
-0.2539136505735415
0.3303134421801208
-0.7453496969505795
1.8780503552007433
0.6717271867148726
0.10133465500817994
-1.033756878024847
-0.9362321372083351
-0.7627832777774095
-0.7294179865164723
-1.1756645730317008
-0.755009238731333
-0.8532526290132221
-1.093507380299715
-0.23175387638259007
2.229621113145429
0.4050715696347954
-0.6601737358461979
-1.045521595698609
1.7971695434112247
0.2974693676720312
-0.0027877806018320414
-1.275972712741522
-0.981699774086922
0.017762355974867097
1.8965890094083764
0.2035149122476473
-0.8377488292420262
-1.3672287422017175
-0.9102872902203875
-0.7610528664009993
-0.6265659620340142
-0.73124657979031
-1.361011298932329
-1.2560918819816804
-0.7192207026284475
-0.9761303562055267
-0.1122019009704485
-0.9726304491734061
-1.0269952030541152
-1.2924630550832046
-1.2442016048846332
0.38768278025343833
0.11478612521826555
-0.7001444933474876
-0.8658238969830321
0.009996849933335881
-1.2808823709497072
-0.8195210495217322
0.5624634594092127
-1.0616556157010886
-1.092117640406977
-0.28271008298587375
-0.917108947952704
-0.8423524099625519
-0.636185287566265
-1.0714904872809838
-1.075455196963361
-1.1520372496627012
-0.517144152804308
-1.1565213171966082
-0.19137894317880388
-0.2854023969419827
0.306203263076601
0.2991811223417844
0.9466413125603287
-0.5381857425456859
-0.3848795594569376
-0.718737180276134
-0.9597823239373389
-0.860526958958796
-0.9366547284139403
-0.9019092681833347
-0.5790971594823643
-1.000581332933934
-1.232783227714566
-0.10032163962853216
3.650697376442324
0.5636149478214356
-1.2357253811944053
-0.043462107867556915
0.22830712675922477
-0.7788589242948675
-0.2903167232916317
0.23539768457012608
-1.0423866980864271
-0.679365185609171
-0.5093430188362515
-0.8049301910034845
-0.06716448984193392
-0.5226403686385543
-1.0561897203386665
0.9586444621714576
0.8796290241255615
-0.7698561274708563
-1.228840366374905
-0.9149935695639654
-0.865545259540098
-0.5660304988148335
-1.0016652970582223
-0.11224805751286274
-0.3040707928966644
-0.10274271325556723
-0.6724564191828424
-0.7050101368726106
-0.07091908621197653
-0.04707953669991835
-0.5553794212587648
0.6263078673068181
-0.2966223909524269
-0.4200662470729551
1.0552837631673317
-0.46370626119276415
-0.15451728900592715
-1.1043616210432141
-1.3731574941735736
-0.4247400243132995
-0.0626562159948049
-0.6984619208226254
1.5260724745802772
-0.9246203008339763
-1.358159770398581
-1.4434522962621037
-1.115760664789177
-1.1067377035976056
-0.21407016447703278
2.8209255320363016
0.9232352675340088
-1.2729158925924835
-0.4924883956647983
0.455009267633304
-0.21929038132890508
-0.22777119175486887
-1.3065845672487104
-0.7570742186302226
-0.19879211398222774
-1.032286056772732
-0.8351868544225263
-0.928354180720098
1.6400269217475123
1.2854050547706157
2.6710363881074426
0.3226207507559527
-0.7283698866233694
1.224383708430344
-0.06362635579400448
-0.2312864499398294
1.0989740706826452
0.4785134178235868
0.31169249045336117
-0.0010565223712604873
-0.1859442046623796
-0.10980228210509345
-0.7789791130434949
-0.7363981334318557
1.0765382791643725
-1.0426823770543812
-0.7187954693746531
-1.1174130442419694
-1.0114522588143384
-0.5715284588707459
-0.890523772778495
-0.5409201543134465
0.15367269492699195
-0.7114679077981431
-0.9206855835833784
-0.8180524132125789
-0.7394207817942787
-0.4235074965183175
-0.5405493954034404
-0.8032038016922022
1.4894096011394458
0.07980224928705416
-0.4549774733386417
-1.0018723047977893
-0.607208312522106
0.11947221931295449
-0.4698497191338524
-0.63240588975763
-1.0402655418730316
0.44684395274462435
-0.4910697561397918
-0.8493278945423348
-0.8115529108315623
-0.7626685401929504
-1.131867188752504
1.2660523522038838
-0.9767451694395152
-0.8018432042197319
-0.9312618426835335
-1.0249254490558473
1.4375737084612485
0.139331918502781
-0.4013280863903837
0.0817019550776358
-0.6425723734081952
0.12120432201078087
-0.3606734613917649
-1.0477382281866559
-0.03925475687728571
-0.838000621520061
-0.6576362511372404
2.783899115021058
0.3301581563403464
-0.8029989444744706
-0.6080727617465358
-0.7805055297212952
-0.20889048485041972
-0.1572993672705148
-0.8195025359155026
-0.3407850730058094
-0.9326272844198398
-0.3230195026695189
0.28001132466154666
-1.0351851138066512
0.9400171983909746
0.5312622846389891
-0.6648548685407581
-0.7053343847297052
-0.20559661850880304
-0.5506127085484663
0.32794741894096174
0.30090611783291726
-0.8637107030088962
-0.6544809758398384
-0.9903927573409359
-0.5956474509588358
-0.3592104269359317
-0.12329668766872093
-1.0443994214689198
-0.7986857715459114
0.034795256932016634
-0.8006899984817316
0.9520042033976265
0.12478678279124185
-0.12223623678385606
0.014737897612406133
-0.5575578151057118
-0.9719329971956193
-1.2038473057251715
-1.0752461122334458
-1.130058867720333
-0.8559046394462823
-0.09827044059227877
0.001799820004691451
-0.4679221801110591
-0.9023078687989277
-0.8364373648872546
-1.000381790920849
-0.769255098221929
0.12872734010790327
0.8034089844939217
-0.851859154016145
-0.2629812092876301
-0.5105890422364855
2.278534330003685
-0.3738533193176973
-1.0241127209762877
-0.02464944585710192
-1.0212753644682397
-1.0985252008522384
-1.0561145085232213
-1.02269275360139
-0.41976009571338807
-0.9352737526458531
-0.7169436245630216
-0.5208373061867496
-0.6913715082197924
-0.17251449340959432
2.324658662471945
0.09911141883390352
-0.8564140750652242
-1.0277391787532142
-0.9805962352262122
2.4841403116157585
-0.08965609416906105
0.30599589161685287
1.7556293934928098
0.2717493765588301
-0.44149599131046946
-0.366540751218036
0.4051672281336519
0.46803037372383544
-0.8101468313310407
-0.6194445023339434
-0.07944589956721292
1.3445395272277685
-0.25963157738794346
-0.8286451939019268
0.06928787765284482
-0.8537671538863578
1.2434485001594795
0.14032636448182173
0.20924754832705708
-0.8132106205034287
-0.5803535308749351
1.1593088519237047
1.296784738472751
1.3333233773065605
2.869064760151331
0.6232601030420606
0.48849204385260486
1.158663311484874
-0.4042023241625843
-0.5623095133066734
0.29914856573098114
-0.631755007422483
0.02188113679819332
-0.7023217126424001
-0.12470493023946662
0.0006067526919405109
0.07372953796551733
0.8902116557562588
0.6094861104255028
0.23526379402654765
-0.21993552367213665
0.4863303528857949
-0.24971491652540972
1.4101639216812432
2.2593870194848242
-0.7853903525099618
-0.9753142419444198
0.8168392413245634
-0.10251353636307073
-0.8921213162196467
0.5226105318309094
-0.6340814975818992
-0.5514072383200916
-0.7137980857353309
-0.7366411409270254
-0.5716438873008698
1.1137156178588197
3.195693630301429
0.5301076505614253
-0.7210553658648973
-0.6297440238760447
-0.498243728415333
-0.8347129771957122
-0.5322745776379276
0.18232953478736033
-0.9163595234624837
-0.7347558255329004
0.391895391386319
0.23415965602179625
0.23121427178854598
-0.5131118901872991
-0.2865359291466536
-0.1559602110953602
0.18197781196179805
1.0199492948491755
-0.3535318303379679
-0.44551822118134715
-0.4458547072639783
-0.4222902266251405
-0.7308371036929521
0.36755925933602934
-0.6244305434299239
-0.7759487202041674
-0.4414300250637176
0.0955110421237182
-0.3816114807052939
2.246250681370837
-0.06316175995339506
-0.7125364557853192
0.5208010861100069
4.240841059839366
0.6738993156818331
-0.24499088433742922
-0.5873017511677093
-0.6346115929900942
-0.7454362042927308
-0.15272681934970167
0.5710754561615679
-0.5318098068923705
-0.4457363286093453
-0.5847637034930842
-0.11079351419961131
-0.4636752787430669
1.8080314685517307
0.43098752351886
0.11550846007989223
1.7016523814976963
1.0053524019859017
-0.1469185660354914
0.18850350557273932
0.44112494950684983
0.25903001726451375
0.9694452305873891
0.014700688636923578
1.0444245224644235
0.49938510104727735
-0.22856624754017565
0.4763222085745871
0.1556252826147023
3.960470204563072
0.015693278132291537
3.7616994019771304
1.0954548676951439
2.8680715978459603
1.5030484263532906
1.094559182843347
0.41910925154749223
0.08687055203077325
-0.11505140186806571
0.32112214363038377
0.5849728310598112
1.1852915686974614
-0.15556855555835625
0.8237131244625135
-0.3126433492191724
-0.6012720616547951
1.2492402017266715
-0.5653406205904584
-0.09254297551671412
-0.004480266532338576
0.47508049343658737
-0.008742920693774027
0.2303742485930258
1.8603304294355385
0.12614797065187
-0.014571850372518532
0.03239148746002746
0.31051824372855735
0.11584378834764893
-0.1931120240685295
-0.2202067280971384
0.23546316401325168
0.21055473460124716
0.02068955484200817
-0.32994006612379495
-0.3440912351497179
1.1489698461757745
0.5135380811756357
0.5377630387831376
0.39032361258751075
0.6768378235507123
2.5087671986215843
0.13879759559579782
0.3066912544149037
0.05180987383943772
1.4142834113682707
3.447498283906076
2.4956683409391696
1.557509947325378
1.4072729735422633
1.0816429643199628
0.7538791068910787
2.9017509338052943
0.6889174371775229
0.42078464848859776
0.6055267194556483
1.5662476251311988
-0.05717949700413561
0.06988256435079278
0.1235957732982076
-0.4012290373553439
3.6982622252993442
1.1060566941987218
-0.41389470791179256
