182
-0.9326555276621811
-0.6211781154702533
-0.8647458583624956
-0.6717756375700445
-0.41970766926276687
0.6343249952612197
-0.36458792554306263
0.7355041112574937
-0.23335487697935786
1.0208831915640406
-0.052353943578757285
-0.9623344381564952
-0.842453707165873
-0.6815511650501475
2.07187250926902
-0.6632957250374102
0.13696061739434698
0.20636410036426206
0.012628367680095358
-0.8306793253433465
-0.6631379672479565
-0.5707901443577866
1.536154776608997
0.1381165607216641
-0.8402997714909873
-0.5192632770550746
0.3219242983721391
-0.9630833104845729
-0.43598636899629717
-0.8798903673848766
-0.31443803314211916
-0.10277658485038463
1.7725664687510487
-0.9105566166669806
-0.12931423695952002
1.3118768151839504
0.4250185556470296
0.14562988999347903
-0.6333670125345078
-0.8167456217592838
-0.31623281647548224
0.21796839473308588
-0.6062024322621421
-0.486112611316925
-0.9286359749594921
0.7356585678614386
0.49659459834100783
1.3380345789058894
1.6077912349686676
-0.8005064189731271
-0.41960973063184054
-0.9063626834303911
-0.5973725248341177
-0.16378286025612748
-0.5140679411199786
-0.3617279261395687
-0.6329130704197895
0.3317898738887904
1.0005880183744875
1.8636386111103167
-0.6805605213942889
-0.7832012021754896
-0.549132881945348
1.4783702467756306
0.4129532596476127
-0.45961178013933957
1.2050078677392428
-0.832515463426316
-0.7451404355501304
-0.7468380364155044
1.6253516650891557
-0.16859684477994658
-0.7663203365608752
-0.6095132807177557
-0.2612559816844401
-0.8053066236408775
0.009380441673810035
-0.5807341969024022
0.3865686504390402
0.42549299862026624
1.5992258275518207
-0.9062279767386188
-0.7322413438904248
-0.7839783413328807
0.10619435698750132
-0.29160737393025393
0.11215940116403476
0.9585072444949199
-0.7285828640031491
0.09078876948718637
-0.7878324236031277
-0.7829159665026668
1.734025841907485
0.05229407087296181
1.749312019959154
-0.6162158785782825
0.35182107661966655
-0.28825959991275146
-0.44099358003893574
0.2409631731991788
0.1843603902678829
-0.7510846664635186
-0.5466020655693727
-0.4948234759674008
2.609724995599224
0.17977481539886359
1.0293114078923267
-0.9173685189722339
-0.7840582998389626
-0.5853939311959802
0.8577438243303134
0.44763341578302307
3.575751213525584
-0.9148765916064748
-0.9845438872976161
-0.2307345599065195
0.6071226754005937
0.1482509692078203
0.7873519189112441
-0.1159214100434768
-0.18711780669415087
-0.6123136906221979
-0.21549402811785495
-0.9953222419218771
0.21805333955734835
-0.42946171123481863
-0.31356182977263203
0.7264038351246415
-0.5730513525808358
0.9613487191647553
-0.1867723221467734
-0.7905471157133216
-0.2280171652690116
2.1997265394981653
0.2971194080385527
-0.8732493875634803
-0.5437482699348148
-0.646544330045656
-0.40769385897085664
-0.284986507856104
-0.9743621475641855
0.1372763464319194
0.9581302347043773
-0.7576699813275763
-0.8402734423081503
1.1222289848977343
-0.6484053397744672
-0.8967810712547377
0.42973871045315903
-0.4460124127596408
0.6891880444377728
1.167611729388812
5.423623907024909
-0.5612783386077523
-0.27741112710554877
-0.9810205799519004
4.4440961343432495
-0.5804947860182548
-0.8390489034179126
-0.35320690678693295
-0.09321687458227097
-0.6864236888009935
-0.4596345576986954
-0.12925852579125255
2.4524927841450714
-0.9135153615436752
-0.6837843433521097
0.6177427496902316
-0.8425909264775314
0.6532586807333315
-0.36621965536508755
0.42102547187416595
-0.5927335141833521
-0.7346441024474384
2.1785290485634503
-0.7023262321839314
-0.7634912505783419
-0.5845911859201331
-0.27047060210170965
0.8593571845148656
-0.043973867629782094
-0.3467216237497549
