546
-0.4221988540552911
-0.520008441652216
-0.31273347838078924
-1.1916586902159954
-1.1188402437371539
-0.04121520450690456
0.6975540385065238
0.9131856504663156
0.18255996525087623
-0.1580377844373494
-0.807872997573994
-0.6630592325707261
-0.88211366603343
-0.2777419255803182
-0.9505805920229365
-0.9735935515165577
-0.5358674085983526
-0.20963262276343614
-0.27403047817888193
-0.49801290952485877
-0.5738409467526391
-0.71723745713617
-0.6216227643466286
-0.5797057391749607
-0.17414988824424613
-0.6492181757980091
-0.6447363289816799
-0.2560408341766508
-0.34529645380624935
-0.5010881816834246
-0.6662871618882238
-0.31690430699710026
-0.5698953987117951
-0.7953012010504159
-1.055373311636631
-0.101172719379723
-1.1851619893673437
-1.186796999138544
-1.060318269657751
-0.7018710490449537
-0.629113275023941
-0.4800101733392798
0.3029474558036781
0.5445196124560323
3.2417607213460027
2.179950129183445
-0.18409137064098569
2.3150098185829813
-0.8420117929065637
-0.6401464297302214
0.09001566568348968
0.5396152984152612
0.32807812608869985
-0.7592271947684887
-0.9763364404425808
-0.9693468036076398
-0.9919433512818752
-0.3673619983337894
-1.0475595982402792
-0.8849274177105177
-0.5676525038934822
-0.7903393284304611
-0.40538421426858207
-0.5719369588010812
-0.255415041941527
-0.6200159208258975
-0.027516836277675528
-0.17867049777201363
0.036983450216049554
-0.31433061014219793
-1.009457328942347
-0.04433086592965224
0.09636929207527538
0.47785636429641715
-0.08417918059704788
-0.33424705510497865
0.2566402004664102
0.336249602064222
0.3821682599237038
-0.07591418598962882
-0.21163641797687585
-0.35855874118710024
-0.6407138967987284
-0.6487157075865106
-0.6937434977201125
-0.7418729304163809
-0.7641903835539194
-0.6745484352602493
-0.6913578343272359
-0.5528100847006767
2.9483447955041564
-0.7024274032804926
0.10375846307847186
0.021664724821805346
0.2150869492178992
-0.32316189724291544
-0.459273689072036
-0.5996166576375974
-0.8979429097743533
-0.5842445688839359
0.08001427441662422
2.9888608416248634
0.21301757906323243
-0.07156855059393273
-0.9169431019236554
-1.010753313392178
-0.8382982401924082
-0.9248098176557529
-0.9292495580517812
-0.8805241551037146
-0.5862469057150658
0.36353715632606903
-0.6519432504567567
3.517928728867013
0.23448056914971777
0.7267022310893353
0.9887482476409868
1.1155141992723174
0.537456374549726
-0.2802793657785096
-0.548812677681924
-0.5391906700854247
-0.2156147432161591
-0.2080089441202742
0.22234891900570256
-0.14129968852636157
-0.3718872643116066
-0.4437804633554191
-0.06061533409236748
0.3715096048806994
0.4950435891521485
0.46210709152828794
0.4890069001315318
0.568821903783811
0.4424747676805052
-0.0922701384311528
-0.29311481501444114
0.06749229988893614
0.15897797677598954
0.03304755714715989
-0.35208205288527605
-0.5448974613067162
-0.08756803640059764
0.7170306709541493
1.1243971752155006
0.7640092797645434
0.587044009159871
0.9434699307078684
0.44098330997449353
0.4677672569990693
0.37399135178952736
0.3596166561912917
0.4141275783525934
0.7404629522753414
0.7059866333922864
0.6039706196857696
0.5867683724537718
0.7387730748478256
0.4374598272460996
0.0806019923838111
0.4549947639427424
0.2681957963374436
0.19941862468124855
-0.043507424626783496
0.13777381775008637
0.1040116170652211
-0.0711392238233093
0.6669462655599381
0.8581830254888552
1.0564157118582354
0.7998688663028533
0.8613909758666072
1.1902725862275736
1.2071841938384489
1.8935028727988659
1.8781487213349202
1.3036460588458816
1.2684717821319984
1.3229645064325248
0.8222519920611805
0.985745400665391
0.7386447045069868
0.6812654844015463
1.054820230628846
1.2931256611923478
1.5712725841803319
1.7763423470165702
2.8054704958527905
4.255735851459984
3.774112541626552
0.557344398914877
3.3188364324053476
0.5326678552635158
-0.07418075804190688
-0.09952760958023912
-0.20278739721094025
0.5335157325152058
-0.4282663775913771
-0.3267712404728176
0.8293761182969387
0.9915743092753627
0.7597871372427714
0.8308344134172869
-0.2198830239096854
-0.6625905566280036
0.5028565370624474
0.8941160251110615
1.1038219226722399
-0.24814198612846988
-0.6005050797780683
-0.8205025706595869
-0.3971822484901251
1.434143536360436
-0.031332013461005406
0.23844950085611452
-0.5404515874591244
-0.623460717875247
-0.42540745571888294
-0.8353095807896633
-1.0152657556960776
-0.4913562758498152
-0.5307881202509843
-0.5935214762423132
-0.5801793771074775
1.4018706393810196
-0.3998632967588816
-0.5859283311383029
-0.5001727526611754
-0.8338560020446223
-0.7301383111721664
-0.4766835079648149
0.1325690477957097
0.20055472416372078
-0.04814489949731341
-0.4570691043681081
0.800473898971814
-0.5102759705721649
-0.4467305673669097
-1.0914671143762227
-1.0587882831624518
-1.15155652285844
-1.0862574129365123
-0.9306174846357352
-1.1033482006131876
-1.2163307524603264
-0.9386098342273591
-0.03791252469168094
-0.034236469054112754
-0.23152137367135578
0.5273483851429821
0.1077970474540293
-0.021055362829241166
-0.7564908919180859
-0.428490505565061
-0.07337359589544791
2.858752568756095
3.5442414807201614
0.6005837333234266
3.161341481526414
0.24299010398487939
-0.4095684374595742
-0.5254799428493249
-0.8763907368040288
-1.0244624464844887
-0.9584125681118545
-1.0820659672403614
-1.0559282491146726
-0.7959747614549924
1.187396126529648
-0.6584067264806804
-0.14363234866352093
0.6702615507246404
0.5417035479189544
0.02920101527329855
-0.9610446440441616
-1.0794598913167923
-1.0249516428909975
-0.7320681960676765
-0.6939529346148372
1.8047047334756947
-0.5088871407348237
-0.9122261577836813
-0.5171684471324204
-0.944057662496498
-0.5706004157008326
-0.6610269079859235
0.8347620204610054
1.0656313400695507
0.7378711045927608
-0.9194579360024848
1.908624270410727
-0.4472314322719309
-0.4425587236256716
-0.4006765139599484
-0.2837550057235397
-0.4418454261731266
-0.6323095317263838
0.15652579968617697
0.1720103142999306
0.12316590142647738
-0.8818176497973386
1.5764418766308141
-1.1424763255940367
-1.226614587220197
-1.1541234771172317
-0.9325446020651722
-0.7411475641315187
-0.664447684576439
-0.4787514700706957
-0.8980854712299707
-0.6656518245322024
-0.600817863889253
1.2758130693740237
-0.6880898814174571
-0.4082574883476472
-0.7627091933975335
-1.0946608391926678
-0.5557542056482393
-0.15578934864728378
0.6228944291410429
0.41318486296196577
0.16368931157756642
0.8178393676733822
1.975356101667087
3.0788177124182
2.7401715510735483
1.9924550292621053
-0.6727386987585828
-0.8407637021075446
-1.0449930214228367
-1.1016606070799158
-1.2027510270810893
-0.7558961747922305
-0.8765118860391873
-0.32144001893231555
2.0468281710196616
-0.8102903472573408
-1.0854944585395232
-0.9210324418597976
-0.582180984877225
-0.41093003441430176
0.4879506035440593
0.7541591058306147
0.5258160222749103
-0.12112015859370737
0.07739865729431677
1.9855996159617397
0.40801511411587776
-0.2595304659106374
-0.5345240387067406
-0.7195718188892706
-0.8670307873636722
-0.945767270119763
-1.0099587329768411
-1.1047283258940104
-0.6121880744911103
-0.786068363547972
0.9903921356069875
-0.8747534506762648
-0.9214000761784318
-0.7206565111322771
-0.5976693451613766
-0.3660590826047518
-0.2789206056208523
-0.45307042353223936
-0.20843691770685405
-0.7142718040525954
-0.7710558880921234
0.5258387473717675
-0.7041945900646479
-0.7692495285906547
-0.8097386646478671
-0.85471819038836
-0.7705129758447934
-0.9283111626838922
-0.6966974499092948
-0.07112359013108548
0.258767543427252
0.2552251496019659
0.9370839563117257
-0.3242974520907615
-0.4626100355577736
-0.2578498011577089
-0.17893124856584625
-0.4938505275772592
-0.8699839018228501
-0.9634257371214766
-0.2695244294707457
-0.3987314482550729
-0.47335092852275185
0.09428112224292395
-1.1466416909638257
-0.76946533549218
0.13455677584204845
0.21483137354832435
3.12788019547021
3.132625449083312
3.451573462178298
-0.46292779430866693
-0.5840986333617584
-0.6759230202255219
0.004726965809838033
-0.5407115761170039
-0.37793058428899556
-0.48203641771331185
0.16853683980496692
0.06415040182036293
0.21215374656561195
0.14631632479413417
-0.3781085069999994
-0.6398297321970932
1.0073207670551243
0.1737126329648138
0.9686243088115798
0.9927012652642168
-1.107005254050497
-1.1877831046132798
-0.9543573546589191
-1.2086385269273845
-1.24695084822744
-1.2776919381496417
-1.2762505557323227
-0.5347510872666309
0.31477221716576287
-0.426134032936229
0.6446388106918757
0.2652531969938531
0.9215459018086353
-0.07297055981781882
0.4039569321990224
-0.026141206735961278
-0.3289938667956628
-0.4087823273280822
-0.9036156739256535
0.4716848406764196
-0.9071404752270137
0.23547073989900583
0.17046845878055947
0.05022022218658085
-0.8347905990872158
0.41453378056921864
0.5383639997071584
0.5062082228235969
-0.6940948632629533
-0.966447876712493
-0.410371633603581
0.43640361861115146
-0.7892093365584525
0.1562897474827782
0.15830970455392193
0.20201256932312822
-0.9008712995794126
-0.4598978270918686
-0.5217892510193668
-0.6683719595167845
-1.0487238897166962
-0.7748576743547626
0.12402726656887705
-0.5133596558251887
-0.4505467821746323
-0.47979350732481774
-0.8575479876645128
-1.0932298776869884
0.2834243159642743
0.30137964444691817
0.09769765829931801
-0.804895518804425
-1.0500532661977848
-0.041469696194522045
-0.93643081039266
-1.0074048329750103
-0.3598133020034471
4.097604126812067
4.662451128042056
4.9984428269833705
1.5198403571818255
0.544535604917692
1.1615556125882083
0.9948997768152065
0.3579954287821371
1.2741659852164808
0.10685145037675535
-0.08443003554054455
1.6728651966652563
2.4330840076204354
2.8456339802595907
1.551904789568555
1.2859025319065984
0.5263852283813075
0.36122367180125464
0.5359695121601897
0.2812122110285543
-0.025619524466807316
-0.6384335361832625
0.04625452293981901
0.6570963575408119
0.4926624387435281
1.1352981968959137
0.5265713779880485
0.6898472300994246
-0.3054627535984332
-0.1599166641729463
-0.7603516750911141
-0.29234103510374293
-0.42694792095235196
-0.3642974805668587
-0.26981887101352975
-0.1543704040190674
0.13970471097869513
0.3077663669910353
0.6694608119838641
0.19185677648813654
0.4958111537202178
-0.7785581802499232
0.05511009529433035
0.291966372003935
0.34626193956252427
0.22385082809094178
0.4959121437156742
0.351751451889171
2.2256159308627486
1.9796797749528376
1.9102947553261933
-0.5209974891938546
-0.6966465535378976
-0.49352880140369676
-0.6993328671288495
-0.7472572086723331
-0.9092797163815703
-0.9080027441456326
-0.8666852380660282
-0.4945782366225264
-0.11157432803863931
-0.040473938691918655
0.1993222245688633
-0.7612736021478556
0.150426755524715
0.11073362619104246
0.10835927999751409
-0.6587607315230662
-0.9319995327211124
-0.9928168863112874
-0.9702482892926685
-0.8548000530443457
-1.0470102476558794
-1.2194747432009305
