546
1.1618570285621939
1.9862853803231266
0.8777364737064606
0.7910285730645233
0.29431169666760415
-0.013958297821004524
-0.9487624013319561
-0.6172870413868364
-1.0959846547960062
-0.8661598800877213
-0.036932955627515356
0.2659951464516611
-0.013118695596772452
0.36246723426582833
-1.0033008487309971
-0.48575478829524776
0.1678808374167304
0.5729549088046558
-0.1533587495566062
-1.3783304155525054
-1.498242457437242
-1.5203539128490213
-0.6097245658611393
0.15303952709572355
0.8287659818227069
1.3822309789314955
0.2335405134680956
0.005001695208298541
-1.1090358563218374
-0.6149741820733985
0.21187138606909947
0.9330089711054979
0.7193348737294044
-0.8033777595353185
-1.249739754455714
0.20061849707167645
-1.354291289101862
-0.7168697748899306
-0.6844068848345003
0.1620132166138884
0.5117493469846585
-0.3176492948334534
-1.4436800220413035
-1.4130928753615344
-0.037768555419114294
-0.09443673648078131
-0.023466732742420296
0.1635403001295094
0.49675776252025117
0.6063110333667316
-0.03094092962072655
-1.376947802212994
-0.9880825231586335
0.35608750604652717
0.5335913155763201
0.5293567228102002
0.8206523480120532
-0.029931678600596662
0.8474421060139541
0.9677581534945983
0.7055956920604309
-0.1721457709274339
-0.36287031856397706
-0.42225417974261686
-0.7220255402237873
-0.4361243059566599
-0.6797002128635603
-0.9421658563523686
-0.11944386890949839
-1.426076264024956
-1.4464174133643912
-1.0172006517499501
-1.170494985520157
-0.38011571714967907
-0.29883971741794557
-0.4445702240699423
-0.9524753336504359
-0.8029054445804111
-0.8834215095033436
1.4911368807266503
-1.0861874884673373
-1.2529869480416922
-1.5198352446943173
-1.6681178749364307
-1.566925396216469
-1.18572670575774
-0.9330754047645143
-1.0945367066798464
-0.6429715960779274
-1.0005155760841964
0.5345018004195119
-1.3844169751409408
-1.4175256264184293
-1.4406019844247546
-1.138878618679902
-0.8671832950549727
-0.9157186376117811
1.123821036256414
1.8249706291766439
0.9961434890162638
-0.9694108125545954
0.5698780131237515
-0.9480277337563818
-0.9556872846109254
-0.4836454887730724
-0.6234324200586865
-0.9067780131120935
-0.9465118476694341
-1.055943321615445
-0.8129066615680962
-0.8620194314119867
-1.178903333885894
1.2568918062817827
-0.2710547224267034
-1.4320400130380015
-1.448774555406156
-1.6336792725910143
-0.8354790996512343
-0.6399036309734336
-0.8706788531710847
-1.3175710984409665
-0.8435942588111871
-1.0225297812415377
-0.8947695989011417
0.007183106724718076
-0.9373814869927479
-0.7930560289393004
0.49053374834792035
1.4019881656887665
1.1080457952576646
-0.7339103699842736
-1.541177530079232
-1.1303820475486082
-1.1540060502752285
-0.7943915024270242
-0.287436016409899
-0.8552676150592052
-0.9538448253618205
-0.9355392903376217
-1.3964651382248088
-0.5534879957943336
-0.8544534988665672
-0.8130993930656877
-1.385436259645609
-1.3994846617134178
-1.396406138533195
2.7506125135005584
-1.1745933862070375
-0.7746239489196922
-0.5991475849995371
-0.06926941298804172
-0.1992998571653102
-0.4485990358006819
-0.380754742070012
-0.642065629388436
-0.4823399676807094
-0.8842154550157834
2.716342978609083
-1.1950348923802152
-0.7660379822589496
0.9185045821754901
1.5199099996755625
1.1966719978663465
-0.09652592944671688
-0.6744270166688723
-0.44141509863352174
-1.0242150968720083
-1.2213972214403819
2.302838836661786
-0.888003491720751
-0.9175660390417639
-0.7497953093364697
0.16239716735141904
0.023447700071411486
-0.626078215008651
-0.8261801596612528
-0.984091195968667
-0.921467043196929
-0.6669849712947051
-0.5457654664780662
-0.07095940585403038
1.0167617442085093
0.9184372372901315
0.6511354620520056
-0.051960311063024144
-0.661986315629807
-0.373235456214381
-0.4410283487981898
-0.6334876109027976
-0.3620523255023711
-0.806649936476453
-0.5822274723317078
0.8540050152502157
0.9460862251740456
2.964593343596353
2.637955509427262
1.7672095385157176
0.4035803608067817
-0.3777828018017995
-0.6144538425716405
-0.6479218758834507
-0.5411894540393994
-0.047210923636261434
-0.4112971726404992
-0.7596792831747792
-0.27742900223017913
2.7106324546668703
2.5864065779599144
3.4265445732804953
0.505694478754775
0.1596417481925382
-0.579515124314924
-0.6474301359232899
-0.44396118993849293
-0.3828949976053411
-0.3802047190603174
-0.2891079165356677
-0.6335179310940225
-0.34025135651265864
-0.6033056378359084
-0.2079945569846772
-0.07887960284913485
-0.5929619578624862
0.5492893289820726
-0.5792807878966438
-1.1312853324132168
-1.1554587528325293
-0.8911913310743543
-0.41141997586996515
-0.2315067467003434
0.8084972603707558
0.8075210327066784
0.2507710755023808
-0.20775151866000513
-0.4320764807750551
-0.7607799780886474
-0.8308827031391761
-0.25145158437674375
-0.45919159717812497
2.3126894331083485
2.6722963393156998
2.672246308357255
0.28630944610723585
-0.18066396561993656
0.2891231627652833
-0.21198539966020316
-0.4869836196767738
-0.18102821347474848
-0.21857550072678186
-0.14575298417361093
-0.43165952368817684
-0.8087573002278635
-0.6613518266369441
-0.863338158085995
-0.9717506782188698
-1.227356528695454
-1.025794645194594
-0.28009292830365135
-1.0170139205169069
-0.3282912610091116
-0.340699909599672
-0.43600773134240234
-0.5716749715920032
-0.942492772922766
0.1510583713020239
2.121716403385785
2.3618325896060974
2.560795236266033
-0.4693331517183198
0.12175526110102604
0.6030126750825918
-0.13276613187926695
-0.24899703096583198
-0.6054965730307668
-0.223553242836666
-0.27300776412032823
-0.17358502840141968
-0.1882199263317693
-0.2068337349237843
-0.33483757922298796
-0.0025769919893409198
0.016654291371262047
-0.4053105998975904
-0.8068256511938351
-0.7482431907545184
0.7617510611412892
1.887851129197657
2.3480262290324974
1.6702424624537235
0.37594862485272923
0.10858997246386583
0.11899126808467912
-0.5564665459399305
-0.6904976021926942
-0.7334212556010357
0.1745827403935466
0.25363783358182906
-0.2235958660410978
-0.666994135536923
-0.7213437091829769
0.9301642557555151
0.059747715404510716
0.6817033364605398
0.4172680627687706
-0.43093997929666555
0.9381273567552483
0.8537471098606068
0.7484904597532264
-0.16705928309165943
-0.1351072399206106
1.1233328440553028
1.6076483539231674
0.7376848258832223
0.2639287348583773
0.02906723256708821
1.1055365644291006
2.134018952559304
2.2212489883064284
1.4173196644046373
1.8898086074118703
0.2271991219213926
1.3767169434192916
0.2802276642259904
1.2505072261939847
0.06861103661815283
0.1345800870643552
-0.23852280749692792
-0.6940047059423036
-0.6716082080979358
-0.981188736503188
-0.699190486020649
-0.6573225164107318
-0.665448971149743
0.5041425839353285
-0.35239681513275034
1.3991753534380036
0.30845938069982026
0.17386360994093208
-0.6015492202384362
-0.05934371451619692
1.008702876280191
0.658360746298631
1.604646687753176
1.0645115898582578
0.530131156941233
-0.00884203797635818
1.1103437443103152
0.24746159550534225
0.06156210690149038
1.0765489414344456
0.2758945514046664
0.5210530698514751
-0.3271772125625873
-0.7727327222010232
-0.6224835731719102
-1.0543538622898256
-0.7609836868048709
0.1606373535059592
-0.18232677682022358
0.3395900342327352
0.1201848038673612
-0.7584421614724568
-0.8295358066945828
-1.0354455794219977
-0.3293193029061074
-0.5556808428963722
-0.1966716777127372
-0.7426487067314376
0.07997390284528803
-0.6476592843181646
-0.4920415446196894
-0.2704485362385289
-0.5494965582756203
-0.43269246659471816
-0.039527100915500844
1.455021162551337
1.0998316109677095
0.6818762583594408
-0.13445185361534182
0.6716940779875643
0.5924561294875603
0.20075297666937933
0.029999885403218157
0.11215923691060291
0.13648561151429983
-0.0961571042048987
-0.2091737469679446
-0.10358497385516689
0.8034474299318214
0.5840147763972771
0.050168608048970664
0.03273431673251864
-0.04536388566423382
0.815517710529856
0.6854669221670097
0.8963631636468158
0.6000229199947943
0.3295021063118215
0.35960884949849903
0.18363859501591287
0.2575679677791262
-0.013840975026669571
0.4001768036463023
0.5664290844377193
0.6722420574718502
1.5441286233524911
1.9799607455930157
1.4092432219470608
1.7227480089733465
0.7070006812228121
0.3420815961151031
0.039760591256872216
-0.4410899382632757
0.173189404014024
0.07142648588395568
0.17197745910779288
0.4976073573862351
0.3699980050685429
0.12551750953035354
0.15070458124658515
0.06824032677402388
0.4417945799384076
0.25844805106431934
-0.7029237175699908
-0.43990139517129506
-0.5060673718794232
-0.16631424651536594
0.734553347957233
0.9850695892833322
1.6193255557571644
1.1008695955519527
0.9560137441566017
-0.1026871132150552
0.12628676706058795
-0.8455122960595309
-0.24991498287550024
0.3405964772834781
0.5897650883019392
2.50787049676218
1.3905378872959953
1.4969773110681206
-0.3002839612545253
-0.6132276438860162
-0.7313227749885953
-0.45123322025716406
-0.12761956125314333
-0.8685268854111169
-0.49220177804476384
-0.5830275106664479
0.26949687046120985
0.4948508044836064
1.6656791677739788
4.331462813464536
4.90656721358137
4.065172367949319
0.8509079337970326
-0.05871379316803833
-0.8277819513794445
-0.7033650191247005
-0.5933534030009164
-0.3688410468414095
-0.3799191689106183
-0.2723676173733253
-0.5511383935994723
-0.4467691173803487
-0.4195300184033995
0.03760690422861863
-0.054379972100866696
-0.09971553038806709
-0.27228982520115097
-0.2522482924710258
0.37272648071890113
1.019944091505784
1.8146363069415312
0.8590917441404402
0.24144376177522195
1.8758304791305342
1.7293870644110758
2.3312623530258603
0.10373469510108807
0.7085050284756583
0.531740180434564
0.18836189214634788
-0.4177193650520463
-0.2881620578707854
-0.5945502234290406
-0.232494111193068
-0.810535074354137
-0.06277660777261239
-0.6727841496564461
-0.2197638117980324
-0.4804783414968393
-0.6383395942630467
-1.1695340477063587
-0.9746682821293903
-0.9370432084462574
0.09076758519556145
-0.5325773467016748
0.17585382234064437
-0.038629655728491766
-0.5923452595493186
-0.7651923233080872
0.825502033724956
0.7055132013582259
0.42651783461497583
0.45090805111085436
-0.5254153130875715
-0.6003345385915676
-0.7334701811230413
-0.5829023951960922
-0.4326896204860843
-0.5961733611706974
0.640576313461117
0.5968094727205371
0.3516054434606858
-0.018927640843482738
-1.015739622450304
-0.4897669807114866
-0.6641969910139787
-0.6922415361554745
-1.107049794914505
-0.81119723635272
-0.8041623522568135
-0.4414052009741145
1.5812360880002667
0.16008071131670631
0.1813287593406383
1.7035463887371705
1.0685486195770937
0.7541994167096379
-0.6917726917088056
0.31768461793103364
3.4398535836986803
3.8257534813793432
3.2335065090238166
0.6538375186770944
1.3295517163236341
1.1986363435580087
0.6870746911483321
-0.7034865778684876
-0.900712310763683
-0.5167922305530636
-0.6267569388108231
-0.7759335082659785
-1.4027880753950963
-0.3891334832208464
