182
0.06175601146398406
-0.8145425960776463
-0.5273934082424753
-0.8425636696066112
-0.9201982624758455
-1.2118584999755309
-0.7898517181614894
-0.6813127927506326
0.05632509240981206
-0.6681192128716191
-0.9291714089223341
-0.9529917265386791
0.9698847329645597
0.03282251332634328
1.3015877147920667
-0.804210223463605
-0.7155238791382311
-0.0831408892113894
0.8522832681833181
-1.2346697123099153
-1.3389597516614793
-1.0811477017237912
-1.1424882488791426
0.7002724431285462
-0.057878097174790595
-0.6164510837948525
-0.6389385323062791
0.21491160407208917
0.4451313497554424
-0.9417819425975791
0.3720897408118286
0.04610879229481533
-0.006807319512678254
1.5824203958764136
0.7269125222654078
0.7863890289658084
-0.23502522114895408
-0.22867408565815672
-0.7450683831538069
-0.3589557073050137
0.9980486568230164
0.29790229817026387
-0.012437733882801918
2.1500528422386282
0.3030593290719268
-0.3466021470092253
2.1313135230228073
1.2246581017873872
-0.6598403989972373
-0.30771512191061745
-0.5418736013477449
0.24002504890494958
-0.1288527838781484
0.7941925218384444
0.5756990018271103
0.32660416949659815
-0.11561703222367187
0.4904642823984918
-0.058077600939642156
0.8387049136748327
0.8127124093274566
1.522452414515906
0.4078716438695221
1.9784976094209281
1.4327588993349534
1.922464952333755
-0.04674212141206907
-0.031996060073041
-0.5595385335380096
0.24942443026789343
2.335844427606887
1.347048549354409
-0.2645434635618317
0.3219564499837394
1.078760138504018
0.27505808828677986
1.1273646273612739
1.4772497463096446
1.0507196555017542
0.0023941385860174465
0.6689781402501599
1.2213960934585113
0.6369350234071149
0.7769364378876831
0.49050070476491764
1.3151508426763998
1.1956443653399598
2.686820790672308
2.3619248675960125
1.3169685808594211
0.1868061132732953
1.08860855406989
2.4556429932720776
-0.8779688601854326
-1.1267683236112067
-1.1540606240440758
-0.657932774118489
-0.031811096154603
-1.142439753344252
2.602205659340887
-0.8734895737975027
-1.1737502827055757
-1.018066767892786
-1.2931639714532366
-0.7608669699348873
0.036030329568585207
1.4652032941804694
1.1533465950143795
-0.8958650525260017
-1.3824077815359523
-0.42779943888555155
0.01998265108057183
-0.3936021347901388
-0.986373516145535
0.3125954739111439
-1.4666763377080339
0.35851320193816266
-0.8956579604678074
-0.9020104775495621
-1.0491114954881968
-0.028734708862098775
0.3648534128260647
0.5046967753314567
-1.1483191229052025
-0.6292529419898539
-0.2925188373798943
-1.3871995276974878
-0.6536260120317035
-0.9443994920787573
-0.9392650692982822
0.9023113077109416
-0.8309421179714372
-1.2175313028495867
0.8396955136725274
-0.43549201269956567
0.6796174886539811
0.28086186695062054
2.9445255945749844
-0.8076341957948394
0.4463251338984511
-0.47992153124390086
-0.7265576793203522
0.38161046350092476
0.3330746856360677
0.4386311429335699
0.9641188552651965
-0.9558494425177734
0.2182244036696127
-0.4578752632747474
-0.30351353288317745
-1.2513923259599193
-0.353963124551876
-0.9731177677282743
2.812519639671994
-1.0786123136945636
-1.1460682543703018
1.79756146456088
-1.10292297919173
-0.7650453261805484
-0.9320402734214395
-1.4563031055655025
-0.20934514941850713
-1.189407826655496
-0.22612848781268452
0.129126995236849
-0.9453121961435086
0.1585711041479606
-0.5567244505557695
-0.5704622932537183
-0.7204910814195513
-0.9124692930676457
1.0820205568900891
-1.2905561150121612
-1.2603990833092746
-1.2139303828332686
-0.41440900886949344
-0.35437341672931166
-1.314815608256714
-0.5123967570150427
0.33512984751448166
-0.7763078015855405
0.09114603383752962
