546
-0.6928087611897044
-0.6971854729755231
0.3684237794250316
-0.5633901422715843
-0.6215864837161823
0.9280046661170309
1.6047048866082139
2.318368347292695
-0.5947025254127081
1.3863261609528417
3.5456817516104504
4.0762637214009825
-0.7246311354310434
0.8049853372699196
-0.638715802777371
-0.7403767203619933
4.334708160077152
3.6549192648670257
2.8781458026869187
-0.7008542252605813
-0.7035017286947125
-0.7246580388571996
-0.45396771426563604
-0.6649190315022794
-0.5618482512623478
-0.6942130496872781
-0.7370971339513112
-0.3054783580724794
0.5211896137018451
-0.5601603522773053
-0.5726234944962539
-0.552886744262897
-0.6741597160993006
-0.7203346389984993
-0.36284481381472
-0.6245555355555364
-0.2716068806698375
-0.534228747613146
-0.4675702768042825
-0.5242053401246654
-0.6652045172517963
-0.7285056019017035
0.004067457763160785
0.48947916206296366
-0.4922942917431066
-0.44300470485401433
-0.6089202466194777
-0.0416378828328465
-0.26390093588223673
-0.8074485048326797
-0.7846375821252617
-0.7428261936733027
-0.7233089402759229
-0.7069697847270607
-0.6995713225519323
-0.48965316869477454
-0.5773327657442824
-0.6859433756330869
-0.25885984744448337
1.1237899827460898
0.15288656998359254
0.11023861183296695
1.4125994966856295
0.9454145857931885
0.2746358049388332
-0.36618524045312006
-0.6740407700185133
0.268249456658406
-0.27671486047119825
0.22825112216177026
-0.35995662174040854
-0.47845098059181207
-0.7666507688486306
1.6946338342116927
3.402871135748386
3.4646732424967017
-0.2329843787140903
-0.3934407713078077
-0.2447527119170699
0.014468895547051787
0.36634979800014744
-0.011335212279290055
0.2217201488433675
-0.46743193069584277
-0.7738681609767878
-0.7824366590412093
-0.7224296969727808
-0.7158190371818589
-0.6823277532738361
-0.6098532438543182
0.1640262088056839
0.4593769902183654
0.4703115441401403
-0.05725109543540539
-0.7629171372594238
-0.7151044931353777
-0.6483080596578455
-0.6160246039652157
-0.5201615975571986
-0.6594226769257343
-0.32997964668131596
-0.6431533014837906
-0.6174771503976196
-0.6540296313606934
-0.8427870121491422
-0.37332902090265385
-0.654913394994188
-0.7064142790202794
-0.6288774824727679
-0.5421227515798783
-0.33839778592578
-0.5985575104445002
-0.07132035301060836
-0.7768304847819992
0.40552265090065176
0.08488862894977614
-0.6741658565682618
-0.7617809369737638
-0.6663542581233468
-0.4394325623049602
0.5279014585670514
1.0003246695568784
-0.41847110866910026
-0.4477417069503086
-0.7949746837137286
-0.6748868513092999
-0.7441259466486184
0.5577568912899412
3.3040112064553258
2.849699757801023
3.5907069189652217
0.7374213871708649
0.3951112504465328
0.20056076408173995
0.19292421822879965
-0.7830928672624485
-0.40554918041635707
-0.5693519064032709
-0.529812545855822
-0.3068896192540428
-0.7574564250796868
-0.8063896693646798
0.40452325732226946
1.0334207676795428
1.3172022361361957
1.636616590251592
-0.7655245697833029
2.5349450282463426
-0.7176553503387576
0.24842114056176345
1.3926075681212702
0.6172990047868717
0.6690435235361191
1.0251796672154683
0.16517201634328021
1.3555558430882013
0.35683257310340455
-0.6504452504855354
-0.6576633521802137
-0.6755195910463815
-0.7816813758254788
-0.7250072836480888
-0.7314106291494847
-0.7194669888070397
-0.3374240380976369
0.2643928131486937
0.45966199818295655
-0.6877327941958961
-0.7150592493119202
-0.593791870797798
-0.49363598363642136
-0.47279912680717057
-0.4563526540162339
-0.5910865220771722
0.16782866021096582
0.07574375347185465
-0.42235795156524863
-0.012902715523317301
0.06011207245488807
0.3256570048950634
-0.43230544126691883
-0.6341437607288833
-0.5775525165049723
-0.4411026768860987
-0.49508840789843317
-0.2650412837337848
-0.46449585864467785
-0.5124635138086202
-0.3616979774006576
-0.5902104394276836
0.4199839186290892
-0.4756553896821902
-0.6224338835061114
-0.5777073157464955
-0.3942134796478232
-0.4595071587895286
-0.49960462930527777
-0.6710375467445777
-0.7477975361092195
0.5814351335957282
0.3550134347791514
-0.3300110996095995
-0.41090486253384745
-0.7405829191894876
-0.7248067460946865
-0.4967986723728349
-0.5424691120016526
-0.6450149495487282
-0.6666284660340057
-0.6003746731975353
-0.43200938949478795
0.9342733123766884
-0.6749435186405875
1.059115393857132
2.145009732781775
-0.7679289144582936
-0.7115127310788238
0.47255122107890934
0.7379729504471799
-0.0073497164647705355
-0.24537160885995385
-0.7008726839807423
0.3648028681123899
0.28115867623493246
-0.7634421139888125
0.6315430552336613
-0.18576861551679277
-0.48231450358176564
0.46388430769824374
0.24173162581523033
-0.24390945170176256
0.025528754782017268
-0.18252241078461204
-0.3465193721559267
-0.27222855265303114
-0.7166690894580354
-0.6621359474359255
-0.45673960109110334
-0.6332582279768642
-0.63815668557313
-0.687970965197239
-0.7794457533852384
-0.710607521868643
-0.6576580664331518
-0.31417719468176897
-0.6378264326830323
-0.5828199462574437
-0.07174552475726191
0.2824095229293953
-0.22746935659507617
-0.3787930964242135
-0.41186281135703323
-0.5324435234554451
-0.6095206371398298
-0.6947258195990947
-0.704436077012163
-0.15436060108912567
0.16184366776360098
0.1130493112237287
-0.46866365448667524
-0.06586199832244546
-0.27373444657318236
-0.5905835167509538
-0.7288016959596946
-0.5405548060148846
-0.786827927780494
1.4441619903204461
1.5946266746371056
0.7023284257509209
0.46595088037238913
-0.5262690357984676
0.803813337407649
1.542826382664401
1.6294045548437495
-0.61613734800294
-0.7718316975113784
-0.8257759596637059
-0.7538860296762344
-0.7645777728542665
1.0273298018510515
-0.5664357681188544
0.05332460601572912
-0.4693110874211137
-0.48460827953588814
-0.6155667725805408
-0.5944586358528074
1.423002731349135
2.3872357958496693
2.873158564337657
-0.7532667150361538
0.9153082203807641
-0.8094618930872289
1.821609032475557
3.2411814773760477
3.236769734852144
1.9747390938471456
1.8400384303109136
1.3835861771349416
-0.14465395572628206
-0.1801702326870279
0.7402782602924813
0.9824562477877479
0.15328757289193912
-0.6637710218460354
-0.5226114417612182
-0.1432868919243986
-0.7263573523275789
-0.542744889828631
-0.461537814199224
-0.31807939483190095
-0.2913329902029575
0.006666932651788945
1.0231648602949752
0.36703012071801405
0.732439457165972
-0.5071285492106136
0.4979937729139475
0.13930790661920178
-0.40740187833327673
-0.10724639248932795
-0.038475473301274224
-0.33687544472587244
-0.5303751724974526
2.6644402940617837
-0.015770677983021827
-0.22976636761950373
-0.6412320061751356
-0.27710516589762063
-0.48632099377677723
0.0038290041284226002
0.25846567454572567
-0.1368958713829663
-0.04993048031251703
0.07583373528402901
-0.33954902291908307
1.8789907649471453
-0.017973336538775034
0.15736700635084938
0.08919236031760669
0.28020430735272034
-0.038818016799350034
2.629662708792214
1.4075936786808794
-0.38455195312340634
-0.5466602673206287
-0.6875886016383852
2.360851105788707
-0.5923024279709542
-0.824094209035483
-0.8362472978931073
-0.7319003287315278
-0.7141388047057364
-0.6926662731699931
-0.4674554268208475
-0.7466608880894797
-0.4281034820527242
1.4049979882325252
-0.3080800133950391
2.0867741302804905
2.4516480747195346
-0.5258235392889486
-0.1071028018022694
-0.010214581804115296
-0.290610572129606
-0.49622930723890263
-0.5713506819022873
-0.6461148589397381
-0.6844698705095649
-0.5297303465074741
-0.7969145853352265
-0.2869532289826363
-0.6180549066843201
-0.009087388162086445
0.2480437344859256
-0.07603058501345555
1.6184648402627542
0.7443086032444578
-0.48482415456298183
-0.47642164011892624
-0.6507713210046561
-0.3396340994727962
-0.5090883286785811
-0.4347157293713639
-0.5356561989276774
-0.7358731571415016
-0.7755507503780288
-0.5792624752756268
-0.75306088358746
-0.4800273049905325
-0.29536935112757945
-0.595329910722856
-0.3037438250625949
-0.4732963582181921
1.3241355889738675
1.744183837302251
1.5022380420044816
-0.6660518252458663
-0.6606690795934383
-0.5829928329135562
-0.6918735496297436
-0.3155289400245302
-0.5076518752413975
-0.24345707522414756
-0.4796831142990224
-0.6028256551375055
-0.49523099605352816
-0.4487118414137335
0.5280737436718391
1.9362459693562373
3.314921849194777
2.424362671851747
4.831015453901069
-0.7222250678587566
4.823922630558026
-0.6706896726257928
-0.7288906762104764
-0.7150665908785264
-0.22927746448761033
-0.361772242172999
-0.5178000494228232
-0.1511117287302097
-0.2538313091971821
0.1373347492390239
-0.7271154377019654
0.30128334607725077
-0.0974021999286263
-0.2280328977492134
0.8282086826347502
1.3916721332368804
5.134398266469275
2.900505539224614
2.58539735634183
0.07423038055268971
-0.12754174908167445
-0.37851262965725135
0.48524733505198714
0.22801866386499817
0.18692982246408757
0.26839772023831915
-0.6382842659129613
-0.669880582293706
-0.6642739565413367
-0.6579132713712895
-0.5818934319194108
-0.37714400981875934
-0.8390260570986361
-0.37902640312377645
-0.581676365186098
-0.5592547349914182
-0.5528734326966855
-0.6442979485103134
-0.5007269958746607
0.008207533994324388
-0.1511457838808687
-0.17016122873140324
-0.49231042410398723
-0.4499577550515482
-0.6000220399675836
-0.6959108670163303
-0.7249552719491561
-0.5869381608985353
-0.6305895191706616
-0.6611117992344288
-0.7274430186945516
-0.6219680716460877
-0.6142257198400332
-0.638677757718016
-0.6741445218232317
-0.6982725234153877
-0.6365418577710283
-0.682621095712577
-0.6881112212048243
0.13880650008851012
-0.007125594536102585
0.15052942842866726
-0.08500925057289636
0.041110091422151517
1.2752342353766448
0.7412154419683384
-0.3369364148128165
0.9980774363213953
0.6301526414888668
0.9324167472366431
0.49431846753566056
0.6749295201802584
0.8979430164428865
1.082592343404418
0.9730167140547485
-0.15652810418343202
-0.39732778920722606
-0.3260139059001614
-0.5311691967282409
-0.6257359710345423
-0.7404971294968594
1.984635078343372
1.871859841498435
2.5365816486348147
-0.6973064264449035
-0.6137520311081595
-0.7839599857905355
-0.7771451762928498
-0.8119532892511827
-0.7798077501033065
-0.7343317292590031
-0.7968726106996055
-0.7677691594921492
-0.5529527217645055
-0.288475453321261
0.2407770428734278
0.1916802744455862
-0.7203812744309488
-0.5032485729613834
0.7113590782853545
-0.1474342653490107
1.1559065744685417
1.0243190494313992
-0.5043753113615864
-0.27414284466514655
0.43197605248519316
0.11564824529147101
-0.35347745650766293
-0.5249382573650404
-0.5915020183478773
-0.7424708622199767
0.03153226157368618
-0.7895828440392229
-0.39234349170578053
-0.12185290102946741
-0.7372822525712052
-0.5630652680632823
-0.333044388451493
-0.1274252543949157
-0.3980689334629223
-0.14367305749636866
-0.271970107310008
0.28399772631806547
0.6844659436144507
0.8928013911847971
1.1796601559955149
-0.14197791605024476
-0.41068284855239495
-0.38560545782822864
-0.2806189858304512
-0.24089864344480533
-0.7430629411644408
-0.3970207847657502
