182
-0.770811
-0.584326
-0.501426
-0.0398279
-0.368731
-0.457852
-0.496563
-0.468126
-0.1662
-0.412586
-0.390351
-0.283259
0.157927
0.62259
1.70164
-0.517169
-0.75046
-0.51041
1.23012
-0.506237
0.859041
3.10028
1.1062
1.42689
1.44962
-0.072325
2.17793
0.477162
1.35321
-0.229671
0.0277948
-0.249493
0.0210153
-0.356502
0.498093
0.887461
-0.0661394
0.118297
0.135804
0.446793
0.526799
0.693246
-0.0308142
2.74598
2.4328
2.1928
-0.0994057
0.802364
-0.413831
0.364358
-0.326561
-0.202583
-0.30502
-0.590248
-0.181507
0.379121
-0.110082
0.371793
0.263624
0.710357
-0.0447092
-0.0982168
-0.202999
1.34964
-0.145659
0.211174
1.74176
2.14657
-0.716561
0.383806
0.817723
0.693733
-0.0712067
-0.45302
0.959469
0.669283
2.43144
2.8092
2.65764
0.266188
1.4122
-0.325874
0.267085
-0.4393
0.52277
0.554315
0.896277
1.15183
2.04134
2.3778
0.0264108
0.543308
1.46095
-0.174715
-0.708462
-0.261764
-0.326514
-0.445892
-0.2421
-0.627507
-0.223113
-0.624592
0.364251
0.209219
1.51058
-0.353405
1.41039
-0.268513
0.441886
3.12082
2.82973
2.09537
1.93117
0.860764
0.20371
-0.522819
0.436252
0.422728
-0.154775
0.967121
-0.41617
-0.545929
-0.713795
-0.452055
-0.701068
0.183816
0.0923069
-0.381197
1.5775
0.96229
0.730118
0.885587
3.36949
2.56201
0.768421
0.836467
-0.00852001
-0.154328
-0.190135
-0.382904
-0.634864
-0.776329
1.78475
0.237398
-0.564564
-0.399021
-0.479186
0.302395
-0.618732
-0.740074
-0.452198
0.603686
-0.407957
0.217455
-0.507336
2.99596
2.80894
1.18699
-0.319004
-0.674808
-0.360015
0.291343
-0.576061
0.253028
0.484213
0.443046
0.583962
-0.454357
-0.256321
0.0179033
-0.359737
-0.544552
-0.227556
0.404004
-0.518801
0.740141
-0.454629
1.57464
2.77
1.78959
1.71365
-0.220384
