182
-0.914167
-0.691331
-0.524415
-0.18527
-0.318671
-0.490503
-0.565888
-0.639432
-0.26712
-0.324847
-0.537324
-0.360762
0.174998
0.694943
1.63728
-0.726415
-0.806888
-0.575045
1.23433
-0.561873
0.704627
3.08281
1.02307
1.24398
1.16353
-0.151515
2.05314
0.442786
1.11232
-0.32399
-0.0250741
-0.332539
0.0566
-0.537975
0.363317
0.945456
-0.20318
0.0733128
0.0415387
0.230778
0.461185
0.488733
-0.054184
2.6752
2.37933
2.05781
-0.173405
0.673137
-0.654532
0.223359
-0.495361
-0.277056
-0.411425
-0.684153
-0.381869
0.222031
-0.166361
0.270619
0.281168
0.573311
-0.256116
-0.139443
-0.269628
1.34672
-0.158838
0.177433
1.62231
1.96972
-0.876624
0.199635
0.881679
0.560354
-0.109048
-0.594311
0.995898
0.738624
2.39581
2.56947
2.44547
0.0743492
1.03698
-0.422498
0.0552216
-0.493735
0.438063
0.416943
0.919679
1.01923
1.97367
2.19036
0.0447394
0.499604
1.44622
-0.212996
-0.780612
-0.302676
-0.365158
-0.475289
-0.27483
-0.665679
-0.501037
-0.668431
0.48165
0.0197498
1.48998
-0.3678
1.38
-0.240858
0.364735
3.05416
2.85094
1.99131
1.7018
0.894444
0.171489
-0.659532
0.467872
0.376526
-0.212584
0.808213
-0.383753
-0.592791
-0.875154
-0.500037
-0.624706
-0.0443762
0.173101
-0.535788
1.29382
0.87651
0.756621
0.791884
3.34125
2.42786
0.771127
0.904503
-0.127641
-0.13159
-0.162653
-0.300569
-0.714714
-0.831288
1.76498
0.122193
-0.713949
-0.368141
-0.489477
0.278523
-0.595764
-0.758066
-0.652549
0.596024
-0.469362
0.111082
-0.500772
3.01642
2.81466
0.995685
-0.50353
-0.757177
-0.366309
0.24088
-0.667047
0.315565
0.48893
0.398635
0.433558
-0.453921
-0.256806
-0.0205326
-0.345445
-0.471367
-0.189275
0.308741
-0.539565
0.592635
-0.482291
1.6153
2.59461
1.51301
1.63562
-0.276677
