548
0.584835
1.43265
3.1641
1.41932
1.22492
1.36524
0.889223
1.05709
1.00326
0.82858
0.871766
2.65514
1.88414
0.696986
1.56656
4.07476
4.48132
2.88215
2.43364
2.49528
1.96251
1.75657
1.16523
1.27207
1.30654
1.50069
1.66933
1.17409
1.55555
1.32482
1.17764
1.52853
1.227
0.578375
0.780267
0.868055
1.67403
1.48184
1.5194
2.25998
3.06827
4.19339
1.04758
1.46884
1.39778
1.11867
0.490767
0.703224
0.573621
0.803334
0.444632
1.06726
0.216602
0.254996
0.19586
1.73446
0.0391871
-0.388543
0.314914
0.411772
0.325972
0.919711
-0.247884
-0.20204
0.380424
0.274059
0.377102
1.15758
2.02986
2.20066
0.47278
0.178375
0.222987
-0.0419447
-0.0673499
-0.100069
-0.112259
0.982315
2.7778
3.14457
1.21881
0.791848
1.38657
0.694292
0.809168
1.22146
1.01066
0.21078
0.412225
1.55701
0.318665
0.893288
2.43633
0.253439
-0.32396
0.257571
0.2725
1.97956
0.354827
0.105823
0.0683335
-0.361814
0.407229
0.14695
3.14862
0.138024
0.267945
0.387631
0.931653
0.841662
1.00284
0.633031
-0.0196078
0.526784
0.135486
0.146025
-0.0534831
0.157415
1.82961
0.605161
0.644282
1.23051
0.102577
-0.0603769
-0.0954378
0.0925629
1.24151
3.13892
0.143294
1.34402
2.66081
1.82877
0.795708
-0.245577
0.108765
0.141877
-0.0355629
0.143581
-0.739649
-0.36668
-0.3608
-0.240157
-0.172602
-0.0840599
-0.326253
-0.0876033
0.714103
0.733112
0.522856
-0.0988419
1.02662
0.573813
-0.146366
-0.615872
1.18435
0.0820416
0.814897
-0.138529
-0.430236
0.0781428
-0.164435
-0.646066
-0.501552
-0.0885062
-0.0464828
-0.159347
2.79819
-0.275906
-0.281002
0.955888
0.1831
-0.592494
-0.412566
0.156256
-0.457001
-0.410903
0.639048
0.434064
-0.390464
0.494671
0.0145447
0.131219
-0.345331
-0.393863
0.292404
0.273206
-0.370771
-0.408967
-0.294977
-0.10816
0.183032
0.340565
-0.0964265
0.82023
3.25297
1.6174
2.01038
0.244176
0.0213742
0.759913
0.208096
-0.478793
-0.407201
-0.444021
-0.503334
0.335493
0.24232
-0.228202
0.64486
-0.0631524
-0.295397
0.701684
-0.340091
-0.790563
-0.504129
1.72881
0.229169
-0.335199
-0.0301307
1.29131
0.215178
0.241377
-0.439404
-0.437147
2.2415
0.354665
0.0826493
0.651897
0.477102
0.900115
3.28253
0.76792
-0.232554
1.60254
0.387824
0.364896
1.00285
0.480761
0.302115
4.80362e-05
0.242132
-0.230389
-0.11675
-0.264217
0.196444
0.417236
0.117692
0.689148
0.521151
0.86921
0.283194
0.531904
2.05254
0.987076
0.947825
1.01728
1.09291
0.724035
0.789103
1.26276
2.60045
0.646781
2.42157
1.10579
0.614706
0.68645
0.749171
1.07399
0.635819
0.769382
0.592938
1.25473
0.552872
0.291681
0.301322
1.44234
0.589666
2.14907
0.0373712
1.23728
1.80326
1.00762
2.53135
0.898736
0.461735
0.402741
0.617191
0.257573
-0.379527
-0.203094
1.98669
2.51802
2.8339
0.886192
0.620177
0.897294
0.629572
0.973755
0.50609
0.580379
0.674467
1.44179
0.495884
0.553129
1.64286
1.06431
0.465686
0.822496
0.501308
0.186659
0.785629
1.40024
0.682589
0.447903
0.322376
1.50468
0.501575
0.296883
0.452367
2.25279
3.13993
1.8413
1.03932
0.370283
-0.333336
0.18211
-0.295839
-0.00100509
-0.299104
0.118776
0.118434
0.575344
-0.061867
0.0345473
-0.325855
-0.374946
-0.532195
-0.232117
-0.240521
0.189035
0.695955
-0.118464
-0.334466
0.285252
1.09693
-0.0792092
-0.0877554
-0.500278
-0.330923
-0.277893
-0.499248
-0.337265
0.0615122
0.00269994
0.0645375
-0.37
-0.221695
-0.473462
3.29113
-0.00297283
0.479023
0.145955
0.0362295
0.661381
0.390161
0.149021
2.09762
0.80029
0.335359
1.38557
0.181369
0.733055
-0.0640868
0.230567
0.422157
0.0329857
0.540382
-0.0409194
0.271546
0.681225
1.11872
1.23538
0.261741
-0.0766668
-0.162599
0.0230705
-0.173516
-0.501874
2.45872
1.79896
0.788019
0.130694
0.370043
0.00746466
-0.312477
0.949664
0.406606
-0.141907
-0.0399957
-0.0668642
-0.269063
0.082248
-0.371504
-0.0422544
-0.174476
-0.324696
0.0673555
0.00775048
1.97088
0.308622
0.31158
1.95523
1.94846
0.97592
0.894471
0.895056
0.568028
0.49319
0.549386
0.44007
-0.426013
2.69456
0.639579
-0.316803
0.328696
-0.307082
-0.0754672
-0.347809
-0.468255
-0.227967
0.96099
0.611836
0.545989
0.39984
0.510174
0.181476
1.02931
1.4766
0.0635525
1.47592
-0.114283
-0.0758741
0.649352
0.0638635
-0.185497
-0.28761
-0.196269
0.463957
0.965708
2.88341
1.41301
0.1341
-0.298716
-0.138889
0.852281
0.0186782
-0.0886124
0.0785878
0.153252
-0.0540211
-0.208787
0.367616
-0.515405
0.0189837
-0.149072
2.56786
0.0577962
0.157162
-0.337011
-0.0203207
1.60041
-0.135793
-0.111544
-0.265979
-0.0947692
0.074613
-0.0365856
1.92235
2.5405
0.746921
-0.0360963
1.28895
0.780486
1.51601
0.857027
2.65115
0.419631
2.2442
1.93689
0.421586
0.199113
0.0154715
-0.174065
0.178702
0.429999
0.647253
0.379105
0.48434
0.23882
0.158473
0.639631
0.456074
0.884487
0.759661
0.640722
0.540546
0.846265
0.940081
0.33611
0.409315
0.954188
1.82652
1.46401
2.66279
2.55638
0.176268
1.23814
0.408778
0.127859
-0.305435
-0.0655526
-0.126456
0.0288342
0.0692964
0.121174
0.689222
0.0471437
0.0346139
0.548652
1.17821
1.07498
0.95717
1.46639
-0.0139424
-0.120627
-0.0918513
1.08676
0.499826
-0.129835
-0.117663
-0.308999
-0.75714
0.996011
0.389573
0.0723123
1.05849
-0.418755
-0.113795
