548
1.29993
1.33284
1.33433
0.443057
-0.567741
-0.333245
-0.209119
-0.284386
-0.203116
-0.371062
-0.161312
0.845848
0.638251
-0.449603
0.327712
-0.697943
-0.359763
-0.219809
-0.487531
-0.43833
-0.202686
-0.293338
-0.431409
-0.261505
0.750558
-0.456423
-0.462428
-0.240434
0.785556
-0.383263
0.758575
-0.113549
-0.348932
0.835679
-0.250745
3.28892
3.65002
3.82177
3.38538
3.50907
3.28239
3.68159
3.06515
2.0791
2.038
2.07508
3.04279
2.40219
0.665556
1.82877
1.24138
1.39632
0.852964
0.652134
-0.0490739
-0.12265
0.0142216
0.451107
0.846442
1.13002
3.88517
2.22915
1.32962
-0.424892
0.45959
0.857136
-0.280314
0.503262
1.69993
-0.584189
-0.207272
2.59214
1.53628
1.26445
1.9554
0.526394
-0.237757
-0.342203
-0.44101
-0.800643
-0.256437
-0.350883
-0.285186
1.18463
0.664454
1.31724
0.694542
-0.132475
-0.478771
-0.23947
-0.53027
-0.280194
1.56679
1.16562
1.30467
-0.309746
-0.281704
-0.384232
-0.385163
-0.326898
-0.317393
-0.293377
-0.604569
-0.300811
1.38596
-0.283642
-0.275363
0.108048
-0.243696
-0.29885
-0.358658
-0.367965
2.16693
1.57235
-0.426457
-0.322814
0.0967313
-0.337132
-0.569807
0.505902
0.574643
0.544443
3.37016
2.02026
1.31424
1.06857
-0.11897
0.534057
1.63657
-0.179735
-0.146626
0.664441
-0.412269
-0.1936
-0.350458
-0.128247
-0.0300386
0.0256745
-0.158106
-0.137353
-0.0998683
0.0600393
0.734577
0.908264
0.667337
-0.500894
-0.0922956
-0.351187
-0.289404
-0.0217134
-0.31217
-0.3081
-0.228236
0.7834
-0.310041
-0.123395
0.742989
-0.418857
-0.368327
-0.544421
-0.548862
-0.549461
-0.474655
-0.331064
-0.299622
-0.0136833
2.45869
-0.372874
-0.442471
-0.336299
-0.438603
-0.769304
-0.769988
-0.176122
-0.2196
-0.279115
0.969973
-0.353859
-0.0236935
-0.357373
-0.478771
0.103332
-0.631615
0.543279
-0.334988
0.4494
3.40725
1.24841
0.627033
-0.218923
0.618237
1.27298
0.155002
-0.287537
-0.0977733
-0.559594
2.01339
-0.00906191
-0.0713855
-0.0297377
0.0497788
-0.160082
-0.416505
-0.114421
-0.327051
-0.509033
-0.507784
-0.148631
-0.0329347
-0.293978
-0.170108
-0.366705
-0.820028
-0.578911
0.7319
2.29264
-0.0634235
-0.208008
-0.113058
0.069285
-0.205377
-0.0704668
0.0598291
0.334395
-0.235234
0.10129
0.132057
0.622229
1.25573
1.48472
2.54683
0.504747
0.640203
0.817689
0.284263
0.367632
1.3887
0.267921
0.237452
0.29424
0.588088
0.462274
1.11559
0.452067
0.67904
0.45449
0.428979
1.0298
2.42386
2.01217
0.808989
0.256807
1.41282
1.25521
0.413709
0.416677
0.382824
0.314512
0.0990105
1.00015
0.918327
0.306262
0.190317
0.0765716
0.341679
0.303227
0.397161
0.413847
0.434109
0.350794
0.373273
0.872806
0.798802
0.868749
0.627632
0.72073
0.538641
0.476064
0.653531
0.680354
0.83178
0.758802
0.521022
0.648803
0.476878
0.681467
0.580324
0.694348
0.621678
0.66718
1.00025
2.02396
0.495026
0.196172
0.349587
0.602528
0.380142
0.362391
0.379765
0.230131
-0.220679
-0.0139792
-0.247375
0.256743
0.281852
0.107417
0.119781
0.199461
0.369632
0.699252
3.42271
1.90952
2.17093
0.545837
0.6798
1.36728
0.942679
0.228937
0.184663
0.292605
0.221805
0.627089
0.508364
0.288547
0.295924
0.672809
0.367207
0.300493
0.848394
0.0548629
-0.00689284
-0.27826
0.49237
0.46857
0.762581
0.709832
2.26561
1.68857
0.061627
-0.12995
0.215056
-0.000626166
-0.00468469
-0.0475468
1.71928
0.618065
0.242146
0.17196
0.0858805
0.0484983
0.160775
0.633519
1.30749
0.131382
0.0905986
0.307982
0.0618594
0.0132355
2.69702
0.345391
-0.144693
-0.00648932
-0.112956
2.15594
0.77685
0.474422
0.482509
0.407394
0.371044
0.278258
0.235846
0.691501
2.17234
0.880566
0.841203
0.826381
1.36717
0.0876514
0.0909232
0.365631
0.3231
0.201938
0.39965
0.134436
0.603582
0.333421
1.29099
2.13387
1.4827
1.11724
0.776737
0.613837
0.773422
0.304206
0.10764
0.163631
0.0850809
0.33289
0.433591
0.666141
0.716673
0.826499
0.832274
1.04756
0.934604
0.730729
0.669061
0.774271
0.829175
0.68106
0.71257
0.886657
0.603732
3.35385
1.36278
0.119052
0.681559
0.296207
0.294719
0.354716
0.796254
2.6993
0.179877
0.00741462
0.179537
0.0346112
-0.139673
0.523968
0.623629
0.467245
0.356368
0.985345
0.311433
0.174614
0.321755
0.323568
2.21333
0.582911
0.442414
0.554724
0.562735
0.541793
0.863282
0.731488
0.607023
0.669882
0.647021
0.649243
0.637044
0.455304
0.560147
0.59107
0.776222
1.05458
3.27862
2.17797
0.468435
0.066646
0.0450223
0.649744
0.263548
0.718719
0.151636
0.115688
0.201593
0.193987
0.295271
0.742098
0.552512
0.658099
0.648696
0.416673
0.352515
0.105728
0.29118
0.511589
0.254634
0.190616
0.103481
0.117828
0.707002
0.0615451
0.246267
1.37967
1.20364
3.45032
0.491346
2.1159
1.64492
0.318831
0.418893
1.17382
0.055517
0.231821
0.224488
0.136951
0.0572793
0.471141
0.482269
1.1977
2.27277
2.13681
2.07285
1.38516
0.670789
0.870654
0.653297
0.672462
0.65631
0.673509
0.832131
0.741124
0.707118
0.982229
1.01572
1.03805
1.01071
1.13282
1.10556
1.05404
1.00893
1.22955
1.07126
1.1219
1.94238
1.37752
0.986481
1.01298
1.08275
0.862688
1.08389
0.629605
1.63027
0.679355
0.399831
2.57845
2.41459
2.2088
2.22629
2.17317
1.55203
0.897811
0.821484
0.659803
0.155137
2.46449
0.465591
0.567162
