545
1.31795
2.89617
1.48051
1.33663
1.71492
1.50327
1.35682
0.568723
0.712381
0.870892
0.865037
0.75628
2.70953
0.652836
0.628126
1.23654
1.32305
0.0253095
-0.0981792
0.0885234
-0.177125
0.286938
0.354022
2.29468
1.38472
1.58754
1.49605
0.960281
1.00352
2.23563
2.57009
2.55623
0.581091
1.06275
2.03236
0.997037
0.581586
-0.235852
0.886824
1.02437
1.70187
1.49536
1.44944
0.805438
0.746408
2.48333
0.567872
1.07786
1.36217
1.22093
0.753803
0.578471
1.08422
1.43401
1.71024
2.70322
2.33335
2.85011
2.93015
2.19715
1.4245
1.37933
1.15348
0.0210811
0.0637501
0.63613
0.671967
2.0074
0.666043
1.04738
1.12786
0.971799
1.17195
1.18556
1.12312
-0.0837302
-0.178462
-0.12835
1.30287
-0.031203
-0.0713702
-0.0659071
-0.120172
-0.254597
-0.473916
-0.306475
-0.430307
-0.410019
-0.460736
1.21817
-0.42634
-0.516895
-0.566905
-0.222663
0.0101228
-0.0906799
1.90061
1.99428
1.46183
0.615523
0.999731
0.0689484
-0.116158
0.933136
1.55474
1.82523
1.37507
1.05804
0.137539
0.0243527
-0.202983
1.30693
0.0325768
-0.250819
-0.235854
-0.414331
0.283762
0.273463
0.144135
-0.475434
-0.288682
-0.0899494
-0.0337701
-0.0910524
-0.00916782
0.788045
1.9457
2.56092
2.42695
0.152473
-0.505272
0.188283
0.317849
0.182317
0.185266
-0.276076
-0.500408
-0.191419
-0.228255
0.190306
0.699617
0.832095
0.759904
1.7294
1.54028
2.70347
1.58869
-0.21732
-0.0201957
-0.257533
-0.918102
-1.06621
-1.01051
-0.0637976
0.310902
-0.277503
2.8278
-0.238748
-0.13352
1.13071
1.4571
1.47778
1.44536
1.05743
0.722423
0.0432853
0.109466
2.72794
0.481581
0.424643
0.656649
0.70992
0.679793
0.151
-0.357588
-0.433439
0.498834
0.675536
0.458507
1.71271
1.81903
1.93429
1.22664
0.904876
-0.158292
0.781755
1.09646
0.888523
0.442057
0.0933365
0.126311
1.0873
1.3441
1.93628
2.16574
2.18255
1.65327
0.183037
1.20543
1.22223
-0.071829
1.49661
1.31094
1.22153
1.07639
2.72232
2.80931
2.81062
1.32855
1.38072
1.52739
0.0244567
1.66656
1.68263
1.28431
1.03453
1.07835
1.04147
0.813873
0.870427
0.665844
0.410938
1.34317
0.162898
-0.139726
-0.317114
-0.388101
-0.315763
-0.287804
0.42346
0.34617
0.280268
0.485423
0.460563
0.446946
0.362446
0.142813
0.167042
1.87183
2.01362
1.77247
0.568391
1.23857
1.59099
1.44137
0.468578
0.925482
0.961614
1.00495
1.68057
1.20269
1.31125
0.0254603
0.021593
-0.304437
-0.272483
0.359898
-0.523392
0.127147
0.0162266
-0.103543
-0.698789
-0.654787
0.537253
1.8481
1.93994
2.06156
0.521164
1.27094
0.955914
0.970478
0.926736
0.639511
0.234189
1.12147
1.18721
1.35954
1.51631
0.83765
1.97142
1.85521
1.52811
0.0462689
0.00496097
0.779427
2.8471
2.83338
2.50493
-0.0332525
1.25431
0.0550183
0.360935
0.318892
0.0751296
-0.645442
-0.863527
-0.824101
-0.770626
-0.72606
-0.158113
1.49491
-0.244336
-0.201395
-0.942139
0.122153
-0.0269045
-0.101506
-0.593189
-0.792188
0.0339839
0.733796
1.72724
0.277996
0.263038
0.506522
0.612027
0.57381
1.60714
1.8599
1.86648
0.980433
-0.287688
2.27397
-0.468989
-0.48892
-0.851121
-0.64368
-0.511433
-0.662425
-0.829851
-0.87838
-0.800661
-0.202435
0.893524
2.25381
-0.238896
-0.434369
-0.671793
0.246199
0.307413
-0.00604251
0.121862
0.10929
-0.00737832
-0.171716
2.13452
0.00695955
0.124599
0.456112
0.368389
0.0762593
-0.168643
-0.632777
-0.528381
-0.687904
2.82755
1.44649
2.8415
2.54607
-0.30348
-0.573906
-0.794076
-0.786549
-0.681149
-0.490761
-0.519031
-0.69879
1.60376
-0.461929
-0.606
-0.570803
-0.908804
-0.749898
-0.819082
0.230499
-0.210579
-0.334287
-0.25523
1.41379
-0.335966
-0.740308
-0.866772
-0.535469
-0.5328
-1.14795
-0.953048
-0.105281
0.564751
0.818905
0.360729
0.508049
-0.0329885
-0.349592
-0.274331
-0.367187
-1.02569
-1.31569
-1.36037
-1.20912
-0.269364
-0.278481
-0.200612
-0.24936
-0.655516
0.184834
0.211965
0.485336
0.151864
0.0126758
-0.844193
-0.796031
-0.546801
-0.943877
-1.10616
-1.03426
-1.12437
-1.27544
-0.493101
0.0224273
0.128204
-0.145011
-0.694105
-0.557214
-0.577126
-0.541405
-0.581056
1.43294
1.3644
1.40887
0.0363935
0.0925351
-0.394394
-1.10324
-0.312898
-1.1899
-1.06363
-0.983688
-0.505694
-0.371578
-0.290894
-1.06671
-1.04592
-1.16127
-0.793557
1.16116
-0.240415
-0.647177
-0.0310618
0.262129
0.290458
-0.109573
2.69555
2.52069
1.66212
0.708508
0.685776
-0.317473
0.554381
0.190224
0.168019
0.146082
0.306796
-0.164323
-0.319676
-1.18185
-1.19075
-1.24856
0.0124009
-1.01342
-0.891766
-0.803309
-0.499561
-0.345973
-0.422203
-0.429801
0.0705288
-0.0570886
-0.139714
0.145383
-0.0459386
-0.201299
-0.247325
-0.381918
-0.091566
0.203905
0.0561346
-0.256511
-0.677228
-0.721611
-0.00276993
-0.657719
-0.591144
-0.560912
0.594565
0.605568
0.53686
-0.291191
-0.183795
-0.038351
0.175174
0.236796
0.674892
0.826936
1.01356
0.640075
0.0658994
0.00388504
0.257352
0.639071
1.60158
1.8027
1.85836
0.639242
1.29155
0.434971
0.0658042
0.439426
0.293148
0.118008
0.0641985
0.784089
0.945567
0.537788
1.20748
0.200469
0.233643
1.36658
1.60175
1.41742
-0.0399689
1.41191
3.62813
3.64543
3.67288
2.71745
2.49053
2.60417
2.30238
1.04797
0.670113
1.10037
0.571851
0.569868
-0.062858
0.918042
