182
-0.206603
-0.0866217
0.844259
0.477643
0.0616478
0.547733
1.49141
0.756769
0.470312
0.790241
1.11892
1.98472
3.00031
0.520637
0.304828
-0.347339
0.338762
0.291058
2.42694
0.886651
0.168476
-0.864127
-0.385252
2.26846
0.681177
0.822896
1.21616
0.220057
0.397669
0.0989129
1.36474
0.224313
1.48401
1.46484
0.797565
2.22031
-0.25179
0.506596
0.356626
1.16546
1.44802
1.4226
0.760366
1.27633
-0.975579
0.349124
1.17557
2.42629
-0.895679
0.515786
0.821208
0.480322
1.14401
1.10195
0.467915
2.05762
-0.590294
-0.645369
-0.00253996
2.02647
-0.9483
0.219508
-0.488145
2.40147
-0.227728
1.38562
0.482678
-0.257582
0.451624
-0.233982
2.51707
1.11893
1.02758
1.30631
0.601179
0.215718
0.348296
0.353204
2.77393
0.704832
-0.956341
-0.533383
1.59129
1.99669
0.00359962
1.7173
1.01264
-0.394681
1.25443
0.203383
0.835741
0.348216
1.95872
-0.793578
0.876588
1.71422
0.522066
0.686791
0.970684
0.721947
-0.589277
-0.290647
1.42247
2.11695
0.868806
1.68369
0.742099
-0.0734891
1.0397
0.964463
0.680946
0.74621
1.57853
0.0539554
0.419414
0.103268
1.56749
-0.669819
1.55445
1.05163
1.07574
0.850409
-0.256074
-1.08146
0.665829
0.976167
0.711323
0.26267
0.815977
-0.24329
0.908229
0.442629
0.419485
1.79075
0.128941
0.0409837
1.23928
0.243852
0.152499
-0.185752
1.08582
0.89594
1.32013
0.127073
0.244776
0.127463
0.36264
0.632751
2.06452
1.09652
-1.03829
0.157523
2.24374
1.63872
1.09322
-0.518536
1.42166
0.538585
-0.394938
0.321784
0.686176
-0.295853
1.14019
1.89794
0.743074
0.670754
0.459329
0.559558
-0.564851
0.426459
0.628504
0.836598
2.5997
-0.450051
-0.514848
1.14089
0.920697
-0.216732
-0.118197
1.0434
0.270405
1.12083
