182
-0.298973
-0.679746
0.616654
-0.373348
-0.467928
-0.416444
-0.324833
-0.414596
-0.633219
-0.301656
-0.271537
0.917538
3.34822
-0.593109
0.55591
0.0572343
-0.564727
0.107423
1.6063
-0.198329
-0.0529333
-0.750735
-0.247042
1.44284
0.719303
-0.609375
1.45339
-0.0930244
-0.238124
-0.176854
-0.0793603
-0.630419
0.967235
0.824748
0.153002
2.14781
0.172358
-0.315366
-0.70422
0.200657
-0.0111959
1.40155
-0.467643
-0.389081
-0.276134
-0.380238
1.49869
2.84073
-0.622239
-0.0171442
-0.420416
0.286148
-0.129077
0.64977
0.0791181
2.38067
0.183513
0.417798
-0.422211
2.3191
-0.111762
0.878867
-0.0155687
1.39116
-0.130537
0.198303
0.09981
0.0156147
1.93346
-0.635227
1.54665
1.15076
-0.0687091
-0.167724
0.678419
-0.393776
-0.39646
0.251065
2.88403
2.03608
0.00359869
-0.222408
0.888484
1.35526
0.13046
1.37654
2.02664
0.386899
0.903847
1.56004
2.16236
0.350716
1.7778
0.430329
-0.174404
1.86254
0.0187489
0.516234
1.80144
0.597402
-0.113657
-0.35959
-0.588741
1.56594
1.51363
2.0469
3.37927
2.12985
1.80184
1.49011
1.6211
1.49403
2.90645
1.89711
1.00626
0.510263
-0.134451
0.33997
1.1067
1.29309
1.43467
2.60124
0.710345
-0.395772
-0.159185
0.618997
0.461409
-0.336267
0.860631
-0.395123
0.454526
-0.548766
0.721672
2.40802
-0.369996
-0.303192
1.09814
0.389315
-0.537145
-0.647576
-0.0856821
-0.744674
0.173398
-0.0334108
1.39341
-0.174863
0.0795491
-0.0484048
0.509049
1.10979
-0.523784
0.647579
-0.184716
1.95878
0.863943
0.869159
1.77607
-0.1701
-0.541419
-0.207523
-0.217698
-0.613
0.152892
-0.308634
0.0286899
0.19757
-0.142419
1.03519
0.0324569
-0.36013
0.0793587
0.107132
2.44738
1.74122
-0.302311
1.374
-0.0316669
-0.00567731
-0.395709
0.645771
0.0973781
-0.145052
