546
-0.5994274639065137
0.07133719653334411
-0.2646716124789221
-1.0085397295341696
-0.8568218881837988
-0.6961650773108983
-0.8427500369795841
-0.7110870326731632
-0.7697947335814948
-0.5172626399313622
0.3303782767586494
0.6920478572365885
0.4312758099290153
-0.1280675849849366
0.013267466255286282
-0.5099974535568206
-0.14425216526415027
0.019756535829558722
0.6677541183633986
0.1374795612196948
-0.3723013932061692
-0.5339438227368286
-0.05016941146530463
-0.2428987176480763
0.42810167249160136
-0.44766129442993846
-0.9182063821945289
-0.8746937872999879
-0.682443273101489
0.8647739148129843
0.5735075953257887
-0.17636541125999478
-0.8717578812382877
-0.7210437377179187
-0.1771971183306668
-0.2136056275990631
-0.70948845270148
-0.6912664524986016
-0.41738495956022015
-0.27485136527846965
-0.5603802276120311
3.484725980684137
2.849438827146572
1.079685770239668
-0.518234225438274
-1.0481242371911963
-0.11306237299226912
-1.1072767458713322
-0.8281920260108385
-0.9558709347325657
-0.7498269827918448
-0.6267480908358177
-0.44706714700850236
-0.6878631838645886
-0.4102355145293547
0.6816031356445571
0.12197799501706995
-0.14766892838959597
-0.47516822790780994
-0.9464505324935817
-0.6085565320473844
-0.6338907739371532
-0.5665818516455631
-0.33153980609965167
0.2992203953646768
-0.06817360955252784
-0.6111449601733296
-0.687760486033363
-0.01512590477566801
-0.5849026393984428
-0.2789606671679196
-0.3879141184872549
-0.005711278312732639
0.6629284052929509
1.5589981154249237
1.081810134894671
1.163754898554149
-0.7581902547100933
-0.5307731165212106
-0.8692579300583463
-0.7813200027384318
-0.8849945487135558
-0.9145267122145416
-0.3996261496424617
0.037475194348051445
-0.23897900680417725
0.5592845803126424
0.6549243242893203
-0.02974044035975456
-0.045690815089689675
-0.891847104471489
0.6339014454314745
-0.06893027498140451
0.5535066212680498
-0.6171838897462513
-0.36003141457426346
-0.25717167003135794
-0.13394829381508036
-0.17200935261514472
1.9269011159660876
0.45363210088578465
-0.7125535238811939
0.051076949799549735
0.2114614753504554
-0.16103947858837317
-0.42043496389944784
-0.5925727810124052
-0.615386231081435
-0.6661935147723963
-0.34202848259655133
0.012220062356410086
-0.26400938872065743
-0.0991720420050893
-0.7209679165941267
-0.36887339017111187
-0.47030103953414953
1.3146215480703436
2.6181340518625253
1.769529659137083
0.5653746342613117
0.0901317075498267
-0.42841500881156735
-0.395507677835373
-1.0256293995935128
-0.5722634559115602
-0.8579079074354266
-0.9168932927017899
-0.9632092355928228
-0.8261975210693832
-0.6279612331044843
-0.3510801421391902
-0.1421804658238942
0.23181508582350865
0.3070968721625788
0.30765464095596795
-0.9558737277192699
-0.1399430166904075
0.43364207025024337
0.7417238588477684
0.17101849765208696
-0.8408084139990625
-0.5997872655662724
0.75587050650913
0.9646152828724579
1.5469511905082227
-0.06320786360972976
-0.281343110303908
-0.6174873174991157
-0.5687011880736071
-0.6192616708779158
-0.5653614767065877
-0.9055476792407746
-0.8761256423609909
-0.731870189567874
-0.49497919595334267
-0.3354057128140854
-0.06337458939271748
0.25264318992745644
0.07321775795670757
0.342050635526767
-0.18076292159191615
-0.6751886615995719
-0.603407794285173
-0.7179441883631782
0.6414945187943483
0.4106780438326955
0.6893179993201345
-0.2708536493069066
0.004662744752908829
-0.261919307933033
-0.2514453778698029
-0.3895114303193122
0.2068072171453243
-0.1045567747882085
-0.531411155671031
-0.6493349907588291
-0.33496980439720575
0.36883038416280783
0.22247435222036596
0.5059561832573597
0.14279324331607723
0.9259842284865198
-0.01901441395732724
0.08665134203817995
-0.0647191163265972
-0.09482160529724112
0.3542775645563406
-0.5599727547579529
1.0138120841395257
1.8328564598490051
0.9348824127358117
0.8773328749740079
-0.2929195361308517
0.17074418156068427
-0.2516792427379089
-0.41745589081548995
-0.7800455973490193
-0.8643496823750809
-0.6825212329920229
-0.11566905628310169
0.33852057482209674
0.7368451083533142
-0.13051597049675293
0.10142569864462286
-0.2330381801068623
-0.1225167140852643
-0.3139196487898323
-0.7090187596950638
-0.23359834516141517
-0.6359447955540363
0.17170007907503884
0.0709627841924982
0.7109537481746309
0.020013379601115034
-0.4043300326126017
-0.4089111984509866
-0.40354148448760097
-0.5901434651551117
-0.37090223517114457
-0.23549685875250134
0.5830141894412454
-0.055965842014896454
-0.22278563864944226
-0.2922855535617092
0.45892486256250725
-0.7952696913132231
-0.6636804339378526
-0.5969997880775486
-0.40684962166354127
-0.5126986220364783
-0.49696314659588997
0.6138126433889092
0.07945023801211747
0.6234567168841149
-0.4798291891376837
-0.01679049900462205
-0.8372809461050995
-0.5527744721776736
-0.6752195684957855
-0.6345801577755736
-0.5924384598197496
-0.18060820100000607
-0.20947272956761903
-0.3326517563788001
-0.13288266284312256
-0.2634070733464054
-0.577965738259288
0.13513561588800851
1.1257670629526317
2.4377909900005075
0.2704587212980608
-0.23766916074366323
-0.8967890829581402
-0.8523352974487491
-0.5915461144433708
-0.2529747681747407
-0.5533090675440652
-0.13737093966260308
-0.4007553372515568
0.08650363646817857
1.2267338503473888
-0.12059227154875996
0.10504850813508698
1.4004160359335187
0.03691964184431562
1.0105838487086745
0.5841354337686084
0.6495064453110457
0.9824339446713368
0.4002443574140497
0.8146365574459798
1.5534552988891772
-0.049059562419452786
-0.33243597777885836
-0.8430368606325562
-0.9671187558478188
-1.0169752000907943
-1.0504617624117705
-0.7837342689500397
0.7790515962164548
-0.7624050647441326
-0.6912017650041953
-0.65069041848055
-0.5329749513445281
-0.15446181218361943
-0.0919586952922686
2.072429104255546
0.8320947162850336
1.5170256461925598
0.31648448835684073
0.1971826240214826
1.1386660849120522
1.549453064329646
1.3167941745035066
1.3735542489234729
0.06065169144625911
-0.14452003165063232
-0.43933414405005894
-0.6637539210588795
-0.5602886385957285
-0.6439703997859397
-0.4466308324611248
-0.6796605949943566
-0.5887571948746148
-0.7650090454282142
-0.7913289599365373
-0.636581589068347
-0.6666412298182441
-0.6845347130527648
-0.7083567838458033
-0.6967684287314655
0.02552635359051161
-0.7018492030538745
-0.1424784475183713
0.17320800788093313
1.4596395210407527
1.901785378724563
1.9042732858898834
-0.11855840715652788
0.23451342669353425
0.03389754655484817
-0.2756504939258817
-0.3046589058639126
-0.09909645734794491
-0.6907840917261983
-0.26828907175002686
-0.702530387963459
-0.1156136142193989
-0.11746685086756925
-0.3720896527635412
0.06319364372153635
-0.18117332790563848
-0.2445713150704473
-0.2735117309833058
-0.6051162810456071
-0.14782652238630398
0.2671154017662862
0.22525498008199313
0.5610608427299798
-0.06897171819261239
-0.18813143533044013
0.11768244136551746
-0.3884174006763073
-0.43526175995491867
0.026106814478757484
-0.06467265834976059
-0.4099931308729354
0.7052823392049744
0.323348689417633
0.24155394898381766
0.07203810467419222
-0.5974881373910547
0.29652390701320513
0.42760306440329615
0.9680267070335029
1.3619217943714683
1.5097849853438658
-0.12778553129382164
2.313939571480774
0.2978506609152074
1.1866565017389414
0.5796409914319841
0.4937197394301585
-0.4554680347575308
-0.916404724727521
-0.9091871129449325
-0.841830286624626
-0.8360523460423267
-0.7040506137425352
-0.5697288971597319
-1.0096794822870214
-0.7133020519350799
1.2120517299003495
1.359520409728283
0.6820559564464284
2.574021394642618
0.36256370769086815
-0.5185212650228523
-0.319809356433807
-0.5521086196427808
-0.28483453090407407
-0.464699804424406
-0.8083980785911254
-0.836267831224721
-0.06653158504319528
-0.383252704887409
0.01565881934917935
-0.44708145934886295
1.1754784236514182
0.8652378821522116
-0.673438139630877
0.4349529700838721
0.17967052064025785
-0.811481056366949
-0.48944783932981545
-0.5021688641912275
-0.24350320129136915
-0.25663798295306817
-0.6496903914485928
0.5836681014466685
0.17840391806066727
-0.6754750905383218
-0.013921540136949817
-0.7833370026043851
-0.9006188340515726
-0.8833931191547214
-0.7748615808947876
-0.11606543350591991
0.11232270703892736
0.20817307966640772
-0.14917500734044412
1.5480915015483996
-0.19152756507406513
0.7044395573730406
0.3742490505484942
-0.8403060036588068
-0.9854670209825525
-0.8640297473406569
-0.7166936783368805
-0.7592853932209153
-0.6248393402202869
-0.569258428885752
-0.12930604815500915
-0.39958557091579855
1.4115143389109637
2.5618786189182385
2.33742024805906
3.0338141785094668
1.8146692782878409
1.718602680971785
1.192946244714882
0.7431372459391845
0.02402898436745565
-0.5342681996882468
2.166426491510256
-0.6452333307029496
-0.7049318726609544
-0.036504202402016676
-0.35408451023502274
0.019049473858187713
-0.026913723790627925
-0.3455335873981534
-0.6910229928092562
-0.7479021473084636
-0.8149265993669552
-0.6362714604226092
1.872229710279457
-0.4644033494143623
-0.24174331472726895
0.26703581141321736
0.15479222344287127
0.04825657445070343
0.2573855421323112
0.6449305851629672
0.26336451053108784
0.2522161647192504
-0.06331447691145456
1.1840229947651613
0.024894454670400856
-0.5358541193639617
-0.6667808037141287
-0.8565473563317962
-0.9368556729150471
-0.8195906605003656
-0.5586391446266712
-0.626167435612722
0.5060108469570465
0.611331376133432
-0.9571856308078543
-0.08712535240602547
-0.841394176155382
-0.9368875101745358
-0.7016404645516858
-0.6718076480508112
-0.174238167249984
-0.05682522152108615
-0.4089539945530206
-0.6058929492592421
-0.38284850130921905
-0.5958631722327333
-0.20643744829335955
0.22446648009226092
0.6176854777220605
0.5655218343361769
0.7112711784990463
-0.5818631717921091
-0.6050055055886584
-1.0124130865774885
-0.7972281046088006
-0.22777249785516512
-0.3565987930196886
0.1116139341277087
-0.3373659280857294
-0.9161276049893914
0.6652319109455493
0.9874889741652464
0.1093486425256241
-0.3436547221666753
-0.5590974827504203
-0.9615436565593783
-1.0061935957548642
-0.7075379534820311
-0.6368456285913329
-0.5995877082480968
-0.5260684156727216
-0.4274808374143143
0.21607931867297595
0.2890541365936114
0.7337503947591714
-0.2274056061771684
-0.014818371425274876
-0.5009869096784174
-0.34922666859487617
0.42474659333941817
-0.3676310750838544
-0.4455132539986387
-0.839167921692036
-0.7990674418654393
0.4246421317663507
1.4404006772043303
0.18628937928015088
-0.3194835981668279
0.6744008399850656
0.4599203042511068
0.2646616553069772
2.41088779821325
0.8205620601076202
0.7371517928543436
-0.6551582673548361
-0.8378079891559798
-0.6700383596805595
-0.29174454489201834
-0.1797629464295292
0.6030904734952464
-0.10430018070423132
0.09469472342039151
8.837483956946633
8.338847778614431
8.52244530761952
0.46812473105970537
-0.0413525138002659
-0.6470457129917404
3.2773591737255936
2.4709101973247956
1.6911631630977986
-0.884488545712888
