182
-0.667227
-0.723509
-0.471714
0.876984
-0.644878
-0.540286
-0.0341635
0.151105
0.411194
-0.299046
-0.558154
-0.175596
1.64551
0.168393
3.383
1.82795
0.82836
1.49672
1.85823
0.776095
1.09996
1.56367
-0.351379
1.8209
0.547745
0.90236
1.56661
1.79506
0.120765
-0.188362
0.983107
0.481982
0.347011
2.12932
1.16984
2.73095
0.916066
-0.113592
-0.0232596
0.269836
0.247256
0.312392
0.274201
2.26504
0.165823
-0.145844
1.24713
2.51317
-0.5078
-0.337677
-0.39834
0.162384
-0.391413
-0.0686411
-0.30828
-0.39341
-0.530686
0.20334
0.445546
1.28979
0.228182
1.67079
0.799446
1.8059
0.853578
0.541435
-0.334225
-0.218472
-0.621554
0.292515
2.08248
1.66215
0.330061
0.298417
0.521361
0.759328
1.00263
0.816629
0.362513
0.842643
0.915709
0.785441
-0.270467
0.452877
0.0304173
0.689627
0.780268
0.265966
0.923521
0.419493
0.228702
-0.351305
1.75083
-0.0536611
-0.511114
-0.0667389
-0.254192
0.0917339
-0.51901
1.61117
1.56736
0.164252
-0.419547
-0.063571
-0.582933
1.12062
4.03945
1.14433
-0.386952
-0.334401
1.59675
-0.559125
-0.012952
-0.483222
1.42802
-0.557704
0.357101
-0.682708
-0.476754
-0.351103
-0.368322
1.81309
1.29248
0.384521
-0.0971633
0.217313
-0.43002
0.32668
-0.394156
-0.0521982
0.457342
-0.418112
-0.610213
2.96132
-0.451796
0.932477
1.55996
1.90171
-0.426841
1.02681
-0.343634
-0.267102
-0.00308243
0.215962
-0.375317
1.27682
-0.483701
1.60291
0.954409
0.536644
1.07505
1.44392
1.24335
4.45135
0.539709
-0.172625
2.92828
-0.154778
0.563315
0.470775
-0.337073
0.614133
-0.668587
-0.507048
0.804288
0.465513
0.304587
0.958507
-0.136037
0.837237
-0.303871
1.17155
0.587148
-0.148969
-0.440059
1.00431
1.48745
0.402907
1.3115
3.31722
0.61222
0.0545975
