182
-0.605326
-0.671247
-0.416229
0.75466
-0.598669
-0.452951
-0.0418263
0.0983928
0.389047
-0.328269
-0.606728
-0.322991
1.76242
0.232305
3.27975
1.77294
0.914653
1.4947
1.84513
0.785814
1.11979
1.56047
-0.33441
1.73971
0.575589
0.796674
1.47012
1.79996
0.164048
-0.0441707
1.10412
0.483116
0.487666
2.24512
1.25481
2.62343
0.924486
0.0411631
0.0680163
0.215815
0.317274
0.373157
0.428198
2.27201
0.126956
-0.1692
1.40919
2.59212
-0.40548
-0.305872
-0.357429
0.143363
-0.399516
-0.048308
-0.205204
-0.345146
-0.522045
0.194902
0.419793
1.26614
0.172608
1.74399
0.785214
1.83624
0.856514
0.60586
-0.325575
-0.23033
-0.607839
0.200581
2.07306
1.75657
0.275979
0.240004
0.484423
0.872594
1.02153
0.817809
0.199969
0.764846
0.974273
0.843466
-0.163928
0.498901
0.0530563
0.830143
0.883382
0.279466
1.02759
0.499649
0.223734
-0.191885
1.89123
-0.0488703
-0.490495
-0.0802562
-0.368166
0.106776
-0.509447
1.73203
1.56885
0.205445
-0.463185
0.0233731
-0.658261
1.0007
3.97543
1.01188
-0.399872
-0.514538
1.64989
-0.565474
-0.0406339
-0.472598
1.32814
-0.587828
0.215047
-0.676057
-0.374989
-0.303595
-0.32383
1.90411
1.2862
0.514584
-0.230849
0.345627
-0.535015
0.274376
-0.355185
-0.185741
0.415981
-0.473652
-0.727317
3.00993
-0.407668
0.887221
1.51613
1.8158
-0.429313
1.01901
-0.139286
-0.140794
-0.00202904
0.368159
-0.404316
1.2034
-0.558689
1.74804
1.01574
0.567642
1.01824
1.48624
1.20247
4.39703
0.531143
-0.213037
2.82727
-0.223844
0.660188
0.304643
-0.296206
0.514983
-0.571084
-0.497893
0.842179
0.310754
0.403233
1.01082
-0.232137
0.844658
-0.14394
1.11719
0.6918
-0.0488135
-0.588453
1.08307
1.45833
0.495127
1.24542
3.20587
0.588322
0.137815
