182
-0.29553611988902834
0.079924211686949
-0.5841518048774779
-0.6377365682150337
-0.6063183328077689
0.3363909834990118
-0.6417962792226263
-0.39911211731115276
1.3803928168368331
-0.27624083097349367
0.1436133274981595
-0.6002109139295406
-0.34422810199613174
-0.3433438120362119
-0.5777104468811208
-0.5110520775903362
0.7219122950209694
1.2765354190737257
0.020840449918720513
-0.29226209984345586
0.7024018296681769
-0.4275585309376617
-0.5682646483697535
0.28978749015463345
-0.49494289640519135
-0.21803001589260904
-0.41449489493490116
-0.5834054251385596
-0.2218290444960479
-0.6277745445965239
-0.2717353134865555
-0.1862482379545659
0.10165486561714332
-0.3215440729470064
0.0037160777536079034
0.6129676011571339
-0.49348693754465495
-0.5140316519381993
-0.5491204158712973
-0.28377226064107175
-0.5544437108531979
-0.46661215895383806
-0.2589459486425787
-0.27885237828970544
0.04402727594230161
-0.4524896121241824
0.8113061565006976
0.5753110875697107
-0.5300156476450979
-0.5130066591563355
-0.5636178049464634
-0.5048536550253697
-0.5702897503847364
-0.4692004584006256
-0.5011768889765189
-0.4250752655758493
-0.3580240295897966
-0.037827317157021284
-0.5506515960065494
-0.4927442028068871
-0.5073229657683294
-0.5761395154663992
-0.4078132148420247
-0.05606373718719157
-0.30886607212140776
-0.49803730246156114
-0.5042074798257447
-0.386710419646053
-0.5795278992603695
-0.6268822656643592
-0.4950230533815228
0.6554219491053468
-0.27477883694246596
-0.5725587046902839
-0.09448113720111091
-0.4551523543480951
-0.486683511787205
-0.5271199542788975
0.810054838645017
-0.5830775712658403
-0.6221497864862997
-0.5814178356359292
-0.4829530321792771
-0.48602524067127045
-0.3247594311877188
-0.5495006240834364
-0.42712325657374606
-0.44815130312084406
-0.4731571494451974
-0.517625112360091
-0.371138972807894
-0.46441079435208676
-0.5837005082100406
-0.1669666982974828
-0.19515632759719692
0.628207859152963
-0.5344874997846413
-0.4710413515014892
0.8950866818559761
-0.5491982980406525
-0.5498232689000212
-0.48870462476960636
-0.16831734987868505
1.0377372971779284
8.062811799158593
0.3285705557815894
2.9244273690427636
0.05745591558034152
-0.35418472344011337
0.15592863575798946
0.6361866004798343
-0.19117639873698794
0.3353930831076842
0.13260212180783995
0.06015697576012292
-0.5362757854869916
0.11213593216001927
0.597832824928852
0.12417717926616077
3.671100265098533
-0.2192166313023421
-0.4897044237881344
0.15853257308134333
0.6904367206398462
0.15331232673484962
0.13995366931402856
0.5421547157026821
-0.13758253572274046
3.7657526439945808
0.6928949893438381
-0.2599611798143179
-0.5287160226487252
-0.3513851074383607
-0.060887176954521366
-0.418047294008853
-0.530775257928576
-0.636922481399788
-0.5811946600563737
0.9178196301433862
-0.6026953494039946
-0.172513826818118
1.2102200541084056
-0.1424648089518049
-0.5212803942965621
-0.24137780773833895
-0.421344657678288
-0.5684875389355327
0.03047098386480437
-0.541991240509283
-0.6101898093948174
-0.28605650788821996
3.9686836259205154
-0.6390402033521172
-0.2128701852288551
-0.5790617719546931
-0.1999796897938382
-0.4817796112495858
-0.6281817801398712
-0.516191124088238
0.23680926298665556
3.5471794319042025
-0.41475959606151724
0.6719842487596871
0.43116110576655536
-0.45136081788479526
0.308090803411344
-0.09790609602578841
-0.4449370498070082
0.41042348682193874
0.2592972068308346
0.24416778111668866
-0.6030346019794735
-0.41801565802059937
1.32432043615534
1.2148227554660842
-0.30564869907748987
-0.032348524884412484
2.8402518187207235
0.27029220493473544
0.4650497266031818
-0.15388802722697445
-0.02669697368940327
