182
-0.141575
0.585062
-0.453791
0.589976
3.20276
1.19282
0.519687
0.21419
0.677641
0.667534
0.860445
-0.242814
0.73683
1.2033
-0.372255
1.78789
-0.514881
0.608798
0.88663
-0.509055
1.44443
0.274898
-0.36669
0.768054
-0.444244
0.316799
0.918168
0.581082
2.49204
-0.0959681
0.0171272
-0.497103
0.0466028
-0.121963
-0.0479715
1.81512
0.199602
1.09066
0.403273
1.57483
0.185535
0.590871
0.0648621
-0.135491
2.06168
-0.26346
0.219568
3.88304
-0.573451
0.825483
3.59762
-0.304305
-0.130955
0.859684
0.273404
-0.0343909
0.147796
0.350674
-0.606991
0.434701
1.11584
2.00891
0.751848
1.46857
-0.214103
0.530673
0.861351
0.449344
-0.363149
0.660189
2.79413
1.1132
0.139832
-0.0506887
0.659657
-0.00412636
2.70814
0.671163
1.28304
1.12591
0.0374937
0.778156
1.18697
1.79356
2.89869
1.572
0.774594
0.337239
2.92447
0.730992
2.09589
-0.135545
3.14985
0.160075
0.154411
0.207288
-0.346189
0.443783
-0.177222
0.155074
0.937997
1.29464
0.4227
-0.211764
-0.528109
1.5915
1.9855
1.55783
0.485676
-0.681528
0.238946
-0.0816056
-0.22919
0.0629132
0.6095
0.608177
-0.304717
1.70442
0.232781
-0.342385
-0.229783
2.32642
-0.333529
0.307016
0.54604
0.214822
-0.0723814
-0.302792
-0.601811
-0.762834
-0.185482
-0.137794
0.0111379
0.616862
-0.804261
-0.748886
0.136559
0.985805
-0.597874
3.03831
0.770352
0.385606
-0.032844
1.40005
-0.48498
-0.316248
-0.633391
0.252828
-0.514282
-0.375139
-0.635277
0.902637
-0.838255
-0.262584
-0.210523
-0.617442
1.99328
0.360061
-0.926591
-0.541985
-0.426462
2.18231
2.65869
0.925918
0.484358
0.295898
1.87571
0.576618
-0.271672
-0.0603821
0.423808
0.524363
-0.394994
0.03148
0.541608
1.60619
-0.0189763
-0.0231817
0.167609
2.52541
0.104568
-0.211581
