182
-0.101342
0.614213
-0.401109
0.598176
3.28766
0.997959
0.55154
0.156035
0.660269
0.76251
0.973498
-0.225196
0.806381
1.13801
-0.240267
1.87686
-0.652312
0.496862
0.755224
-0.605357
1.34193
0.439063
-0.390875
0.820443
-0.509084
0.307574
0.914118
0.567044
2.57924
-0.024048
-0.02484
-0.475661
-0.0549182
-0.19067
0.0307543
2.00201
0.171046
0.908185
0.598815
1.76706
0.193279
0.556807
0.142899
-0.219391
1.96888
-0.213048
0.28314
3.86639
-0.470791
0.779828
3.55009
-0.356004
-0.0230846
0.765331
0.16707
0.00312844
-0.0792316
0.609872
-0.56403
0.444174
1.17267
2.13646
0.576722
1.65396
-0.31456
0.670981
0.679244
0.447553
-0.373709
0.632848
2.95273
1.34547
0.132557
0.0541075
0.718251
0.0562519
2.76767
0.614145
1.13817
1.13446
0.0498526
0.776523
1.03276
1.54418
2.9041
1.4798
0.722155
0.404178
2.95392
0.817964
1.83326
-0.0605827
3.27315
0.171072
0.0670477
0.574634
-0.369377
0.579896
-0.357352
0.0997555
0.876185
1.18311
0.474128
-0.294269
-0.432601
1.47195
2.03054
1.40841
0.556748
-0.759398
0.305279
0.153119
-0.201532
0.254137
0.598264
0.489057
-0.384034
1.69812
0.488358
-0.259223
-0.31051
2.45788
-0.374212
0.325523
0.770244
-0.0441564
0.113815
-0.386216
-0.671338
-0.615849
-0.195959
-0.0699798
0.116648
0.7113
-0.857008
-0.878843
0.170535
0.831515
-0.673007
3.13973
0.776158
0.485089
-0.0912606
1.48023
-0.442787
-0.250927
-0.581391
0.367378
-0.465563
-0.473148
-0.5405
1.12355
-0.805417
-0.264404
-0.291309
-0.65731
2.02311
0.459373
-0.866915
-0.466392
-0.618264
2.20016
2.55923
1.02652
0.656254
0.389193
1.97028
0.677916
-0.349466
-0.148715
0.604115
0.548686
-0.254197
0.303309
0.575389
1.62866
-0.00414224
0.0179389
0.0820615
2.4607
0.149686
-0.250864
