548
0.381858
0.956675
2.63789
1.32989
0.902417
1.26891
0.473746
0.739261
0.427325
0.486359
0.765995
2.89289
2.68909
0.294776
1.92099
4.10407
4.51622
2.33828
2.0023
2.3976
1.98655
1.25693
0.648708
0.824485
0.363512
1.30501
1.03749
0.434442
0.401071
0.372159
0.545577
0.757349
0.570915
0.00682797
0.616743
0.695483
1.02465
0.901747
0.843505
1.97132
2.75822
2.59426
0.675691
1.23611
1.48983
1.20897
0.256333
0.235127
0.186507
0.415665
0.556414
0.853942
0.0496736
-0.282278
0.0663156
1.9281
-0.190496
-0.56876
-0.290685
-0.0676754
0.172509
0.970792
-0.568487
-0.363649
-0.0745525
-0.152217
-0.58557
2.20104
2.32246
2.02497
0.700585
-0.0428122
0.157275
-0.403165
-0.699923
-0.521132
-0.134789
1.03362
2.74751
3.54346
1.31692
0.874381
1.53003
0.558261
0.511519
1.26501
0.46862
0.433416
0.546074
1.23513
0.676838
0.528459
0.836996
0.186546
-0.482597
0.236606
0.287631
2.42199
0.172155
-0.452678
0.0835373
-0.21828
0.331706
0.473129
1.69217
-0.314738
0.245832
0.391604
0.59044
0.768846
1.20746
0.332967
-0.123375
0.198698
0.965761
0.573348
-0.190599
-0.135121
1.14259
0.294034
0.618336
1.53225
0.416586
0.102538
-0.476594
0.842821
1.14181
3.11316
0.0484163
2.39519
2.54338
1.54175
0.744401
0.0704956
-0.500984
-0.466095
-0.094314
-0.282336
-0.497412
-0.706035
-0.199825
-0.458812
-0.168141
-0.0351215
-0.355361
-0.183743
0.442321
0.627765
0.0565173
-0.265274
-0.0129168
0.416575
-0.33996
-0.387602
1.4561
0.000961213
-0.097503
-0.395287
-0.283782
-0.15448
-0.184187
-0.492297
-0.554568
-0.191536
-0.347364
-0.0310247
1.13314
-0.332917
-0.484362
0.748302
0.140314
-0.654091
-0.165417
-0.169747
-0.411065
-0.444713
0.153509
0.114184
-0.355884
0.0514565
-0.25427
0.191208
-0.141898
-0.0724352
0.0112024
0.111306
-0.462013
0.273779
-0.247502
-0.225131
-0.251235
-0.533557
-0.540649
1.56442
3.75832
2.47036
1.51332
0.193419
-0.554206
0.0944127
-0.203856
-0.474581
-0.321884
-0.0127119
-0.70255
-0.423704
-0.0133896
-0.271417
0.689456
-0.258297
0.00859976
0.947296
-0.107856
-0.556478
0.385657
1.63626
-0.0965672
-0.333298
-0.187072
1.20073
0.0979318
0.714279
-0.159326
-0.626441
2.45418
0.0294213
-0.0575302
0.184067
-0.00328735
1.1618
2.12388
0.18272
-0.112302
1.94019
0.185542
-0.0159717
0.627928
0.159699
0.602824
0.0782651
-0.359533
-0.506897
0.00433203
-0.445147
0.0383654
0.257394
-0.0684294
0.381795
0.334418
0.259442
0.0734219
0.598239
1.6958
1.46971
0.746819
0.893806
1.05224
0.794467
0.847377
1.35217
3.04795
1.23823
2.57144
1.11283
0.474016
0.61489
0.665997
0.912645
0.600904
0.769691
0.491253
1.21963
0.683504
0.0787448
-0.17529
0.651082
0.384444
2.52252
0.433378
0.818597
1.19629
-0.0503033
2.50713
1.20082
0.530177
1.00919
1.15846
0.190591
-0.185779
-0.218822
1.40395
1.94486
2.951
0.805569
0.768321
0.989935
0.854784
1.03056
0.453922
0.459779
0.47635
1.46534
0.703632
0.372049
1.7736
0.732436
0.434912
0.839161
0.303303
0.182155
0.431864
1.15756
0.538907
0.329817
0.293626
1.37021
0.468753
0.176859
0.0881863
2.6599
2.59424
1.78621
0.548352
0.467476
-0.318262
0.723939
-0.368918
0.115438
-0.282671
0.958942
0.332251
0.985124
-0.184993
0.0336685
-0.155183
-0.255329
-0.457274
0.536493
0.293342
-0.0370543
0.514373
-0.263895
-0.599203
-0.0271354
1.09556
-0.170536
-0.354916
-0.328978
-0.553751
-0.277841
-0.43041
-0.492549
0.212758
-0.346123
0.170912
-0.325489
-0.322214
-0.370267
2.56685
0.0493081
0.41887
-0.0743522
-0.317175
0.578082
0.652541
0.487267
2.24354
0.765707
0.026387
0.993859
0.812894
0.778866
-0.189793
0.536013
0.355767
0.0496803
0.404234
-0.0152693
0.0463683
0.844566
2.04967
1.63365
1.26354
-0.154941
-0.330651
0.126194
-0.084755
0.108018
2.76671
1.91858
0.62603
0.143471
0.685501
0.782308
-0.139273
1.48366
0.468421
-0.368399
-0.374399
-0.144186
-0.34001
-0.252721
1.22113
1.18107
1.83086
0.638052
0.260018
-0.11842
2.0578
0.34952
0.151625
2.32009
1.89144
1.15844
1.052
0.641998
0.388549
0.208938
0.29912
0.12525
-0.507666
1.1991
0.0405788
-0.2931
0.1049
-0.36218
-0.43341
-0.430142
0.0677502
0.342741
1.01624
-0.194955
0.499312
-0.39178
0.43674
1.125
0.959502
-0.390335
-0.367797
0.576607
-0.365551
-0.370292
-0.524727
0.520081
-0.0938946
-0.323866
-0.266052
0.541191
1.2415
2.883
1.44922
0.233825
-0.379098
-0.190145
0.66952
0.406834
-0.00856967
0.49513
0.111529
-0.222798
0.206985
0.269276
-0.39618
0.0432831
-0.261964
2.76229
1.13208
0.390357
-0.370222
-0.155537
1.12896
-0.323849
-0.104877
0.298636
-0.107708
-0.459499
-0.300726
2.4523
2.85209
0.80188
-0.217436
1.55201
1.51593
1.31154
0.0687196
2.56955
0.305235
2.20948
1.85075
0.262248
1.12105
0.434051
-0.332538
0.231891
0.525511
0.424139
0.371808
0.211771
-0.165781
0.542488
0.233848
0.621886
0.425873
0.769769
0.338447
0.472645
0.46374
1.34487
-0.0119868
0.181302
0.664746
1.66827
1.3013
2.5436
2.97501
0.184856
1.96972
0.333294
-0.203248
-0.229534
-0.239825
-0.29491
0.198294
-0.271381
-0.312369
1.07742
0.348354
1.24451
0.572937
1.36615
2.0616
1.41388
1.68692
0.161314
0.14723
-0.0566733
1.51212
1.21107
0.0490164
0.292111
0.237856
-0.00472151
1.5354
0.629579
-0.011161
0.785634
0.0982793
-0.481701
