548
0.951601
-0.0320435
0.0602239
-0.161424
-0.0980629
0.541095
0.278296
-0.323177
0.339976
2.5327
0.193085
-0.000147609
-0.101183
0.101809
0.114948
-0.15839
-0.0931536
-0.198199
-0.249494
0.561109
-0.194888
-0.0182502
0.604431
0.452904
0.358275
-0.0318624
-0.264956
-0.370982
1.20641
0.416297
-0.540762
-0.348998
-0.151846
1.6766
1.07557
0.650074
-0.160131
0.0419073
0.374366
-0.162437
-0.463366
2.91868
0.975371
0.547909
-0.0238842
1.24276
0.0384444
-0.361917
-0.240224
-0.0819123
-0.307325
-0.012929
1.19128
1.09765
2.83664
0.319215
0.6616
-0.181453
-0.247792
0.386836
0.731047
0.117065
-0.244351
0.00050321
-0.130195
0.187412
0.0102911
0.776372
0.560714
0.524679
-0.0728968
0.174603
0.136872
0.651272
0.319734
1.697
0.977885
0.0296346
2.35431
0.611162
0.0599077
-0.44999
0.504125
0.233519
0.254847
-0.111229
-0.0131795
-0.353161
-0.277662
0.0540512
0.881999
0.251885
3.28749
2.32672
0.998357
0.301679
0.465308
0.5751
0.500632
0.198382
-0.138
-0.336762
1.30058
-0.120333
0.431382
0.0230009
-0.00752296
1.0587
0.9369
0.034856
-0.103674
1.68971
0.679625
0.43453
1.04477
1.54756
0.303953
-0.209115
-0.0826015
1.06426
0.0706515
1.84273
1.82441
0.86332
0.420426
0.71569
0.596129
0.215178
0.211221
0.149144
0.230123
0.360503
-0.0153977
2.76235
0.447567
0.138076
0.369653
0.504692
0.89384
1.47478
0.0335937
0.0821953
1.35234
0.707904
0.974869
-0.0804583
-0.355395
0.233216
0.0806744
-0.365648
-0.0906976
-0.439003
-0.265807
-0.0806444
-0.107559
-0.24145
0.373328
0.0119894
-0.148386
-0.237085
0.0101328
-0.180843
-0.405859
0.476029
-0.523093
0.712314
1.01581
-0.395178
-0.271314
-0.4881
-0.359322
-0.306621
-0.0813829
-0.497446
-0.514797
0.668282
-0.0162984
0.872178
0.188036
1.4608
2.33723
3.12826
3.23817
0.630098
0.420496
1.05197
0.9065
0.393554
-0.256089
0.535758
-0.289121
-0.718134
-0.101781
0.103955
2.46471
-0.21507
-0.626782
-0.476586
-0.0493172
-0.654324
0.173705
-0.396024
-0.263162
-0.409192
0.85087
0.629229
-0.346878
-0.432574
-0.154927
-0.498508
-0.467515
0.171346
-0.268455
0.0378183
0.115688
2.86087
0.581068
0.0325193
-0.0416719
0.752612
-0.212032
-0.068957
-0.365514
-0.197162
-0.0256045
-0.0493534
-0.348616
-0.245337
1.49891
2.11402
1.52318
-0.333858
0.202798
0.591334
-0.373209
-0.459444
-0.464712
-0.632716
-0.482017
-0.587364
1.02629
1.15235
3.19067
2.95331
1.53142
2.34866
1.26466
1.06459
-0.305218
1.50465
-0.24289
-0.589173
0.154118
0.356961
-0.129285
0.244551
-0.140319
3.10458
0.108558
0.497723
0.428983
-0.156229
-0.186054
0.268112
0.273914
-0.646396
-0.2059
1.16525
0.138336
-0.201459
0.0273035
-0.0524945
-0.454008
0.970919
-0.540241
-0.684929
0.895485
0.422072
-0.457857
-0.0637798
1.52958
-0.347473
-0.110669
-0.0187899
-0.29823
-0.386308
-0.15866
0.825986
-0.0574943
-0.0735375
0.196773
3.45816
0.451138
0.384549
0.75333
0.384853
0.0752718
0.00941786
-0.101015
-0.32543
-0.00452495
0.560227
0.560423
1.00972
3.81062
2.99639
1.09574
0.215016
0.822825
0.426789
0.0280639
0.534232
0.287924
0.438772
-0.197039
0.86069
0.445136
0.796697
1.6378
0.481909
0.60857
0.0501543
1.61966
0.6124
0.120575
0.534479
0.472013
1.03305
0.858743
1.72298
0.976807
0.182923
0.182298
0.781865
0.77565
2.72108
0.356713
-0.00127181
0.0114108
1.09275
0.868454
0.417233
-0.148056
-0.0584169
1.47145
-0.0769835
-0.0758232
-0.12834
0.937478
0.342088
1.50603
0.943514
-0.0116886
-0.367493
-0.624284
0.109841
-0.268878
-0.0910068
0.91166
0.2299
-0.155703
0.570812
-0.211996
2.08906
0.269581
-0.389684
0.985162
0.508674
-0.0907331
0.407408
1.05088
3.8542
0.103274
-0.0781983
-0.404192
1.22878
0.0986839
0.160368
0.167867
0.0727534
0.108147
0.829717
0.0403732
0.120827
0.504134
0.860063
0.423856
0.528147
1.14251
0.182626
0.217542
0.38678
1.39446
2.01192
0.499261
1.34732
1.43711
0.241437
0.334933
1.00405
0.195827
2.51182
1.07417
0.288731
0.0357805
0.193443
0.799915
1.04182
1.32427
0.102215
-0.283253
-0.106369
0.0616829
-0.249973
3.01542
0.208509
0.327793
-0.0482006
-0.327717
-0.478059
-0.276989
4.61894
0.566409
-0.480484
0.0477647
-0.23624
-0.0986235
-0.298251
1.07592
4.61125
2.32303
0.189651
0.0479629
-0.112628
-0.0250343
0.0200695
-0.00868017
0.471916
0.47127
0.875812
2.05852
0.817365
1.39643
-0.252944
0.209181
-0.0235542
0.699892
0.890943
0.701921
0.381566
-0.104981
-0.214532
0.219843
0.526772
1.02787
0.791258
0.450378
1.39763
0.971303
-0.179547
0.274594
3.1851
0.824783
0.630594
1.16773
-0.0864302
0.0376589
2.41264
0.155089
-0.20645
-0.244939
1.49677
-0.072466
0.0582738
0.43507
0.55259
1.36837
0.512854
0.252003
0.51279
-0.658717
0.386595
0.929096
1.34892
2.45887
4.07412
0.387598
1.40469
-0.185442
-0.677785
-0.138743
0.247687
0.449997
-0.289421
0.276492
0.0895977
0.474572
0.43791
0.436238
-0.120559
-0.106344
0.523145
2.90339
1.27397
1.06392
0.2831
1.06827
2.30489
-0.0786444
0.426298
0.0789142
0.136038
-0.167867
0.346353
-0.376145
1.0737
1.26248
0.153284
1.64059
2.27558
0.285646
0.993845
3.9876
0.682235
0.283987
2.38561
1.17654
0.533541
0.451258
-0.323726
0.797205
0.805177
0.35868
-0.292028
-0.0460775
3.16
2.9982
0.387521
1.00723
-0.140302
-0.302552
-0.11735
-0.0162733
-0.369294
0.988665
4.74183
0.320462
-0.395892
