539
1.11938
1.42156
1.48705
0.915941
1.1581
1.13367
0.718914
0.754657
1.34634
1.34841
1.44549
1.69611
1.20217
1.39611
0.844241
0.902849
0.771578
0.533572
-0.10711
0.650268
0.190382
0.657777
0.812963
0.943861
1.01988
0.493443
0.501688
0.698677
0.723326
1.22911
1.20653
0.929976
0.429607
0.91409
0.956665
0.617846
0.691315
0.642475
0.481894
0.710138
0.76624
0.964774
0.27964
0.468396
0.308788
1.05563
0.552295
0.83397
1.03276
0.703683
1.11805
1.18267
1.25612
1.38459
1.25585
1.39392
1.14892
0.419261
1.22469
0.829334
0.830103
0.150992
0.362318
-0.297476
-0.00407023
0.752394
0.980927
0.763982
0.329773
0.849832
0.55352
0.628364
0.756018
0.443505
-0.107622
-0.33307
0.00879827
0.319319
0.50116
0.382153
0.291815
0.216728
0.0432777
0.712455
0.89999
0.926915
0.862788
0.941068
0.641795
0.849485
-0.284611
1.08716
1.08724
0.679942
1.04556
0.922038
1.25248
0.910076
0.663312
1.29645
1.33323
0.64773
1.22435
1.26147
1.0281
1.56213
1.73395
1.73562
0.826119
0.749266
0.670228
1.16292
1.27685
0.572939
1.14869
1.05848
1.15046
0.932728
1.02224
1.31182
1.61131
2.0244
1.70177
1.629
0.794036
1.51809
1.43187
1.78065
1.55904
1.7134
1.15088
1.02079
0.463537
0.560886
0.821424
1.19809
0.98629
1.64295
1.56044
1.76456
1.92615
2.1733
2.04213
2.04152
1.86033
1.70284
0.825435
1.46318
1.21926
0.971602
1.57182
0.346989
0.922549
1.21937
1.36094
1.09461
0.882287
0.978514
0.713341
0.46353
0.642999
1.12447
0.722771
1.02911
0.973368
1.25057
1.18102
1.36705
0.640385
0.918961
1.02673
1.0603
1.38842
1.05368
1.19556
1.26858
1.10311
0.938698
1.12575
0.869166
1.19764
0.67791
0.684418
0.738236
0.647501
-0.15085
0.536119
0.935966
0.533854
0.539358
1.32778
0.435261
0.971428
0.976342
0.964197
0.663265
0.77001
1.23001
1.08746
1.11758
0.834245
1.46708
0.26381
0.255354
0.751555
0.75724
0.612066
0.549098
0.0150386
0.241708
0.699992
0.731948
1.2782
0.649484
-0.004137
0.186641
0.247167
0.103205
0.731732
0.926192
0.633408
0.438618
0.575255
1.21571
1.23496
0.719304
1.01218
1.09451
0.469333
0.917571
0.0881137
0.800616
0.632983
0.900829
0.588359
1.7383
0.672351
0.743446
0.942593
0.568517
0.990625
1.25531
1.20263
1.09279
1.15682
1.38098
1.65463
0.990854
0.975829
0.801446
0.259848
0.545543
0.898101
0.75302
1.24029
1.29323
0.862545
1.46872
1.09566
1.52485
1.35596
1.06
0.676682
1.39922
1.32873
1.34418
1.36782
1.44345
1.50634
1.1818
1.24667
1.03909
0.857051
0.597823
-0.336144
-0.139962
0.105461
-0.143919
0.427473
1.51324
0.272328
0.707411
0.652585
0.678384
1.35427
1.42728
1.54945
1.78516
1.22401
1.32057
1.27532
0.972386
1.43774
1.70624
1.75142
1.32389
1.21111
0.819621
0.915851
0.979986
1.23356
0.81696
0.94131
0.895243
0.419054
0.851072
1.16219
1.04746
1.00883
1.28606
1.44975
1.60678
0.681184
1.75395
1.52735
1.37433
1.44798
1.73091
1.20813
0.631452
0.644501
0.582468
0.172549
0.586818
0.215948
-0.186763
0.00081501
0.428717
0.535228
0.146618
0.825653
0.592957
1.32372
1.55926
1.10816
-0.0123694
1.77163
1.88986
1.7861
1.98432
1.4825
1.61102
1.30787
1.42929
0.41872
0.227977
-0.308894
0.16202
0.420311
1.32279
0.963499
0.734327
1.00892
0.858545
0.868701
1.20433
0.934777
0.0162729
0.574393
0.183316
0.126966
0.458599
0.678435
0.441607
0.284343
0.368674
0.517421
0.323881
0.139185
0.338171
0.427801
0.197101
0.0652006
-0.0285712
0.558577
0.864197
0.485361
0.452775
-0.449031
-0.101375
0.236397
0.569667
0.637635
0.655867
0.89425
1.58589
1.8967
2.27872
2.14487
1.79832
-0.0121699
2.02848
1.28718
0.764335
0.770093
0.4591
-0.186761
-0.279705
0.307247
0.542268
0.727258
-0.0382005
0.762915
1.09964
1.62847
1.55869
1.38542
1.50249
0.957091
1.04798
0.798685
1.36372
-0.00155602
1.19118
1.73999
0.586871
0.766601
1.30884
1.23998
1.76582
1.81939
2.40026
2.64467
0.228569
2.50292
2.66562
2.15754
1.90571
1.13505
0.770352
0.217946
0.231649
0.68602
0.28655
0.0848242
0.397858
0.525782
0.756423
0.942923
0.434399
0.0789323
0.262929
-0.355193
-0.169903
-0.210378
1.33898
0.180401
0.44622
0.447907
0.503309
0.208541
0.805507
0.986936
0.870346
1.36932
0.616956
0.431568
0.645878
0.409085
0.464229
0.958286
0.742441
1.14553
0.363649
0.270965
0.749609
0.793094
1.16543
0.375899
0.830111
1.043
1.31664
1.29351
1.66018
1.56094
1.26989
1.64611
1.40534
1.6915
0.640483
1.14929
1.0317
1.36255
0.931287
0.983546
0.934454
0.831942
1.07477
0.79344
0.724668
0.317059
0.564983
1.10704
1.06356
1.38349
1.34173
1.80335
2.07471
1.76314
2.09005
1.92472
1.735
1.69369
1.53724
0.731727
0.531197
1.07145
0.71635
0.632793
0.692006
0.288846
0.253608
0.0258378
0.106514
0.620525
0.572918
0.655673
1.5825
0.774836
1.04596
0.959431
1.00662
1.09945
1.21626
1.29916
1.18526
0.920983
0.843819
1.76984
0.708483
0.135605
0.198927
0.147935
0.241559
0.380924
0.599052
0.630807
0.333684
0.956482
