109
-0.192172
0.65218
0.631609
0.567069
1.2285
1.05445
0.367722
0.934487
0.116046
0.627619
0.000165087
-0.517019
-0.0679783
0.377501
0.916787
0.957087
-0.259711
-0.192837
1.0409
0.482453
0.227746
1.66663
2.28718
0.457872
0.647577
0.91752
-0.289427
1.13226
0.734503
1.73942
-0.497031
0.334838
1.1589
1.49204
0.889627
0.445839
1.48279
-0.486626
-0.00119627
0.42825
0.720327
1.43131
0.565912
0.663079
0.532209
-0.252418
-0.167324
2.28743
-0.490698
1.95231
-0.134443
-0.584088
0.712795
-0.0632378
0.138462
0.426152
0.309301
0.537358
0.577649
0.772224
-0.381581
0.109944
0.711822
1.12933
-0.422846
-0.820351
-0.465774
0.0546392
0.372141
0.102849
1.30448
0.880134
0.611612
0.668687
1.58615
-0.483796
5.28915
0.317195
2.93469
2.03337
0.850753
1.28495
0.521413
0.748886
0.33463
0.0411067
-0.0166076
1.67343
0.171355
1.02359
0.823199
-0.764892
2.39583
0.320237
0.269198
0.293271
1.95967
2.48409
-0.504761
1.28109
0.195185
0.334125
0.731816
1.26155
-0.0586036
0.147736
1.78002
0.33405
2.01082
