546
2.096843490072733
1.9587942160316774
1.978177419013477
-1.008540488486327
0.46099968208284403
1.242805914277462
1.5065944552715302
0.2992532403187334
-0.4586212112449626
-0.6944080915681915
-0.29415917384180734
-0.33707935736161165
-0.7199278302791081
1.9531892419266859
-0.6676024346440259
-0.35697928547852925
0.20471850163220348
0.44989751990718135
0.6112122487633789
-0.19098310987286007
0.3075040694000879
0.026818535725191953
0.03792522775009285
-0.4741834431667581
2.419322688313954
-0.6212034162566501
-0.7296976635541494
2.593677934071612
2.1967192991571225
3.3689613805725607
1.5442839852095378
0.9936895146894926
1.1802201676237136
1.3985302271750932
1.788679405304769
2.818399298347442
2.0438417404228795
0.3964865146198547
-0.35040849363995
-0.1817774903695447
-0.2645466859179277
-0.3255580273123885
-0.6196678054985365
-0.8782438218200511
-0.7160158693460436
-0.671642416528741
2.7897501508397453
-0.7181271878658549
-0.5170610232104729
-0.7356966698191043
-0.7707817005195643
-0.6461455940012799
-0.6687576325925916
-0.4530652562562934
-0.40599844240801125
-0.13040471090694242
0.2371190315684362
1.423245556793175
0.27355077293923197
-0.21158223300513654
-0.28267005979477144
-0.39862168811793547
-0.1780098344662177
-0.13423703213436397
0.12281642852770588
-0.7279953568183164
-0.5902562873909643
-0.7283401907620448
1.906673548044422
-0.4019629338525262
-0.3711286083307134
-0.13217126772421875
-0.40534438100595693
0.4213457091005815
1.0397440461415342
1.0374182925521667
-0.32447361753915355
0.1614857012881244
0.025432827501146952
0.7719223402370516
0.0393403438781303
-0.6487112906226427
-0.3787287113166219
-0.2712257536148428
-0.5051744269303441
-0.10852394119649328
0.12809914570767858
0.4602696116357166
0.0036902207223828546
0.2492604263896669
1.157347657825492
0.06588347044943046
-0.2536036381805592
-0.9969411115871311
-0.8976042491602867
-0.951222526436863
-0.8556129107486378
-0.6905465953121457
-0.7477809002255581
-0.8596845029704147
-0.4820153791055467
0.6150579972868979
-0.46669112865589135
-0.2467653653634818
2.208184474822174
2.7075546896796086
2.6099587724740605
1.119245289615527
-0.5550514957375121
-0.41596438195721613
-0.572363611418387
-0.5468496830557392
2.026741693882346
0.5887330727082135
-1.109547470307213
-1.1313635080257907
-0.8705943040436664
-0.6606582729426733
-0.22916294647904387
0.15519603422320494
0.008119601348543563
-0.22764023973219383
-0.5280258362643672
0.3512326433414627
0.8507041155744424
1.1265912746347675
1.2935740293709703
0.1203164855659283
0.2824680093784972
0.16430806662696418
0.12618802263311601
-0.36535135253304557
-0.887120512576361
-0.21167532033155773
-0.33022268336084204
0.8422906676386156
-0.5778987642271475
-0.5611605177100445
-0.9543795408706569
-0.8232134225904326
-0.6944299969454343
-0.5341448457483138
-0.5388493637961523
0.8515218633203686
1.8346121396700081
1.9655211143550637
0.8762978776102316
1.28191745231624
-0.8353349756988463
-0.8651036698971145
-0.5190972992483329
-0.748341085952904
-0.43250244997237014
-0.5882270010868786
-0.7581466543700557
0.02195949623152188
0.07125512258803028
0.9364104893845488
-0.1204213256581101
-0.8770869050099409
-0.5719837194275804
-0.6357133545912025
-0.4454789858533949
-0.628174735895902
-0.6414066534077205
-0.8421687951240967
-0.7871752990903513
-0.9740038148257204
0.9544500611398308
-0.5550649592814753
-0.8858302582888389
-0.8100652126928706
-0.6925597276034287
-1.1305430373291534
-1.1639779443676044
-0.7717613346678184
-0.17538000265034306
1.351298373847638
1.1402517157947818
1.0992565151113858
0.7684483109529238
-0.5770330253973905
-0.9160369306819652
-0.8142221291107569
-0.8548371148112184
-1.0005822485012048
-1.1228320664978921
-0.738073135266793
-0.6568105282611467
-0.9453789285610388
1.1339901162729569
-1.0446095294262108
-0.9379524091215264
-1.03303777107309
-0.7081285473339908
-0.2711375501477759
-0.35873718936642435
-1.0285790613913617
-1.00324154193506
-0.0106446432408862
0.19198614168015088
1.3927887187185997
-0.09095588821366532
-0.21693747606965114
-0.004204775543589738
-0.22415224904084394
-1.110194363596082
-1.145320859024641
-0.7584626506256613
-0.8452781778790157
0.21902520625436045
1.08509512702228
1.5850987358115205
1.087410557621241
-0.36966097732186276
-1.336834381090815
-1.3213516545570643
-1.1759045629374871
-0.9560748702511396
-1.1234696004015132
-1.0483805165839029
-1.1628412781805249
-0.8808455075376359
2.9120128809325045
1.414867896092551
-0.8654980802846074
-1.1929710220450875
-0.7316203909301567
-0.6399316496303786
-0.48747384134346594
-0.5699487016310114
-0.7849573238890569
-0.5164080108156348
-0.5747388636629409
-0.36000631418881957
0.5145360667533403
-0.238019926766609
-0.8716924521839924
-0.7518566391278868
0.07049736689354287
0.04369244332155887
-0.2438260900058076
-0.8371823887350913
1.1990555235765508
1.0211510670894974
0.6092795469801093
0.604766044680115
0.07515803280575895
0.05983790039942011
-0.22665159121954492
-0.579923302313281
-0.9088141204216913
-1.0690004282006271
-0.8900387936736981
-0.4293618488326006
-0.743769300200222
-1.099021327473215
0.9520768576983176
-1.1308101111638391
-0.6241837852751263
-0.42529295799746686
-0.7608740551112554
-0.7834739927577306
-0.7277865436956986
-0.7615764424046282
-0.8785996845772014
-0.4097794555381408
-0.26149797666504687
1.3151293364239138
-0.7481498012315875
0.6659097048348223
1.3530302574602386
1.6008789202902172
0.1802279907680117
-0.5464168539409991
-0.8922352469286676
-0.9156212292423085
-0.8554894826759706
-0.8166891991092191
1.6221427282122
-0.3452777899718293
-0.28514851055802104
-0.22217993955657359
-0.29660291874751976
0.10848137683287236
-0.015030314245927719
0.3551450012017406
0.3590754609384775
0.4708099355164515
-0.438473776686387
1.777617603277142
-0.660506454544472
0.0700567681245074
1.212192754259499
1.1997976658742866
1.0757678356466183
0.8472464893357262
0.9755824697410592
1.1708941143562603
1.3101513769642634
1.4473981224085544
2.5703710910957156
0.9587864134386667
0.655402082471849
-0.16440686254178521
-0.08608756350459565
0.011788939872010525
-0.36970139707938743
-0.21814574158785044
-0.15077714532472317
1.4036197297155188
1.751786569027714
2.7982643457862797
1.3300980289781408
-0.2096105936180545
0.08679049432812683
0.9000089797535792
0.3878433653066896
0.3682278843927082
0.6153531072481813
0.39014909504705036
0.25799224072581434
-0.5701417225067829
3.196015553791768
-0.7856231987583985
-1.13005978346476
-0.9528963820978524
-1.1607512415295933
-1.060695491492024
-0.9273809979277217
-1.0084561062449802
-1.0320394214484034
-0.9584283594741698
-0.4175505169033323
3.216014231127339
3.2115334145637133
-0.07600172878484494
-0.31915761825498923
-0.8785516405057618
-0.7545916351565805
-0.8601538774532892
-0.32432117891027806
0.24241455172362275
-0.4355419783675875
-0.866399856793694
-0.9748127094775266
2.275828582213784
-0.5448533620711582
-0.20470248018211243
0.1855573899660335
-0.21638647237129333
-0.8607943193526626
-1.1841968118065411
-0.6271653015239061
-0.5924621263590849
-0.4208968221262939
1.405849915962685
1.8939087378717414
1.6540911267703087
1.3845829365938327
-0.26671026538553716
-0.6701438191120839
-0.817161261017964
-1.0745563048653641
-0.3785512551318722
-0.6085046102934507
-0.8049517099081074
-0.7874948601867329
1.1083742658822537
-0.33555245635379416
-0.584626840721378
-0.5338548095311431
-0.9771569752535328
-1.1437933736783583
-1.0172069978576657
-1.1752283095745033
-1.0932707423488361
-1.2231085350940827
-0.9492361900494013
0.6831105828482981
-1.2213172708557438
0.2527008760793081
0.61956803867478
0.5460941245436107
-0.6408535149002852
-1.1102062534147414
-0.8471193032583454
-0.3042469293658718
2.340093495376799
1.7944416787575752
0.7894329618640189
1.7341141264963944
-1.1761284318612384
-0.8599906868029846
-0.8332689026413699
-0.841496981896571
-1.057463389200102
-0.8175308099357513
-0.9766482021707411
-0.5704351235387384
0.03582241269140566
0.555797805103264
-0.10422515076706827
-0.6548215222119378
-1.429944056803436
-1.3035281490679727
-1.179006572930668
-1.121691644680676
-0.538296753429308
-0.40012656401629704
-0.7271306927495458
-0.11684556069686768
0.6374105164018727
-0.6155556564499604
-0.21615668018013848
-0.4755606188558083
-0.23087130104422016
-0.5822991392129631
-0.7508434393265925
-0.576523938994527
-0.40553307655923637
-0.4242584779837247
-0.33793436662910714
0.0058572008503088675
-0.34612573001629354
0.8529900050325125
0.9339784319074771
2.6431952536760104
1.4625401250271248
2.0109601605317615
0.5520447425133723
0.6263122102098656
0.4675424404692517
0.011372410849251391
0.44757711686684354
-0.7263087796217798
-0.6509694979475512
-0.603730277155048
-0.32901453116957324
-0.628311808653237
-0.4847632674056479
-0.9423162768245501
-0.9018304817377533
-0.7568891320813157
-0.5275413979748802
3.1105284411296985
0.30357410316343236
-0.1456532141321553
-0.2934139567910867
1.0514484616836506
0.32632475392288995
0.7144275742548403
0.5973209743037753
1.3469962588269824
1.1818724297118437
2.277250922985933
2.3580669682513387
-0.03978739451769316
1.6496022187924664
-0.9849483493466727
-1.0775490378641919
-1.0767155084425377
-0.9853911014763667
-1.317076371222445
-1.1568074792607954
-1.4639846576861792
-1.0799788845872365
-0.8549651475997391
-0.28027010684419257
-0.928726563465218
-0.741228006678652
-1.0566605143746708
-0.298515883418981
-0.37970293343309613
-0.20658493848584777
-0.31241118865091666
-0.31792577924882104
0.19531064043300086
0.3666933713374082
0.5993238253991503
0.182724847257522
0.3736828235465861
-0.09912860521024065
-0.43759312675102496
0.0763895867577041
-0.2412439429566405
-0.26076486995335735
-0.9158424652940371
-0.4399414993369796
-0.585862766120675
0.8801916181069476
-0.6876457739828425
-1.1824592237617342
-0.9679113548938291
-0.26386837998539725
0.14630581367730705
0.1431250778446456
0.7270580587322248
0.22861175626917382
0.6074542376392018
-0.024294965881724244
0.18268066856720458
1.7668984223909792
-0.29215013820004104
-0.3711084293547501
-0.27644426058097255
-0.04352036442374331
0.23825498383424681
0.9872154417821885
3.822916491587529
3.366693440447816
2.731137034739277
0.5373194213643536
1.5766710291173136
-0.14667863323503488
-0.4198932713533302
-0.4772753192973325
-0.4341188542958153
-0.35491076165462593
-0.47282061940451586
-0.3516507223325046
0.11941994887574248
0.0890884764872588
-0.15449723524159
2.0869850962567016
-0.4894576452357508
-0.15119273672374753
-0.2086491161821095
-0.46534003820152087
-0.7188511540896914
-0.060182479393470184
-0.2002846274353954
1.3468483249732914
1.2443613733733114
1.4636981657116372
2.2125219696575953
0.5312326047181187
0.04823457475101616
0.0872816154335419
-0.9204348046569795
-0.7213625930260401
0.9575772454196239
0.7139623362969736
0.8109463559883553
-0.7349958352473762
-0.9168420586761262
