548
2.27942
2.37305
2.34261
1.96911
1.32939
1.32815
0.892542
1.0946
1.36684
0.947731
1.62633
2.9639
3.82117
0.833918
1.80836
0.565746
0.120447
0.743593
0.6082
0.558703
0.414985
0.779456
0.455255
0.648885
0.248918
0.0660388
0.647891
0.457063
0.672159
0.676872
0.648394
1.12588
2.26849
0.178646
-0.0204328
-0.0305727
0.710763
1.87727
1.26628
1.47445
1.38689
2.23961
1.26705
1.27817
1.46212
0.716132
0.716588
0.402826
0.708524
0.657453
0.42014
0.890607
0.195389
-0.0253398
0.379941
0.140232
0.60208
0.459721
0.378703
0.977134
-0.216414
-0.0692367
-0.23971
-0.203139
-0.25463
0.426277
-0.0639684
0.0961615
0.0916781
1.06591
0.175352
-0.358649
-0.440471
0.413064
1.55074
2.91607
-0.109379
-0.589269
-0.391575
-0.603111
-0.531797
-0.0959066
-0.59502
0.441095
0.169559
-0.0494555
-0.0925264
-0.205823
-0.742207
-0.1148
-0.188237
-0.0687037
2.41573
0.627369
0.470052
3.10718
0.208274
0.468854
-0.331807
-0.176656
-0.0770404
-0.153895
0.274063
0.198016
2.44553
-0.166429
-0.453367
-0.159695
-0.147213
-0.134294
0.0992908
-0.220149
-0.502225
1.94885
0.825269
-0.166782
-0.597691
-0.280415
0.194323
-0.260046
0.185355
-0.244903
-0.313229
0.332928
-0.37389
1.85768
0.392076
1.1596
-0.200106
0.0632665
-0.0895116
0.183196
-0.119592
0.246253
0.468132
0.554943
0.349258
2.91699
2.34219
0.608997
0.114108
-0.177607
-0.284192
-0.366862
-0.302043
-0.325575
0.15678
0.224441
-0.431602
-0.54765
0.353004
0.462057
-0.414114
-0.307096
0.377282
0.316848
0.278055
-0.182794
-0.518181
1.88172
2.96341
0.139961
0.194447
2.32108
1.87198
0.232167
2.84331
0.592762
-0.278396
0.446339
0.658697
0.0488541
-0.39148
0.357771
0.477914
0.113486
-0.278821
-0.402006
-0.721186
-0.426377
-0.450864
0.227646
-0.371669
-0.126015
-0.131136
0.291586
0.247792
-0.294105
0.341541
-0.158346
0.113016
0.419986
-0.0353372
-0.203851
0.146334
0.91017
0.367831
-0.31536
-0.48173
0.0306108
1.40804
1.46294
0.532954
0.733097
-0.356233
-0.304238
0.290609
0.148755
0.277358
-0.331506
-0.254387
-0.316295
-0.550365
0.00628844
-0.00478719
2.07827
0.252296
0.13362
0.111009
-0.10508
-0.148316
0.0916078
0.847046
-0.119468
-0.118365
-0.0179009
0.346447
0.0444738
1.13701
1.56393
3.35431
0.407974
0.58516
0.537933
-0.0756867
0.109949
1.1793
0.034042
0.51948
0.00303878
1.79551
0.3617
1.10674
0.401796
0.564315
-0.00104553
-0.220952
-0.0390026
0.148652
0.0948843
-0.375547
1.51206
0.663015
0.193892
-0.165554
-0.0335402
-0.0917728
-0.1393
-0.189303
0.277422
0.190963
0.323224
2.457
0.915862
0.11144
-0.164349
-0.273616
-0.600133
-0.230225
0.158132
-0.10314
0.158122
-0.43664
-0.299542
-0.0374658
0.181887
-0.335746
-0.245534
0.114118
-0.426207
3.58953
1.13857
1.61547
2.19077
0.581268
1.03007
1.33282
0.106339
0.162279
-0.395464
1.22098
3.10399
1.4519
0.1736
-0.136726
2.70637
0.974917
-0.315803
0.212879
0.100147
0.0729828
-0.533929
-0.342888
-0.443191
-0.373816
-0.569726
-0.0454276
-0.434811
-0.00483992
2.27493
2.45515
1.14327
1.22331
-0.321416
-0.0366976
0.624773
-0.28591
-0.305843
-0.169241
-0.222961
-0.504723
0.695663
0.286819
-0.22561
2.31481
4.02948
1.53394
1.39622
-0.606339
-0.23755
-0.136003
1.0586
-0.426809
0.830054
-0.275685
-0.351671
-0.276681
-0.230668
0.589957
0.716879
0.16393
0.0842315
-0.248138
-0.0396024
1.29697
0.0144681
-0.353396
0.409843
-0.054119
0.52638
2.29484
4.64213
4.3948
2.31059
1.08843
2.21201
1.53748
2.11939
4.61508
2.34387
1.61314
0.942464
0.270104
1.75847
0.814372
0.678666
0.109434
0.477112
0.295369
-0.420527
0.603687
0.414704
-0.219242
0.675374
-0.0132461
0.204099
0.789943
-0.23417
-0.198889
-0.110527
0.933658
0.357288
0.121333
0.258643
0.20767
0.155188
1.04186
2.66338
4.0235
2.96903
1.90744
0.889659
0.435888
0.306127
0.0498579
-0.355279
-0.397474
-0.267993
-0.173087
0.981581
0.426979
0.127316
0.0259551
0.892622
0.213626
0.134784
0.377204
-0.116473
0.739407
0.178846
0.125078
0.209497
0.806313
0.395826
0.0709758
0.0508982
0.198781
1.26574
0.481608
0.683189
0.468876
4.86275
-0.181721
-0.373319
-0.398392
0.0168654
0.404198
0.0153574
0.718399
0.500853
0.474633
-0.0554767
0.360431
0.701273
0.501249
1.40882
0.718229
0.0166933
0.719192
0.543398
0.517662
0.0817251
0.218412
0.197213
0.489898
0.827518
0.0844142
0.230383
0.387812
0.297412
0.429912
0.405972
-0.357005
1.44984
0.351155
-0.231963
-0.0332489
-0.304987
-0.0801147
-0.339804
-0.436039
-0.200005
-0.439003
-0.00599285
0.455361
-0.330945
0.0982037
2.34182
0.0158555
0.497287
1.30802
0.525511
0.745387
-0.075808
0.0656767
0.253466
0.443423
0.265246
0.309084
0.702298
0.648175
0.998388
1.17641
1.22021
0.745616
3.72748
1.39183
2.56559
2.56589
1.6036
1.23154
0.996517
1.18104
0.169153
0.0768119
0.123909
0.418471
1.25698
0.120872
0.0935861
0.395189
1.78936
0.678013
2.30862
0.500716
0.0422032
-0.0648035
2.1837
1.61825
0.467602
0.514065
2.61246
1.09702
0.114568
0.0511776
1.10774
0.685958
0.432298
0.424553
0.430685
0.747666
0.373409
0.209587
0.64498
0.753848
0.471525
0.157639
0.213913
0.762254
0.555689
1.50604
0.698067
0.471891
0.42656
-0.134927
0.472606
1.69947
1.41362
0.853764
1.46464
0.880565
0.399405
0.333991
0.552054
0.435291
2.29891
-0.145868
0.416561
