546
1.0743973723086895
1.9308228964851055
2.166881787101377
-1.1555821417152046
-0.9506296299327546
-0.7091033536228242
-0.6434941382305983
-0.4338510162184401
0.46154250804339114
0.24783771989795275
0.67251114097296
0.1258918891734321
0.2755085119312304
2.585225188999042
-0.7343800018891201
-0.13474197856473294
0.07643298039020409
1.021387678365429
0.7127419995913241
-0.035180133886706794
-0.47332732348058487
-0.37676584271362823
-0.053483396413690966
0.605394799844456
2.252925057680322
0.7664693033891957
0.274252132711755
-0.8595545113213224
-0.7403755269809691
0.12698936515412496
1.2673011757822006
1.4940429406000284
0.6745827119269744
1.0808244179344986
0.6496964015816727
3.5899870118877275
0.39137588737215007
-0.47470773819186224
-0.785538780999851
-0.8921112211246658
-0.6455186329147501
-0.7077096597115478
-0.5916692368977421
-0.6446184992069575
-0.762113925793384
-1.0360630625382239
4.98201696803399
-1.075144432306939
-0.9878143091809166
-0.6954806597622377
-0.37690416552130684
-0.17911173448222184
-0.3170166842644155
-0.6002527950733716
-0.6774232212787981
-0.27096681958717184
0.013620844623516926
3.590377899851206
0.16163002738236953
-0.5588735362231372
0.6440244121323219
0.8945238967259115
0.7995870383900865
-1.0684363034840372
-1.111645696439177
-1.1429665021224844
-1.2349937646254294
-0.8926508188193473
1.507787495923914
-1.1294677385046954
-0.7618045195898533
-0.8116861270738724
-0.009597203825773558
0.24635720572752687
0.6050221002594376
0.5242647955577483
0.25335248001756294
0.42626659273900375
0.564710946335062
-0.5215906307249633
-0.5388931495398731
-0.8704875877104927
-0.3925990984913066
-0.6794037015656689
-0.5788540717179492
0.29415062999640323
-0.31241241775661127
0.30418076956135603
-0.6797276414863499
-0.4772866495287858
-0.9691704447472316
-0.14997375353741563
-0.03295682009786314
-0.09630366027366316
-0.7016110150522687
-0.7432075184618792
-0.642845030260234
-0.6088703691429311
-0.8583013725364678
-0.8502399547634261
-0.7539777097193658
-0.6919813581205392
-0.8174502710701305
0.7748282173188004
3.206996246468582
3.160620966441502
2.089003557785139
-0.21212147550701213
-0.7829030857074823
-0.8301416544290269
-1.3162952652077295
-1.1004417018046828
1.342597434073021
-0.7189564704161265
-1.0530218203264938
-0.7190607571581965
-0.7529007837495479
-0.5185279802725251
-0.4546477638900656
0.2392428139327675
0.4156798334917842
0.40401711494490383
-0.3067501767509704
-0.4782418671607523
-0.7856494430073515
-0.6219559357160346
-0.5523771930541842
-0.8805031725994352
-0.6279254181070746
0.1644424475844923
0.10123984285737007
-0.11167046852348236
0.06752015709224159
0.31408684718350643
-0.10862087839918519
-0.667738524541868
-0.1897155038071238
-0.4679842626552827
1.8135435977512773
1.3046356666496663
1.4180986013437051
-0.5619762830684698
-1.2849024739649675
-1.0845224145347105
-0.9119766248477347
0.029693955371903336
-0.4265628572989045
-0.10989929280786367
0.2730145498545136
0.14416058056464992
0.09352102898719299
0.045622030820767566
-0.5369697536708197
-0.351215355387577
-0.32703721679144787
-0.4120901422678499
-0.5403046991811097
-0.9286766825996592
-0.4433098447361343
-0.8905215707592742
-0.03013060658017603
-0.20386685105976893
-0.09475914728928592
-0.46148852827997744
-0.04076380807707571
-0.5471174221104051
-0.5307170389873809
-0.753676855438008
-0.06083598533338768
-0.03938932716351794
-0.17379831225659653
0.35335044261242954
-0.1211544203084986
0.20594861185194713
-0.598432172766067
-0.6920280664137949
-0.784590340310451
1.567157581638834
2.577194071262716
-0.22784136655179865
2.994035656411501
0.2505694618255316
0.10353474399400892
-0.8669010375537111
-0.791823847174961
-0.5463733116196662
-0.9857204520161383
-0.7699488198554568
-1.0654807011199463
-0.045741538827106694
-0.46505879312036563
-0.09002539859597966
-0.03654039703301896
-1.1172361667429676
-1.143392965717538
-0.699947423478336
2.0498957068506316
2.637225245684409
2.2243290775121474
-0.6464149367043248
-0.7414509151864448
-0.595135416778779
-0.4249999260169158
-0.18135579406139277
-0.41818879643397994
-0.8913217113312484
-0.7691380030608506
-0.414582440398247
-0.9524657832972749
-1.107162429942633
-0.31767083042336103
-0.07082498659626134
-0.11623914701788338
1.4024710418855586
1.4337459227383313
1.2333088254582518
-0.14923552385275884
-0.8872884463268627
-0.6487486079092677
-0.8485710024089701
-1.1394890410527765
-0.9117427693231346
-0.17548208015217387
0.2811828989973236
-0.2814491654878151
-0.2802004442292993
-0.422838131869671
-0.5066259477692986
-0.19803418354808555
0.1787634026952226
-0.16959561909467052
-0.5688389953530201
-0.45871119634236235
-0.756384431258905
-0.6117695076662186
-0.3329090544239968
-0.919783784405255
-0.9164605364154531
-1.2575695084237033
-0.7199797351747453
-0.44587060623851865
-0.23221746430359644
-0.9875035022606923
1.4131965201322818
3.038553214852015
3.3993225304404415
-0.7048198064389983
1.5803857702751938
-0.11865921252826776
-0.5982620495375006
-1.0274851373351532
-0.5855559608973883
-0.6453202658908304
-0.5463036636324918
-0.5024382908250352
0.11233443437182129
0.2710395855129982
0.06583606078142402
0.062334768243915935
-0.8779387270168258
-1.1474257844257123
-0.943764787576599
-1.219175384477604
-1.3205157117063329
-0.9473380669040257
-0.43167327697062674
0.31643810280829165
0.25628876432498787
0.39295393157196934
-0.363162181996225
-0.2998490415438128
0.4465612895074128
0.6927333402807078
-0.14076983229962342
-0.7665089950145592
-0.6327611850384328
-0.3099821971625506
-0.5568960083569434
-0.8022897620774198
1.1314426486294609
-1.0300226080914807
-0.285371947136344
-0.22696679140359488
0.1325062599412297
-0.997143878798911
-0.8877878367322652
1.6827695360285426
1.8526968719122359
2.4777180471711495
0.2664068444728249
0.32899826862911746
-0.29905456144067455
-0.6375229623292475
-0.29027018218093315
-0.28447499652814195
-0.6745176429475913
-0.2587389316323533
0.328707068174957
0.22554267199589756
-0.9092261922921864
-0.14014168668945537
0.6183464218761722
-0.256613968234039
-0.1386001264221648
-1.1086014501235943
-0.8438828780303512
-0.11723621857354821
-0.4212746781062586
-0.04478817637294143
0.26170252470611377
1.0039795872543769
1.0111143578803956
2.7854160897255964
0.7578009984764357
1.1196758490836447
-0.11306804446660877
-0.15215702345470855
-1.0674241876771215
-0.5856766098596055
1.693642241242952
1.619116048175205
1.8052723585583086
-0.20437803092579884
2.204941275458796
-0.20703621112242798
-0.4782370709827559
-0.2090449216741157
1.0547163699042306
1.0098008681555117
0.30243068904464276
-0.5308450871236116
-0.5742355767632649
-0.6089247606082484
-0.8337976229648119
0.5245256724762863
1.555923056242829
-0.5108272137293505
-0.9173553748359122
-0.9040325462068628
-0.7582504957922361
0.41610603961679343
0.694899856676021
1.3190771128327867
1.306021386277173
1.0987574233210786
1.1306830313740874
0.6494728053264428
1.5203276842694913
1.6148578301849184
-0.08100733191318371
-0.4951802333356015
-0.34016526894192056
-0.16751999169009676
-0.8146931381130278
-0.8676212823845639
-1.113536321623036
-0.1959737562122507
0.9594107984212208
0.8692667734326421
0.7880223419301464
0.4480923402935462
-0.6469589897542105
-0.7204970866609032
-0.9675026393859114
-1.099087133944533
-0.4187799324390378
-0.42059592033878934
-0.22418645153822642
0.32048311648108363
0.22710355850364453
0.37463609136407544
0.862877921727912
0.2388022165578417
0.40461586675620154
-0.3500114598037534
-1.007108398239247
-0.8940214921505997
-1.0309559818989786
-0.6271203338459447
-0.6835938052036294
-0.8489485263914539
-0.9912997044409743
-0.6401082624238743
-0.46383107441927207
0.19369969677481833
0.1613718631923847
0.7062274959896128
1.7952110435566815
2.0949902296001706
1.359079032513945
-0.4431635648613216
0.7501898737247572
-0.4925548850007885
0.5886185076158884
0.3743091327148124
0.4477617702588265
-0.5934416163344879
-0.7930704450474939
-0.8352352887891072
-0.4169143776118579
-0.4693132393195725
-0.05107646641845788
-0.16463351763620626
-0.47616105964113853
-0.5718378108043861
2.7386447104680043
3.0725006599483136
3.2432187377252464
-0.47967909137899206
-0.5737245052475065
-0.7211531718812219
-0.8109198761948209
-0.23676347274914705
-0.6813987623324549
-0.6901050917271365
-0.7347964860480676
-0.7635672178392511
-1.0029509078182557
0.8414964251493053
2.9516168244554617
3.4997792158958942
2.0865751790680034
1.190459338621136
-0.6508376143280175
0.42830905041086714
1.2192889324166363
0.3504473882546469
0.9541213182654166
0.46079180160188726
1.2409455287871476
0.2268167130717216
-0.3578217432491231
-0.7230575934805871
-0.6258730208847761
-0.4140883711968167
-1.0127969436421254
-1.0576685200301483
-0.22760932230423128
0.007352183471078107
-0.28701418002968127
-0.8616525587713953
-1.0479785910210617
-0.8473923442954787
-0.3765284955129568
-0.03179305716550484
-0.17721927443351546
0.26432977190792734
0.641140802081633
-0.3281817407845692
-0.6832816027128471
-1.3472585954876495
-1.3068317001885863
0.28402299744218357
0.9579092749320323
1.0664701576663538
0.030317039610468246
-0.4464906948562237
-0.31297555211639366
-0.43349780861379134
-0.3563415489528157
1.4075444219102318
1.8611403042190682
2.5027916910628933
1.231330389602618
0.7413692292712326
-0.9033229123241974
-1.3248631370595276
-1.1623077052030701
-0.5109507309768477
-1.1399483838349413
-0.286833524354126
-0.6337033312558557
0.07843102577788141
-0.19177226666476668
0.20040472033806678
-0.6653025068477688
0.34050609980799096
0.3796002454542183
0.7804482964775716
1.0123930431197583
1.2496324390696198
1.9929613072103147
0.3140076378119221
-0.6587489907102662
0.04461690774964627
0.5074868592302813
0.6990647101266576
-0.28521351686121804
-0.12492673799713745
-0.7469594204367775
1.8346773879663805
-0.13028432467579368
0.2201714573818134
0.4084788520216329
-0.5522918634769762
-0.6471116726940939
-0.734834170980422
1.9086091129242353
-0.04902674510030235
-0.9060201632724898
-0.8146962274426772
-0.27232835969052105
-0.18980294305107093
-0.3501722828448868
-0.09459727353830734
-0.5776035838295661
-1.1469015902968964
-1.1432496718674408
-0.12315864619065993
0.8597737870844747
1.772363328005468
0.704447704518226
1.1047461931996976
-0.4646825831313964
-0.6243032750778267
-0.6002248453293989
-0.7524210815806249
-1.1411859925676715
-0.9901920499011425
-0.37637360082959925
1.8104823550826792
2.4074736861819406
2.163830556246179
0.3176296625420176
-0.13040411531718313
0.3439217390695777
-0.21905971221829376
-0.3310608268168877
-0.6152950953296141
-0.8143684195360472
-0.572441920008847
-0.3433930077189877
0.14152546029381974
-0.4811105398503501
-0.6554767579556557
0.568488095875061
-0.6184154766922313
-0.5013585779939638
-0.7806368347270118
-0.5177812812986238
-0.832246421101981
2.02658454908129
2.425444182838359
2.209040338932681
-0.798545568210961
-1.2889507084026932
