546
0.05577907637718427
0.1359511280654352
-0.7112053003879629
-0.6279506779128441
-0.7291883525486306
-0.3160672314074263
-0.09849342502009667
-0.05730853824496582
-0.5798765111220822
-0.5311719972486187
-0.39301910648518396
-0.4773173832863866
-0.5784472040341557
-0.6819347703520131
-0.7034926846453528
0.8832309754347145
1.863170231838841
0.6419748620077532
-0.296460040644479
-0.23086409141925954
0.11733506850561472
-0.015187932654186161
-0.6291646459113929
-0.31856096262962
-0.6260883400452179
-0.5181119054197
-0.5934953668980036
-0.7903145042001759
1.7707294528104405
2.5501785981645995
0.8762505920047665
0.06391968515040303
-0.3474548657609512
-0.814992406037538
-0.20376632114552548
0.003055721924195558
0.007180532237274675
-0.6187008507161336
-0.5814503663879029
-0.5081614423052017
-0.47239519261114754
-0.6814690781421913
-0.4798935503883082
-0.6332924477682241
-0.42023636557491517
-0.5415622147518546
-0.14838375884555202
-0.6855844663955635
-0.7232363850307535
-0.24955070738352045
-0.29501436725191404
0.4897526955504474
0.4625568731184237
-0.23114845062106604
0.10711602378244908
-0.3329688557700962
-0.42828981916343783
1.5127778468809085
0.9132502828053107
1.0424669209818764
1.2743950377234519
0.08547734590491048
-0.7254733504435728
-0.6880288324350526
-0.7224866051517844
-0.754238315772776
-0.7922495035134626
-0.7363429922376554
2.1013566784285667
-0.7619053443511419
-0.40015460985043955
-0.4378737232513221
-0.18426239599796593
3.028950983573312
4.62721570091632
2.1657233830405143
0.15126427127564654
-0.4004228440380093
-0.6729690870657775
-0.5814701812461378
-0.48399511171471415
-0.339401815582178
-0.2044397803689482
-0.287785216712633
-0.41745630202654144
-0.41289050606315886
-0.18185369696578027
-0.5397953021193101
0.16913629336127037
0.8080842394898617
-0.583430031223794
0.9534778493424995
0.6260756588754537
-0.2782147684676169
0.722222193012792
0.0696596194149061
-0.06244686954972784
-0.6729544520707879
-0.6182347830968363
-0.7199426406221577
-0.671562373566011
-0.6394572740145601
-0.6955092403568899
-0.4983018937003844
-0.7293170512812956
-0.603702775835478
-0.6415277370005157
-0.6829938968294429
-0.711058402917076
-0.6437386934773965
-0.5868462416342477
-0.7236474746268925
-0.16871138614475298
-0.5719398964739582
-0.5083741838612509
-0.3197290180234846
-0.211466264848248
-0.30374350373436676
-0.6481369369807044
-0.2611231499062113
-0.16323081759830424
-0.5620418372333389
-0.4968769527237816
-0.6062464536944712
-0.673943695384393
-0.707331269225694
-0.6228892322597217
-0.382613609996139
1.844069082488592
1.9353400988643943
2.2778997700807477
-0.26484737475052106
-0.5630684608247202
-0.6670277000794054
-0.6726333131947771
-0.6830145605769938
-0.6196296255295166
-0.5119017028842165
-0.6542257239135478
-0.730940626944799
-0.625633246959576
-0.5509081625279083
-0.3772839742087675
-0.525043876901994
0.16552699390954523
-0.5084088062128231
-0.6774358468074249
-0.31321966028626647
-0.5325451619013643
-0.5442878424793453
-0.652064391616209
-0.2096397461984995
-0.24109523279197453
-0.10256379747771296
-0.5353150310104152
-0.20282126694254757
0.8584933687467312
-0.5064548510848275
-0.4922544262589264
0.18547060653934688
0.3539164592858512
0.370718353667014
-0.23103642254039364
0.04930857867374905
-0.0719689544972663
-0.09931567412523626
-0.3038232422282399
-0.29470124710610196
-0.3944708454702148
-0.30625160133731133
-0.5984917867573709
-0.6798118490995385
-0.4727615359372125
-0.20872077483909282
-0.3845533535081966
0.2884709744711039
-0.3603889488680481
-0.10854255814827654
-0.6505435158776355
0.3663449819468499
-0.7187293391929285
-0.6999985516442102
-0.5742724251960977
-0.771729540602525
-0.732007670244552
-0.7605330499231506
-0.6205330242373843
-0.3724267560611747
-0.2107545995523688
-0.5431102796834969
0.3564933069627834
-0.5890573026526481
-0.782342893365042
-0.613741878609113
0.22389321415872418
0.3956684018802854
-0.5811840137450249
-0.6957235140056443
-0.6873144901391743
0.8259458278390851
0.926445315539669
-0.4950185358690359
-0.19301514676615927
-0.26767235767043185
-0.6321239397936501
-0.6112445279860997
0.20872013490816357
-0.38778138579816224
-0.16628647947925082
-0.39891345164669384
-0.5781788690697096
0.399471304131887
-0.7684164240810814
1.1000578241262993
0.5633573388559727
-0.6446703170384073
-0.6327509828431297
-0.25785349519998896
-0.485368668103785
-0.6892883990843276
-0.6770781037591959
-0.5921359304281658
-0.19973586918143527
-0.12973756878228362
-0.7135683077209857
-0.5072110507518476
0.09620096753979435
1.267772570546565
0.10960283407686865
-0.5549570571412863
-0.5513453637983382
0.5071269990035749
2.302414418753716
1.3834616883704516
1.8662395029395005
-0.7659102855749311
-0.09937244943196792
-0.0076925879800962245
-0.08274155085185714
0.8283860485038625
-0.11931152214508575
0.034035273543286546
-0.645941330554498
-0.501901167751662
-0.5286772685918784
-0.44644213915679104
-0.62268782526777
3.6549141295990335
3.368413738986804
1.420568857087214
-0.5340890613163652
-0.7273041559255671
-0.6465897244361091
0.18706424275449351
1.2254211256916294
1.8537226153052582
1.4101831877456161
-0.6298221400033442
0.8346395067571319
-0.588137034345849
-0.6488191552057828
-0.5066093215947098
-0.13466222434036784
-0.1556255050672829
-0.7724302808967816
-0.3918627126243166
0.10708607852789137
-0.3567462194196737
-0.6326211037120769
-0.4160585857217132
-0.5598638180863789
0.11164673590627813
-0.2640841299004499
-0.09764665161159383
-0.40331993993080606
-0.1977399472777434
-0.427432359884706
-0.3431011267086067
-0.6424736876527228
0.35722252801659427
-0.3856817131716486
-0.4470923764363554
0.7902781835356795
2.241437287258582
1.459845310819195
0.07353378394244853
-0.5434690341403797
-0.4893963713563207
-0.7329684724053882
-0.6071527225340201
-0.4777283886897046
-0.5606272465443725
0.3588421711182969
-0.2699109939800516
0.6087418479209282
0.5460841665702035
-0.0690086515926521
0.15078587740460203
-0.4131168442716054
-0.5106719593495005
-0.6047068281797718
-0.21922231208896514
-0.6198952182936406
0.13339264616304136
0.6013613795818132
0.09518739330912551
-0.06910063066136445
-0.13206081812122195
-0.4238085507920782
-0.060479839152552624
-0.6671583669025756
-0.7152778227954136
-0.5984411400346598
-0.6200419021993718
-0.31003395916012694
-0.3389203960161184
-0.5868956405876092
-0.48090431429704644
0.387598335629056
0.7444978680058114
-0.23348216862170976
0.8154253768086299
-0.3957549957293461
0.7272793940944328
-0.45260919092928237
-0.6197492643520919
-0.5218811920763623
-0.03316732360781296
-0.32524624286411663
-0.32550160572896086
-0.6180543906747974
0.23092951888498342
-0.2216602723174688
-0.5234406972451694
0.09438617057500069
1.5845954784287104
-0.6593587583184458
-0.14120608262610082
0.245384774811076
-0.2518508689230872
-0.42661995330374347
-0.5165690953194977
-0.05560675373252325
-0.20395217394461498
0.8279876453594479
0.9682593812709288
1.762146072429241
0.2836702969589202
-0.4140190127336537
-0.17500378315500958
-0.31841557006855803
-0.5100985699072466
-0.6969769932376599
-0.4780431627675526
-0.5310323899323214
2.362670353535235
0.6485098634112916
-0.5104956264541914
1.1328672829372153
2.072343086820416
-0.29161842049380493
-0.12106602487179557
0.48288617529137595
0.37843282030126446
-0.6317773136713752
-0.716376575939465
0.4979135049321594
1.127481311442814
-0.5296363520892962
0.43008498913976073
-0.485865964315919
0.3959598764681028
-0.3321184171562533
-0.23586150095160954
-0.748246040976072
-0.6962253177587934
-0.595678700802962
-0.28800762783788003
-0.16402900400105141
-0.5653497922787367
-0.4818222147120139
-0.23649436287765252
-0.6922402196305664
0.20162047056299845
0.01930035447059062
-0.09089186295093558
-0.5600523920859587
-0.6807542386643864
-0.7124748287554084
-0.5611819944021009
-0.6492703355220011
0.22942483001255115
-0.4000347602518991
1.3198438276587858
2.306605228753866
0.7061057311025044
-0.4047737883838666
0.4573014461983646
-0.35071575407440564
-0.3582513410327677
-0.6479077771673766
-0.6400028800863575
-0.4676875790497073
-0.4633645732555861
-0.6562333679086454
-0.7137401913594171
-0.5518279560620158
-0.16560566270452215
0.10076117172800511
1.8935609872464596
2.3313157709673664
-0.6755358633359967
-0.6659673468470613
-0.49819281135623045
-0.733080119746378
-0.3842348974419888
0.4594031142015456
-0.5429745241802871
-0.377632388899798
0.31141598810100996
-0.2971015015560924
-0.29175333841772677
0.48771618745440104
-0.214587652730289
0.2573883113728029
-0.01605833184671181
0.45963347383249176
0.30841453889808607
2.134528898864776
4.389251248974329
1.3319173382702494
0.6639876045071154
-0.661037452573668
-0.7074928309572153
-0.4763826297228542
-0.6738334814292195
0.42553882228611534
0.26110203447538566
-0.41901220485002866
-0.39258502895142416
7.518168795487447
7.251190071025816
6.621788207879843
0.7562651126014563
-0.4062615663030571
-0.7153374535796554
-0.6371653796496995
-0.30586499704809983
-0.2326330769116573
0.1911519015261268
0.38340636318361904
0.07794398340652887
-0.004081028951271874
-0.02917627030556415
0.1913759548783087
-0.2648926805501819
-0.1301161696205526
0.38425358661408293
1.6633599440291809
1.1575026013261653
2.0836787161137673
-0.006412997809897371
-0.1170932255817352
-0.05005550233169355
0.8866947948242172
0.2635987404566127
-0.336482127827965
0.1536623854807909
0.975098904393669
2.4528995943194705
2.057156588175374
2.0625557052421204
0.05939584974508854
0.17527550077137385
-0.23664879669304822
0.13839038243457966
-0.057069860941989944
-0.20776292395636303
-0.3481228551874254
0.2818782730503211
-0.35420561757325947
-0.11843139337290284
-0.29361590675689836
-0.23186210696256337
-0.39286783800181235
-0.2872380051249052
0.44219088777981336
-0.08664815383053452
0.0834567179308204
-0.0697077290815687
0.04951903080017597
0.15640427412692415
-0.1543828391340483
-0.16335339796259107
3.9513191981927176
4.063782633952879
4.32841627612106
0.24082167309304792
-0.3845709365086414
-0.729872025806648
-0.6606395660894984
-0.6106295511525002
-0.037366372442513625
-0.5782815822643443
-0.19244231887731655
-0.3794164523780657
-0.5784662654197452
-0.6100855381259609
-0.24859352289429976
0.0010196925917017705
0.5171579306656731
0.3890564619914273
-0.38403583258114626
-0.3239553927751935
-0.13347944388310695
-0.6309058565820311
-0.7004885072458935
-0.6958590144681803
-0.7910107770581335
-0.21741735391251274
-0.2343942366901812
2.6924324226011103
2.4439894833325737
0.4852419651196074
-0.14430449834188974
-0.6133160732948824
-0.4094914684731476
-0.36135932623028744
-0.3604451061316273
0.07099313918832419
-0.507150886463121
-0.36999003025640326
-0.5937859672127281
-0.598412851449567
1.097155822441067
-0.2788812171480875
0.8335420205204276
-0.06081920069471211
-0.18030001507567936
-0.7032551780347596
-0.7609210886575264
-0.6506618336986043
-0.49644345083177005
-0.4420409147021637
-0.47310575113989745
-0.7460493995917423
