182
-0.049666715671512804
0.20950316813596093
0.1198733645558952
-0.27130069465634976
-0.40571200819847897
-0.2909555065444786
0.12665944274268157
-0.30962148086696395
-0.3533341822028961
-0.4914704387542492
-0.38395791470636986
1.9139064344943995
-0.01585521863310463
-0.47247453062581946
0.028656677931985192
-0.3855067273210718
-0.467583704463563
-0.2564623877990014
-0.10924287768703343
-0.5249353902900695
0.4407388479329243
4.3993698774296615
0.10557790644105962
5.14838193611037
-0.07869341943513534
-0.2992716010962781
0.07667947681941606
0.03565336953754295
-0.1791030170372953
-0.19102326052710228
-0.31278163548992965
-0.30056503706552873
-0.4602354435318029
-0.30032960081389803
0.680960262805298
-0.054670254268257036
-0.2917607808033326
-0.4180393987749445
-0.5198950047424685
-0.11656744962739511
-0.30057268394648995
-0.2828461344226157
-0.43108441586870405
-0.09961410444303179
-0.4784044028292568
-0.21410003300592123
0.055938596097796625
9.096970723084645
-0.5057284875075109
0.0004804080597135279
-0.24424303496150176
-0.30613445874309775
0.15081644174211678
0.4672590100361164
-0.4651054756339081
-0.32085581232004573
-0.25946390889142185
-0.42031279335861066
-0.38179445610057056
0.5418713046987493
-0.4465851750321107
-0.5747094311445327
-0.4417186608480928
0.8649676182498385
-0.2540651532788741
-0.5301608672210336
-0.44398321396681356
-0.20854542801580161
-0.5543751997575946
-0.04481193287622318
1.8255444922783004
0.41746748552490337
-0.4829547155317461
-0.3803154500581037
-0.05760571067334731
-0.5038185454285679
-0.05289084018869647
-0.41287150141616563
1.1297208084891384
-0.41798071456288677
0.7901118311615735
-0.39186821816543876
-0.083679146813206
-0.3780520218338778
-0.3217311103024534
-0.5487287368293134
-0.3403018979853525
-0.45098825013230587
-0.10226652266241866
-0.15212076909496056
-0.5400822381204979
-0.3514402155191041
0.23440042070800082
-0.23212322268789592
0.021483816108912902
-0.49579848052774717
-0.4878959998327439
-0.41737545833590595
-0.3517702975365461
0.08589902472860711
2.476727667373234
-0.5130962371096953
-0.219180303146076
-0.39378800988891116
-0.49275286914718386
0.41024098535417525
0.1382365222870194
0.621640681746461
-0.43366176149330654
-0.5114076390196175
0.08800966368265768
-0.5671156036865812
-0.52160735469359
0.20152097132247543
-0.09613044664385496
-0.30580905524138785
2.6995237341540217
-0.16425011269831866
0.1632164163942083
-0.13074286392863563
-0.2681213392746362
-0.435274562575074
0.40627327526613555
0.8680445455075164
-0.44140612582592664
-0.2640800748059977
-0.28955985728690825
-0.3210811168772819
-0.5352864810591716
-0.33317915115840113
-0.3548841703297528
0.4734348708962973
0.12898171808398365
1.0282810003568812
-0.2510146211629437
-0.17415778551887723
-0.4197296611835724
-0.5324324733299532
-0.1920903765458457
-0.3626637824047307
-0.4747108891637375
-0.49453929890083875
-0.22916476678003697
-0.3775026370461414
-0.3942912530027664
0.02383871940439008
0.14537661397920684
-0.26451943463142663
-0.29741401781392635
-0.31835828042564945
-0.5151976931950553
0.09875690586413537
-0.4895723983447513
-0.5011711825410842
-0.07428760360630073
-0.3175029998968821
0.7421512940283571
-0.38092913489670155
-0.3504099751382175
-0.45245019968617023
-0.533566769967201
0.3289200480808704
-0.3953926263847026
-0.45085557095435774
0.2706464533100671
-0.36035660249338847
-0.4290228877847524
-0.47281527495067527
0.5287517292653193
-0.31773941195305977
-0.36453215034512
-0.5244359256195358
-0.25698548911450003
-0.451249126073054
-0.3598060680794229
1.563297081346392
0.003019658099118254
0.07681356357667159
-0.09053272025592209
1.7976398232623994
0.9920666391074552
-0.30559609252607983
