548
0.09934863262522765
-0.10490486548008565
-0.32744226528381093
-0.34847033637001257
-0.1306548377563851
-0.31658652472654875
-0.1361581942750938
-0.27661048276988903
-0.015328558157165741
-0.33567674117904034
0.08118678141226542
0.34368477232761524
-0.30536423760460374
-0.025364327102217078
-0.1509453881304791
-0.3700461897656433
-0.21142902250566215
-0.16058538686028592
-0.1236409366545313
-0.3101608386937566
0.4855563598035674
-0.1038652168574339
-0.2554699600129441
-0.020031696987145037
0.1978145726699402
-0.2935906117983471
-0.14356257580090956
-0.31647016512603554
0.06849680440607904
-0.44438581515283976
-0.4468627634623015
0.1985789530723229
-0.14674046702595023
-0.2999625784057627
-0.32311830440652956
-0.268730041673072
0.2314308049579954
1.0821530061573592
0.3684163522726444
1.133455232452872
0.4463158410226113
5.205633708028468
0.2195546520502523
-0.017145736822657378
-0.2739807702380175
-0.04857879310653521
-0.24286229444083945
-0.34643695392456886
-0.3372660273433219
-0.09513463389688671
-0.29549381411368597
-0.2873762019865046
-0.3462340788536972
-0.30296155311132644
-0.15354546255195392
0.024820246080046134
-0.28190511250037104
-0.2407640475038397
-0.25006553944321297
-0.39375731034882855
-0.18152540715545698
-0.2781513258999721
-0.2900437427293308
-0.1751956537043472
-0.2171949920677137
-0.28225145882128955
0.2306875742522765
-0.13740722566996183
-0.3156303391713614
-0.3420686078893364
0.2844678686935336
-0.14350582699167214
-0.26365157589556365
-0.43865613423487476
-0.017310846350763544
0.1937674642659412
-0.2268984348492342
-0.1460060404178828
0.044265857158735135
-0.3356737207396628
-0.3472581836004686
-0.05876175887396166
-0.3125953787972778
-0.3092824365846157
-0.14493785033311188
-0.3070433597400878
-0.2880704681148155
-0.07234948872424364
-0.26658046205728786
-0.09232648696435983
-0.24926209694853202
-0.2993909592225399
0.5435608113455799
-0.34258876983082454
-0.21897485760084667
-0.18433132266654925
-0.055346725361660416
-0.262058535877407
-0.4275652521038656
-0.11844852642286696
-0.35173845183778696
-0.19804366898501044
-0.4395612720164467
0.11045904281837746
1.3231416196346673
0.01598975961682046
-0.24277315377137554
-0.39095607289729434
0.6324171646432138
-0.26989804580848864
-0.17065403157680184
-0.2677132937322841
-0.28097113180257016
-0.3096445283522264
8.040681846668365
-0.06944474365761674
-0.25089192513283687
-0.2772708610366058
-0.2662655275868591
-0.33086592304369794
-0.30118553776053386
-0.27700059739913935
-0.30187837439039383
-0.27279617782501203
0.3501097714148562
-0.040216573833575874
-0.30337108868934
-0.15043697417272126
0.03012927296403047
-0.17683773043466736
-0.08965671973593606
-0.277365788781605
-0.14202479104856297
-0.26718068445808485
-0.3034634227212007
-0.20902531453706072
-0.08085370579086876
-0.10623497087168346
-0.11502283333681862
-0.2422916795086621
-0.04307947126676355
-0.27516995285299534
-0.3263468145577468
-0.16978415558559087
-0.4702519578393211
-0.31158872531343706
-0.34643580282036046
-0.32087203122068
-0.3067899859945609
-0.3494914475998224
-0.3131108611009072
-0.3255742838463717
0.15886418358912482
0.6084536099381618
-0.2782262650947351
0.06335288499878335
-0.35664062590979073
0.5337259202095516
-0.37184944923244023
-0.2856590199281909
-0.2990878307012647
0.5271639619172204
-0.4083386353137287
-0.2862959986285552
-0.3491049505857154
-0.3165734788901013
1.231219743169029
-0.03711730627179466
-0.2953817931572812
0.024338143609092387
-0.25047045175064503
-0.2876736648965414
0.4473192996203903
-0.12347305868946162
-0.07204186201289432
-0.28007700307460914
0.1479695349865403
-0.3157202730724113
-0.29187518173248367
-0.22280932100983342
-0.19006164917492052
-0.18070013903186355
0.1313078853929709
-0.3530004914323254
-0.3677180099154784
-0.24181036639371611
-0.09267458038442752
-0.23504448330744682
-0.1117463507168606
-0.3072900003031644
-0.11523841362560022
-0.16703761445670653
-0.2432624174654541
-0.2802642043643302
0.12049469938172457
-0.15581382179121359
-0.3995592972671063
-0.3036579813125031
-0.4444365998032701
-0.3029615531113258
-0.2700484386631117
-0.27882789856199214
-0.31778606528819325
-0.14101524609228963
-0.2815746653944818
-0.16654658595241045
-0.2407640475038397
-0.17573583440174106
-0.2912923318695558
-0.12334279031670452
-0.21975089561742522
-0.22294702975478595
-0.27345566810276145
-0.3904494771585222
0.11997519562421356
11.672177520697716
-0.20925937382339876
-0.2447025232651651
-0.3169920937215132
0.07221572708969337
-0.3446841924599896
-0.25956128946418605
-0.2967524020096429
-0.44288688095568546
-0.2320747775486252
-0.23762833127884075
-0.33580209989348087
-0.13592911197886873
0.07304108249668516
0.8167876022905756
2.8595213485856226
0.10947605803375324
-0.38668451806034826
0.1008593171601259
-0.27281793835977813
0.10741005338080592
4.329669517473908
2.160304226059477
2.6671451453028334
0.02406978350837101
-0.23537815741032658
-0.334094607311489
-0.24964907083433643
-0.2850426929609252
-0.2402565547832012
-0.3456092848257653
-0.17123759968578914
-0.29070784629676955
0.0346131778481216
-0.3527248950526058
-0.3253425342200759
-0.3955371025616697
0.109406721398607
0.1402709816717271
-0.2880045972822329
0.10800912695254371
-0.4142806374772577
-0.27437873539143237
-0.36468173655387603
-0.33735618277415214
-0.29515881847820646
-0.34259784723414805
-0.1403830779922688
-0.4080514001996118
-0.2797758269158623
0.18589089201562844
-0.11262852230672579
-0.2880045972822329
-0.10606563103742717
0.13406324303936668
-0.2850426929609252
-0.09489400719737666
-0.4332745216006458
-0.322164958758151
-0.11718233636060547
-0.07402554649102609
-0.20415151443537002
-0.28980103671956847
-0.3222822282098283
-0.1013318879998171
0.07205322069502387
-0.3349281268710539
-0.2993002245417154
-0.3172332916312789
-0.3088831468284592
-0.09496171444713669
-0.09396026332043805
-0.17004797780218253
0.22236643758063288
0.009476440026986646
-0.31841517719337914
2.0821339971429107
-0.3252728515705228
-0.3495908781731611
0.19511416485942926
-0.07271738217594795
-0.42901120318961516
-0.19814941035169037
0.03322668876944776
-0.21435262949487432
-0.07391485553410665
-0.17467631128297403
-0.24050905477972667
-0.2231670070145249
0.47515040053067775
-0.3800422684037959
0.31178373567601547
-0.21887295585318833
-0.2831805591129943
-0.3146060068774586
-0.22277254010399553
-0.3456371963275217
-0.20872931920408846
-0.3905488448070865
-0.34497357453519345
-0.14356257565598401
-0.24985169416140468
-0.34776406346458205
-0.3124580882903269
-0.27136561025802336
-0.31388781644349933
-0.16035734733398724
0.13254101894184075
-0.2713175570404402
-0.31508288336970547
-0.32911453913428906
-0.28108858610537774
-0.15418961415977717
-0.27293882087132365
-0.3008426074051617
-0.32062205114536396
-0.42036488652833076
-0.25485914618535843
-0.2146039563514483
-0.2009402824295304
-0.1676776440789141
-0.2856590199281909
-0.25047045175064636
-0.2620763728580434
0.12511481835928076
0.315358926818741
-0.3449111351959734
-0.11303895179983738
-0.22837281311113797
0.10406363479597333
-0.21845127448801732
-0.23357678404802412
-0.3452239121653635
-0.2781366673565327
-0.2911442964926835
-0.35468119883907256
-0.1146779008720529
-0.22277254010399553
-0.34283913462234716
-0.25365857649141604
-0.16035734733398724
-0.17872927575973577
-0.26352469867783485
1.2297724155606855
-0.27982141260640514
-0.3486682444957786
-0.07094155194268852
-0.2991392789877587
1.5127231231767866
-0.028397348990262763
-0.19319798881632436
6.792200504412942
0.5393407946071356
0.17499570056075126
0.5534199417673866
-0.25319221832549993
-0.4100778351007706
-0.23515904167477772
-0.3449735738174096
-0.30704335974008845
-0.4389619718670869
-0.22379897269627483
-0.29528816903694594
-0.42901120318961417
-0.20517341860553856
-0.3508858978823731
-0.18538910380652968
-0.20754452572701484
-0.44702507336907377
-0.2228093193682189
-0.27736578878160567
-0.27657532022411935
0.1216278090951816
0.19636511565643433
-0.3139850417132
-0.3108259536989041
-0.3628163620919914
-0.3819426260960288
-0.32360341387058966
-0.3161697241912429
-0.4473487962595353
-0.32453959990043757
-0.3140924528898082
0.3838752900866636
0.37053274740230846
0.003893818853454958
0.4601680837650974
0.2157243675998917
0.7094390520517415
1.6988025426635012
0.08621430842319742
0.059989602884650155
0.20096876368394295
0.10520758817257991
-0.061369451500576586
-0.353260526685528
-0.3112235885941199
-0.40436719903362417
-0.2657839447915304
-0.27616426256081256
-0.3119263244247021
-0.2122671719626804
-0.26272484937478013
-0.1911059558215058
-0.2998885268822877
-0.3966120982068516
2.2554485719811193
-0.34831347888323194
0.053444072971332586
-0.3163201238761615
-0.3426952184326973
-0.1586953499252609
-0.28834075423269495
-0.39523113306556107
-0.49219466597064493
-0.40494265720137873
-0.08712166270032182
-0.2007359490334146
-0.293976872182234
-0.3161697241912439
0.3306164646533645
0.3311294441550107
0.31673390033973625
-0.1889254038420491
-0.03988850904705207
-0.021218912705010286
-0.42816636446188955
-0.2041628934617716
-0.27341679260582696
-0.3472581836004686
-0.20160991329517974
-0.21744212329004273
-0.29918643492663183
-0.14117889491921987
-0.18345243672790285
-0.28855104862765085
-0.0117531229991311
-0.3213083458706629
-0.22665998025267553
0.7425875758447081
-0.011091721061391203
-0.2876000378630303
0.1330265291928401
-0.42223129682942967
-0.273214403300155
0.17689369796566104
-0.18629157842465305
-0.17332085862874969
-0.33101050057722814
-0.22087203938983146
-0.3074373679568849
-0.11557857159302651
0.3631399168524818
-0.3686198504560279
-0.3491594250073036
4.971821107278753
-0.31842744262175465
0.09676621352047038
-0.1573085261836436
-0.156570858759835
-0.3302532590050796
-0.277365788781605
-0.1739691383957601
-0.21260731080915418
-0.21927329932011502
-0.23607729549672304
-0.34293794663411975
-0.27213892206792534
0.12091415999407029
0.19072743839719372
2.867284572082078
-0.35703326839086413
10.51038586420726
0.8978419809501109
-0.028278598167537066
-0.27596973074113657
0.01820114241647177
-0.3534710107124658
-0.23851692410736813
0.020565278088871864
-0.29383616759575637
-0.2746376689703416
-0.3422124845278427
-0.3169920937215132
-0.11320881788400637
-0.2723131509238659
0.07189989669169909
-0.25150605395984527
-0.2779536252508598
0.16958673208668007
-0.2905939085637751
-0.2013282680896402
0.03031861680634047
-0.23332231355098682
-0.02536432710221641
-0.2427147630617229
0.04537645142843408
0.04779841570890935
-0.32541095784331525
-0.3012646034834017
-0.011782321272135594
-0.21722104649495128
-0.27840235569104466
0.1956410378970385
-0.12884756001447836
-0.2528415089797682
0.001643899713038038
-0.3243818912351218
-0.2998577019410483
0.028586365948103563
0.10151971590083518
-0.055094412816782366
0.11996216713273619
0.22128314241508382
0.05743399769369001
0.9155454982535293
0.3204227052678653
0.6137520955950072
0.26446803554542353
0.0741539979854978
0.47392915088916066
0.8702587038809318
0.6525375435738741
0.07229181776417223
0.03964010780469966
0.1510463408936411
0.055663154165798194
-0.2895410383514122
-0.25745742363201657
-0.33747274199137156
5.233787599522334
-0.2955252613547171
-0.25507942501609426
