182
0.164504
0.23797780566666665
0.24507517333333328
0.16940875833333333
0.118126396
0.15480886666666666
0.172283053
0.18272074333333335
0.20437674333333336
0.16276822066666669
0.17040890000000003
0.17691457666666663
0.16289881600000003
0.16082062333333333
0.18102429999999997
0.18682087533333333
0.1403525766666667
0.23139643333333337
0.20255716333333332
0.14246888666666666
0.19594206666666664
0.1279481
0.189666127
0.23018520000000003
0.18442382833333335
0.1375778633333333
0.1864568666666667
0.17441470666666664
0.22224436666666667
0.1658108666666667
0.15602105333333335
0.19312558999999999
0.15321529333333334
0.19713125999999997
0.1782634066666667
0.2595637533333333
0.16432539333333332
0.16182474666666666
0.13473569
0.13129146666666666
0.1304466
0.15791545166666668
0.22113283933333336
0.21686250666666668
0.27098693333333335
0.12740773333333333
0.1319420066666667
0.16357083999999997
0.1325892876666667
0.15122554166666666
0.17553359000000002
0.18933380333333333
0.12808173333333334
0.19314767333333335
0.2082307
0.15358282333333334
0.2694288466666667
0.1930993566666667
0.27846646333333336
0.1483152
0.23244143333333334
0.15658966666666668
0.13154576666666665
0.1362068
0.14981146
0.15384651000000002
0.27594545666666664
0.12980893999999998
0.12842330666666665
0.15258016666666666
0.18004999000000002
0.20898468333333334
0.15371447
0.12786902666666664
0.18205253666666665
0.21379241000000002
0.17478104666666672
0.17606066666666667
0.18671216000000002
0.1865177533333333
0.18962301
0.19624473333333334
0.15581169000000003
0.19490581666666668
0.20694484666666668
0.17948486666666671
0.17083171333333336
0.11331913333333336
0.18281771333333333
0.12833512000000005
0.17073260333333337
0.11751786666666665
0.1975848166666667
0.1893814666666667
0.11860628333333333
0.2575859466666666
0.15542761166666666
0.18650043000000002
0.10718238666666663
0.2363370233333333
0.19555819400000002
0.14240189999999997
0.11643099999999999
0.14992707
0.2691710533333333
0.13960930000000002
0.21461897700000002
0.12836656033333332
0.22813831333333334
0.18855296333333332
0.16738653333333334
0.18591674666666663
0.16454412
0.11544097493333332
0.1395244723333333
0.15570417666666667
0.16381476666666664
0.14364461333333337
0.19991641966666668
0.22898211333333335
0.21668545
0.22503266666666663
0.13318756766666667
0.24920687
0.14121310733333337
0.21942532666666667
0.19251431000000002
0.22103546666666668
0.19670469999999998
0.19363981333333333
0.22032593
0.11582806000000002
0.1844918456666667
0.13692387
0.27514463
0.16853702733333337
0.198800697
0.11893476000000001
0.22036383333333334
0.1267536333333333
0.18015948
0.17660100933333334
0.2134194033333333
0.2350808266666667
0.14794352666666669
0.17616673000000002
0.17234546999999997
0.22108766666666668
0.14511440666666664
0.14843121333333334
0.18716177666666664
0.18491691
0.20061243333333334
0.16566566666666666
0.15540162000000002
0.21423675666666667
0.22210408333333334
0.15286345333333332
0.17904650666666663
0.11311432000000002
0.1339087233333333
0.13924702
0.12218041333333336
0.19062880333333335
0.15777517333333332
0.20891069333333334
0.12443746666666668
0.16340436666666666
0.1646458333333333
0.17627943666666662
0.19035517666666665
0.14538135000000002
0.19118913666666665
0.19268818333333335
0.2402165
0.15156264333333336
0.12060940666666667
0.17119014999999999
0.2033642466666667
0.23708420999999996
0.24564862333333334
0.18048937
