546
-0.19926963058392208
-6.835955897194721e-05
1.099443546694853
0.3199537906967044
-0.12878615851913203
2.1273214897232866
-0.2324829985860735
0.11042764570684578
-0.43943304715893433
-0.8534852768822923
-0.7187289576928723
-0.8161312468636482
-0.8871631967932251
1.198926053120679
-0.37743129864899316
0.48044165888187446
0.11577764962360684
0.8444885082911455
-0.9250998097984827
-0.8014515383142115
-1.2094152504777318
-0.9793408380140907
-1.106844140293325
-0.6270500112268961
1.7175964905831353
-0.5033345740882533
0.5756292592212686
0.4685542359304145
1.1211376683663026
0.7823129214004446
1.3596425894318571
-0.3129131850746776
0.29224834586573745
-0.10496732197997637
-0.5833072254592295
1.521661040067597
-0.833491686780213
-1.0631728648591603
-0.5139240930529562
0.7999578515686516
1.1573121288854424
0.9731912506430033
4.096134518521734
4.16926101362695
1.7562851423162118
-0.7808604376139853
-0.0371365507113522
-0.5136202652571116
-0.7610159708887018
-0.8554350526646414
-0.9478571283043559
-0.7759792673502154
-1.121993278841597
-1.0037429611289834
-1.1826400014979053
0.24023099135779719
0.18576727584254143
-0.2685360701726012
-0.13058735602148164
-0.4129912365024013
-0.24453043151795978
0.9843013150005747
1.0419366078301089
-0.13557341264340805
-0.6238661646564296
-0.8052493416945042
-0.7536359778084722
-1.1120277014555402
-0.8826611944446086
-0.6969565221385351
-0.9889290377733267
-0.6168272991445479
-0.4147143545904939
1.9262847450091771
1.9968970360723088
1.5986168778460175
1.6068698261492376
0.27799781384639655
1.679942005198666
-0.4655405588255989
-0.04623160856363778
-0.7207190801489356
-0.8439167195371957
-1.0658060328346517
-0.42371111349666957
-0.28594614077341096
-0.022461991633396523
-0.048576529161138436
-0.134789937026874
-0.7856965552783108
-0.6847551570454797
-0.8687398043868614
-0.4250614902216647
-0.7785285922062739
-0.6211100196787253
-0.8262653581387069
0.37548816232351
-0.1822140470171457
0.45217942393628846
0.09246192606104132
1.3175846293656568
-0.9598884146267103
0.7964341115515449
0.6087641079436101
1.2005323263418675
0.14223547440050313
-0.35841618074845033
0.4227358376216276
1.7581178957575518
0.5805191977336083
-0.4975126129689922
-0.04861276627362653
0.17183758427961543
-1.101634889732605
1.2351870353541745
1.2330047738061694
0.04310623547116696
0.5766951418906989
-0.9186687842031275
-0.40071154290094696
0.34044799864004677
0.4449940782633517
-0.1935757489282052
-0.7649700225496581
-0.06500712578796687
-0.8069119153473633
-0.5682922731561939
-0.8183279962183023
0.12310865742838627
0.16323806449032252
1.2074303913237794
0.8190434290653988
0.14446341199154192
0.7191414773300783
0.05548327715357252
-0.20847520609818215
-0.5276331492887263
-0.5892135178805464
-0.656837215929433
-0.6674507975993521
0.07217296704700983
0.022942597855440162
-0.4329040543443651
0.8753427997498355
3.761689774955266
4.175004886170625
-0.16723491873790147
0.5488996008429385
1.4887508006057082
-0.20251098419958632
-0.2504724987660691
-1.0676371449417688
-1.173344644045251
-1.0976568236320647
-0.6073425631277796
0.1449552573055724
0.6069547372964667
-0.633357449618739
0.24364371654765166
-0.5894461378702179
-0.892499136178385
-0.5626242488125842
-0.7190234474692431
-0.34589374867030936
-0.36607385140304954
-0.46233602505640187
-0.9779740912556949
-0.16405158584576118
-0.6799901615555095
0.266266665622784
-0.31250690151383675
-0.14197789974452604
-0.2042788673065805
-0.06088631530027597
-0.13827135389878015
-0.24516982370119972
-0.6726117897458135
-0.11887650570449344
-0.4296331589755702
-0.3337396658489803
0.1963008530408589
-0.6586221805187156
-0.5087305422104257
-0.49217138156921497
-0.4233630478166556
-0.3212496363943203
-0.9981805800731931
0.2578988082843273
0.3625670315055303
0.19832761427060852
-0.8301802394651536
-0.65039849144666
-0.5956706095242525
-0.6168449748166648
-0.15512997621384322
-0.24051762739187899
1.5383922508910761
0.22265101562147688
0.15523017665633568
-0.32581687582093194
-0.9121357679510722
0.2155518480986881
-0.7911500280369663
-0.8369500139864122
-0.6375064598285116
-1.0460670458909411
-0.8535959938243087
-0.6344986201799129
-0.7223421840437084
-0.24120840433188678
-0.17484967934025603
1.368395823864015
0.2851918291781123
0.26553681603820734
0.6373375285831379
0.15177199685652895
0.565262550075511
0.7039614393248566
0.009402255445425056
-0.6436007882070827
-0.3896934846454367
-0.39232435494410456
-0.5962979456228796
-0.27155469760657197
-0.363455087964708
-0.07836477696043552
-0.9468111578157286
-0.4486857622831207
-0.40737182955247564
0.05706669845004798
-0.5292395672648436
-0.7152686600625121
-0.6336569303551396
-0.3676527135524758
-0.9514123763518781
2.127714248149918
-0.8153665190106154
-0.27063378547196787
-0.10230036084784618
1.1222073349175032
0.7455226013262736
0.6099981265918621
-0.07133747986746178
-1.0062579493713766
-0.7924763479148472
-0.8362652542447931
0.5270974585320608
-0.7115914913470156
-0.7028775628628505
-0.48993522850799
-0.5293455879283939
-0.08454735434176529
0.7381456877712381
0.1749957836627104
-0.41358401033170933
-0.6135849368598377
-0.787602414616942
2.129409787859921
-0.4325071014629042
-0.30887229573773173
-0.40124706160759993
-0.3823138461369831
0.7260267323725277
0.4263342085842451
-0.4112229615478844
-0.11721749618654084
0.3457844167208623
2.68048146487706
1.6859909804660174
1.445829575548486
0.8989868923085331
-0.152343121731856
-0.18927725521240704
-0.0338899663343891
-0.5525985198487593
-0.7830751640955972
-0.946262723589781
-0.5552594465109154
-0.24069205878197697
2.1731607739266106
-0.8029657430805147
-0.8565274898092241
-0.7903780092773008
-0.4695244179904446
-0.5039264748128621
-0.5296580248461961
-0.013327637275245151
1.4375366274046475
1.9170460191634775
2.0590854583974947
-0.812668580132572
-0.41303177187283824
0.20823801603020775
0.9954976368608326
0.7764287578333384
0.28321861318944325
1.2102302868190287
1.2209456323667005
0.7293786860192008
-0.7669045730824919
-0.6650722270181046
-0.3802802888872618
-0.5587609644316193
-0.37435465851561023
-0.26397623959377864
-0.550462331173948
-0.4266968207389491
0.5015487005953706
2.13943348088515
0.9063640523078106
1.1165998821199676
0.9014898264507436
-0.3635329936783401
0.21126839378752518
-1.056500560710624
-0.2863542937970197
-0.3666017225250491
0.6194560445854301
-0.32509087748712534
1.2335632146409268
1.2617336877736272
0.9345177050049415
0.8423115586264301
2.1153789608500086
-0.2814574739224298
-0.7843597685104087
-0.828895505057277
-0.6905737632168548
-0.39711163347930856
-0.9148862087313269
-1.0874068960240864
-0.7267038639717415
-0.460075555382357
0.18724450328706738
-0.4307372035218344
1.017274045958734
0.18943568484596293
-0.05863862559756151
0.3114279080456607
0.8718251193956819
-0.7175566411871698
0.19333874145037935
0.02116690790002892
0.14856240199957146
1.951360273180748
2.11105475352545
1.1284866698075073
0.7181816683897689
-0.5332832912318265
-0.5546196485394586
-0.4975401618518035
-0.553276133366063
-0.3121546989691063
-0.5429693201805187
-0.6698137611637984
-0.5506311783408234
0.5830975742953285
1.1597175642013224
0.7949363986035719
-0.0856115095459401
-0.7185449702451333
-1.0048944964735669
-0.8323253994236662
-0.9181913263042757
-0.7411969423930528
-0.7209717261148471
-0.5784633264813356
1.2497260218025321
-0.6515451993921239
2.7198836363290124
1.310385101073092
-0.3753669137009861
-0.5442241409305102
-0.2102832642135295
-0.45377467161783885
-0.18599017721017672
-0.68751872217024
-0.2151152031566995
0.46308475514649033
-1.0590720704062966
0.5655291628777608
0.3632441427596877
-0.38538474547268536
-0.4098597698869133
-0.3893040081971782
1.2564108744626588
1.6359168907231734
-0.18290078653292616
-0.784053540527594
-0.6028147282133288
-1.088483206723029
0.5268246197706369
0.12091110021819983
5.276241923002081
2.092978796565295
0.9754305746897864
-0.9265609848313382
-1.1701054362929662
-0.9214461423109017
-1.1606052234592859
-0.9890777418312219
-1.0528881840600466
-0.5467602183017828
-0.8314641724027562
-1.1657875492338403
-0.7634460528088528
-0.42811091931061696
0.05957479136449957
-0.2316241401959059
-0.05989924156316618
-0.20333750248972032
1.168137415711012
-0.9898157878478455
2.131597377655736
1.3626717001444417
-0.4642656826302275
-1.1496147754883173
-0.5716165360751166
-0.9906749858181323
-0.8416657352872153
-0.8419317214838411
-0.756846132270234
-0.040018745034460936
-1.1365100754210333
0.7778808963824146
0.8357758530767183
2.3195034291194037
6.616391856065825
2.0437498760146013
1.8151513065187013
0.764300859520112
-0.24870249934707128
-0.44013035806278245
-0.9397040086665379
-0.06463275422565308
-1.004053928666328
-0.9930549488481
-0.9264589439991723
-0.9501860821290243
-0.9300186847114881
0.02781624282238119
0.4031997595967468
1.3512418423711183
0.3345350632053296
-0.36228361708676643
0.06930085568417729
-0.4342421591617204
0.28826027239099683
-0.018693226586073804
0.5194879175787533
-0.7697917397078866
-0.5127190526799497
-0.610337846125003
-0.1512216274922572
-0.2106661048417889
-0.6837608104054715
-0.16932472148877678
0.3682435833516304
-0.09368983964293467
0.46996955214526087
-0.8801985666468767
-1.0528213907933415
-0.5772366390719502
-0.8454240454276151
-0.9203270169986807
-0.9361308148358288
-0.11556169840687935
0.40365755226835986
-0.5453526605448975
0.24606304550654493
-0.5821846329535673
-0.4519637052553074
0.7143740669151973
5.393383277247535
4.410885639925488
1.5689613669136866
0.28862138540087173
0.17344237483293898
-0.6720938691226858
-0.8299504501167866
-0.3234047020629711
-0.6761024290313817
-0.5269779063038957
-1.0790708839121923
-0.5559902508632627
-0.49586063694289995
-0.23912753311165763
-0.7540331816559208
0.020860432569632575
-0.5782823423426873
-0.7699755652675769
-0.5204133072066832
-0.772714760252926
-1.1576756300520177
-0.06139907551818876
-0.07192501015956072
0.026821497339284302
-0.381805684641981
-0.9745909691305832
-0.5290144067213369
-0.6962742771895511
-0.48099574252470184
-0.05600655467436006
-0.510090076607373
1.5419194689540818
0.7206681899782651
0.5326284997176578
-1.1304870251895978
-0.7357860554227497
0.7467883533625046
2.2579509315087494
1.162180140523669
-0.5459838875328104
-0.043738164953175285
-0.11527377661208671
0.5470753285643454
0.6783088001873683
1.685766670150819
0.6397164068213027
-0.12396723398146198
0.48174767468056645
-0.8983549975595091
-0.8649952138950793
-1.1279029312138515
-0.10997482094071365
-0.9322302573847926
-0.4388757430014164
-0.3734151257092216
0.7259310949697686
-0.09422822143317036
1.56106547828835
1.239714712116311
0.4413327026895229
-0.47657598981115296
-0.5387819008037669
-0.26589829728014314
0.11247389751732641
0.0001146652320619282
0.8519076038815083
0.1015241859348418
-0.2813837974212164
-0.9934322883714587
-0.8291182697804755
-0.7723267103921787
-0.5689195723903958
-0.6937608761235673
