546
0.680563
1.35608
0.808965
1.3639
1.08742
1.38428
1.43831
1.16634
-0.807566
-0.605033
-0.413552
-0.550865
-0.746253
-0.160555
-0.11669
-0.259986
1.20339
0.950278
0.805111
-0.00476427
0.14609
0.727871
0.527146
0.490321
-0.625829
-0.453595
-0.719516
-0.312835
-0.357594
-0.346558
-0.303391
0.0865726
0.210675
0.484983
0.592623
-0.55351
0.090083
0.209577
0.47733
0.151881
0.0332412
-0.372597
0.0856845
1.30902
1.38585
0.943394
-0.587069
-0.188739
-0.0128228
0.0775058
-0.0602648
-0.320423
-0.652163
-0.639169
1.67841
1.82632
1.83706
-0.350074
-0.0465534
-0.082603
-0.423914
-0.243413
-0.184936
-0.450011
-0.531553
-0.195417
-0.0344675
-0.0203542
-0.135084
-0.670685
-0.0889669
0.0943656
0.563708
1.46153
1.24187
1.16808
-0.296502
-0.281676
-0.416507
-0.668182
-0.186862
-0.303109
0.466765
0.208348
0.237623
-0.464403
-0.118556
0.0664063
0.136607
0.54058
-0.699778
0.88115
0.740256
1.10848
1.66345
1.72545
1.79134
1.2817
1.22502
0.937198
0.927252
-0.550833
0.810912
2.25803
2.36606
2.48952
1.58135
1.7911
2.28792
1.89365
1.64423
-0.422815
1.57673
-0.0913177
-0.309833
-0.420344
-0.26122
0.749073
0.955195
1.00611
0.989467
1.12434
1.27894
1.15374
0.707977
1.29256
1.56398
1.79043
1.88126
1.21778
0.94656
-0.0598437
-0.457561
-0.307246
-0.198026
0.904153
-0.316283
-0.370939
-0.54517
-0.558626
-0.424184
-0.389362
-0.446211
1.40218
2.26068
2.33797
0.987605
2.19105
0.29418
0.431489
1.12981
1.32617
0.404549
0.613491
0.0278995
0.0504774
0.101407
0.301376
-0.26748
-0.35751
0.362623
0.732547
0.613729
-0.298065
-0.630676
-0.495215
-0.107661
0.0752311
0.388612
0.238005
0.188011
-0.38884
-0.369493
-0.455759
-0.178481
0.154481
0.193257
1.58861
1.97049
0.510588
1.88005
-0.507514
-0.381405
-0.407524
-0.307433
0.785167
1.0962
1.16218
0.404479
0.202743
0.158521
1.74028
2.31323
2.15564
2.18939
1.83341
1.7471
-0.411029
-0.23237
0.994331
1.46987
-0.0528226
1.34933
-0.519937
-0.613595
-0.193875
0.180593
0.123727
-0.0104522
-0.470833
0.671306
3.39629
-0.734668
3.53517
3.66338
-0.53415
-0.243811
-0.207812
-0.452846
-0.60331
0.700064
0.9346
0.931658
1.72635
-0.0206014
0.453196
-0.0920181
-0.00572982
-0.0429502
1.10573
1.06168
0.99359
-0.04927
0.0237308
0.292589
0.289896
0.675076
0.868697
0.517401
-0.21732
-0.0386772
-0.273923
-0.713959
-0.593751
-0.842557
-0.632331
0.466119
-0.0954204
-0.0481752
-0.0787637
-0.4949
0.263276
-0.0261727
-0.165073
-0.541791
-0.481675
-0.466869
0.349942
-0.498591
0.0221471
0.0144114
0.798221
0.80639
0.942839
0.948877
1.75612
1.86024
1.81272
-0.100143
1.02505
1.06675
1.80165
1.9934
1.9781
0.253494
0.376712
0.464426
0.326995
-0.198107
0.471929
-0.575025
-0.422989
0.114842
0.0561798
0.152145
0.015621
1.58974
1.73717
1.72308
-0.220762
0.663192
0.607168
1.10931
1.23251
1.00319
1.47673
1.1671
0.860724
-0.18068
-0.11965
0.466923
0.535677
0.278107
-0.291908
-0.0108525
1.53816
1.6772
1.8929
1.48023
1.29808
-0.460365
-0.531914
-0.177516
-0.326254
0.0194238
0.33483
0.574896
0.432712
0.201541
0.121742
0.335421
0.14188
-0.195516
0.863599
0.452715
0.238496
0.310562
-0.194858
0.255569
-0.0323467
0.46113
1.4778
1.98284
2.08094
0.267155
1.20758
1.86458
0.831791
-0.0778147
-0.189864
-0.613849
0.33476
0.699774
1.35106
1.31858
1.04665
0.942913
0.898407
1.10534
0.857126
-0.394142
-0.512892
-0.744753
-0.237536
0.560299
1.26106
4.29114
0.0365705
4.20649
4.39301
0.958763
1.03876
0.032978
-0.363048
-0.632887
-0.595368
-0.0377803
-0.0300197
-0.216229
0.0748696
0.0206672
0.785826
0.672695
0.665122
0.137323
-0.357222
-0.233279
-0.207677
0.413712
0.39393
0.398574
0.230563
-0.00652601
0.557722
0.719806
-0.0068508
0.849394
0.541096
0.421919
0.029243
0.32354
-0.131261
-0.562801
-0.146887
0.133201
0.711936
0.965284
1.28917
0.841444
0.930769
0.939897
-0.448369
1.56163
2.21959
2.25674
2.00667
0.341495
1.47988
1.81559
1.62487
0.00241916
0.863448
-0.287063
0.627765
-0.253071
-0.198419
-0.0205021
0.130868
-0.714585
-0.616895
-0.486735
-0.0839083
-0.171861
0.169581
0.838627
0.803603
0.956018
1.37881
1.6271
2.19604
1.51547
0.883791
0.038185
-0.334818
0.294219
-0.458181
-0.573744
0.271965
0.635615
1.62675
1.75097
1.75759
2.43741
2.78744
2.78513
-0.544444
-0.167743
2.26414
1.51834
1.5496
0.652206
0.161272
1.15391
1.2678
1.29024
0.54014
-0.173976
-0.353289
0.285992
0.0190234
-0.496306
-0.621299
-0.373621
-0.324795
-0.0445192
0.182827
0.347882
1.62483
-0.170395
2.74669
3.00707
3.06728
2.20435
2.13616
1.85866
0.250092
-0.335563
0.549317
1.24561
-0.742973
1.44161
1.40383
0.350977
0.433098
1.42183
1.62419
1.61311
0.556788
0.680266
0.847211
-0.303391
2.05833
2.43604
2.62359
3.10284
2.93424
2.84681
-0.26657
-0.231429
-0.499549
-0.604275
-0.631493
0.0528175
-0.619591
1.15444
1.36362
2.34656
2.99452
2.97273
2.8553
1.18456
1.15743
0.278974
0.301548
-0.0507971
-0.179126
-0.098057
-0.111846
-0.173249
0.029111
0.185886
0.148167
-0.0791962
-0.21305
0.723926
-0.212578
0.428675
0.351106
0.37364
-0.0159465
-0.204871
-0.117402
2.10608
2.46169
2.35601
0.856758
1.71633
1.22925
0.992704
0.695792
0.264506
0.133243
-0.67532
0.209799
0.402743
1.28918
