546
0.632268
1.18308
1.0195
1.58472
1.26302
1.33681
1.3472
1.12193
-0.750897
-0.630332
-0.456626
-0.415837
-0.620489
-0.000163087
-0.233434
0.0822731
0.860517
1.41641
0.630664
0.134976
0.0766703
0.550702
0.950833
0.150807
-0.471542
-0.618133
-0.589858
-0.235109
-0.260993
-0.0203233
-0.144784
-0.074864
-0.0089636
0.671175
0.454949
-0.444852
-0.0413692
0.303722
0.3721
0.348072
0.134863
-0.222039
-0.0423555
1.2299
1.38168
0.932159
-0.223006
-0.196567
0.135267
0.0123962
-0.198322
-0.373504
-0.720927
-0.708533
1.42175
2.07292
1.64297
-0.00175813
-0.049961
-0.102132
-0.473522
-0.101955
-0.162129
-0.654974
-0.428819
-0.015933
-0.0297442
-0.0348526
-0.234614
-0.542247
-0.259351
0.0113006
0.480537
1.34639
1.16854
1.11918
-0.18761
-0.21438
-0.44925
-0.682185
-0.204756
-0.196931
0.411783
0.284218
0.205856
-0.388002
-0.00113203
0.107867
0.140795
0.516466
-0.74148
0.818741
0.701728
1.09595
1.70506
1.8476
1.8151
1.28595
1.25083
0.859611
0.924021
-0.530171
0.779195
2.04682
2.60668
2.35119
1.45237
2.04375
2.25968
1.87433
1.62682
-0.226953
1.68309
-0.0996908
-0.0963022
-0.178272
-0.224814
0.667701
0.964932
1.0643
1.0306
1.14513
1.24426
1.28151
0.644745
1.36993
1.53445
1.87861
1.92051
1.1912
0.822288
-0.115054
-0.264056
-0.34337
-0.221694
1.01253
-0.328792
-0.324251
-0.546638
-0.534201
-0.421685
-0.409699
-0.293672
1.22114
2.13427
2.38978
0.892758
2.10564
0.276247
0.365297
1.10889
1.20143
0.738868
0.484152
0.00885984
0.0041208
0.196291
0.323343
-0.0267243
-0.139348
0.374011
0.787971
0.634817
-0.355038
-0.693346
-0.350661
-0.249233
0.0720124
0.366221
0.343164
0.137799
-0.462227
-0.210643
-0.141798
-0.0535517
0.0999718
0.103971
1.50228
2.07107
0.453484
1.67325
-0.72726
-0.292936
-0.366937
-0.367801
0.783647
1.08592
1.087
0.56414
0.24371
0.175056
1.63162
2.20357
2.2786
2.26502
1.94733
1.48994
-0.189073
-0.208311
0.910004
1.34801
-0.2003
1.24975
-0.350399
-0.497169
-0.132635
0.125689
0.0436874
-0.100804
-0.442174
0.578102
3.05687
-0.58446
3.86089
3.4011
-0.397845
-0.159608
-0.208934
-0.380038
-0.528245
0.722089
1.01557
0.978112
1.66433
-0.0425816
0.394841
-0.145285
0.0973658
-0.11733
1.11922
1.20024
0.98424
-0.00924013
0.122446
0.272342
0.387581
0.577656
0.899937
0.492511
-0.156139
-0.105137
-0.329722
-0.497773
-0.641824
-0.824443
-0.561668
0.664357
-0.0287118
0.15523
-0.0200921
-0.403111
0.201388
0.142819
-0.184074
-0.299993
-0.421201
-0.205536
0.298335
-0.473628
0.199646
0.0755848
0.649507
0.877036
0.994306
1.01841
1.88884
1.96718
1.93428
0.00881849
1.01749
0.991746
1.592
2.24961
1.81011
0.243623
0.264467
0.526878
0.471782
-0.109814
0.249946
-0.658518
-0.408167
0.103068
0.246984
0.325274
0.238701
1.33635
1.97775
1.67154
-0.18939
0.757836
0.377593
1.15864
1.0214
0.997504
1.32632
1.36193
0.651482
-0.167889
-0.00223664
0.324015
0.541279
0.282795
-0.279175
-0.0571586
1.29415
1.97492
2.00979
1.49252
1.16146
-0.428924
-0.389152
-0.175223
-0.229233
0.0627106
0.268584
0.395378
0.522142
0.142975
0.133056
0.423226
0.218995
-0.246126
0.780301
0.332565
0.611127
0.0689037
0.316854
0.471953
0.1488
0.423836
1.25788
2.00121
2.16699
0.147945
1.14554
1.81001
0.827747
0.00917265
-0.0763498
-0.519094
0.222563
0.648247
1.38084
1.27378
1.04044
1.0443
0.938126
1.24207
0.75396
-0.306337
-0.51252
-0.72658
-0.3215
0.363215
1.17456
3.9384
0.0744328
4.58447
4.15504
0.990287
0.968346
-0.0682056
-0.343179
-0.65304
-0.382645
-0.333002
0.113689
-0.16565
0.24353
0.146899
0.543989
1.0592
0.670876
-0.0205327
-0.267221
-0.286478
-0.108952
0.438498
0.441182
0.356398
0.231579
0.0183142
0.543798
0.62688
0.155478
0.771988
0.560169
0.365984
0.055006
0.374497
-0.228201
-0.536983
-0.183211
0.176254
0.581497
1.11135
1.23214
0.749991
1.00149
1.05599
-0.218532
1.4471
2.1641
2.3435
1.91914
0.395981
1.33021
1.8477
1.59172
-0.0149898
0.752038
-0.273824
0.672762
-0.267756
-0.361046
0.000435314
-0.0167013
-0.765285
-0.503595
-0.191883
-0.216599
-0.0189764
0.0808523
0.826468
1.07932
0.891465
1.3588
1.68213
2.20982
1.83527
0.685693
0.122345
-0.23324
0.104162
-0.482173
-0.429796
0.199212
0.664962
1.61955
2.1219
1.71105
2.24861
2.95575
2.73719
-0.501193
-0.14153
2.17977
1.69878
1.46689
0.659723
0.0488339
1.05806
1.40163
1.24982
0.394004
-0.163253
-0.300618
0.299198
0.0514524
-0.56716
-0.569307
-0.250924
-0.165167
-0.00579296
0.165623
0.291871
1.44259
-0.316764
2.65304
3.2522
2.83761
2.02119
2.29198
1.79189
0.289625
-0.416447
0.30192
1.12074
-0.777773
1.45789
1.22303
0.428831
0.377258
1.27013
1.71348
1.5315
0.473425
0.477855
0.852251
-0.444212
1.73508
2.48754
2.63076
2.99386
3.05345
2.80241
-0.0284029
-0.469629
-0.561102
-0.493916
-0.403995
-0.0547058
-0.633664
1.19594
1.34811
2.29691
3.12083
3.22062
2.72265
1.14403
1.03689
0.302871
0.191065
-0.0759052
-0.31737
0.0375974
-0.249472
-0.264601
-0.0524319
0.068928
0.0670134
0.0387368
-0.422685
0.742859
-0.154232
0.403429
0.50253
0.459975
0.00850862
-0.111763
-0.0826601
2.04774
2.58657
2.31642
0.974269
1.72747
1.18741
0.929322
0.661975
0.36709
-0.00886287
-0.714218
0.24071
0.417492
1.33731
