54
0.8481680316492358
0.7074097975488106
1.1773223289575008
-0.13331384670953889
-1.1492335664845916
-0.45986642861334875
-1.3372548191807407
0.7563728214933964
-0.07262307134597273
-0.8525740245052594
0.00456928845232782
0.0482927895553752
-0.8327163774147474
0.2547013894854484
0.04352356890867666
-0.15930460582555217
-0.5455880885165473
-0.7157731904068377
-0.750272017169197
-0.5260994007159364
-0.8637729206489531
0.2167266371233208
-0.42030701895728906
1.0038121894121228
0.2371514797717774
-0.43754383732802227
0.2941357119597486
-0.964803329763857
0.6241700334980846
-0.18866963385195226
1.1668619956361725
-0.725354221550125
2.7437294732526274
-0.032116265660909665
0.9491515825942894
-0.1786242719544731
-0.9136989644845158
-0.18121598610268347
-0.08309617800283794
-1.81318826940573
1.2246918208263269
-0.9337428245493145
0.34924113608114593
3.0590526435697645
-0.3440425062673853
-1.5581712467903328
-0.2887973876158112
-0.7637770317393345
-0.06477246772214583
3.2391025103014695
-0.22785921131606435
0.3540643556193165
-0.6034387684860202
-0.1806398066109179
