182
0.21991378844663798
0.8502189698884667
-0.07346785559920657
-0.23355630252880977
-0.33210828898492734
-0.6288898444033685
0.3129484127796539
-0.386099320717044
0.6907213441930181
2.027250656504709
1.0245906242222007
-0.8817284220118988
-0.6284738901465355
-0.30697903965745504
-0.9893346542755949
-0.03957047751869403
-0.8362614917309523
-0.37925557738522386
2.4774358690037146
0.08256604183672894
-0.9379233847451103
-0.37136667365995174
-0.4408233134898843
0.8823488156191244
0.9325029935416993
-1.1629918267108388
0.9435157676437702
-0.05460487281329027
0.2698357470384322
-1.0825311358264873
-0.8524073219746308
2.1986943533156085
0.3711539250083773
1.2745879409681704
1.0333264108675229
1.513104003570822
-0.8588915356118179
-1.0137109787763783
-0.22402930748011504
0.21252592615283897
-0.35105390988053264
-0.37564870300720704
-0.44698631588292653
0.11628056342957685
-0.3358341755369971
-0.7496148435060537
0.8554135488487455
2.578068745864813
-1.0987780120977135
-0.7527593298705544
-0.9116661508883607
-0.1462849790941642
-1.0432857564673792
-1.2285741852400673
1.019455838274077
-0.5522594189197466
-0.5576726986653602
-0.7242114793009272
1.8639694751381568
-0.5843355416412802
-0.6559806252120558
0.34100056276299173
-1.3925655054783501
-1.066838320594621
-0.36709682359628515
-0.03579946637118474
-1.1208786553180483
-1.0342112159137176
-0.6796881327597616
-0.8963826173381284
3.329623944078998
0.07411530795246117
0.04536499628982972
-0.3881136476105342
-0.8703597424655393
-0.5108847077198237
0.15663396285199177
0.5584248905426034
2.4647531974895798
-0.28743088794148713
1.7664934411783184
-1.1011868182725264
-0.6590584248203334
-0.9296477549283136
-0.8449706726713131
0.19982302712068845
1.3737255649813598
1.7067002146980434
0.20448953378446363
-0.9418012639561815
0.5309332475771642
-0.5327224569993892
0.10733160841874843
-0.001802592644525799
0.6786422294218682
-1.2153915155976638
-0.980046311550372
3.0813901497625484
0.5558278998053362
-1.3753436430315824
-0.8149361119341701
0.15273495726884345
-0.27899052773896743
-1.0478192451371637
1.0611163231328458
1.4280826346562205
0.03230969734584803
-0.7231001152663461
1.6946392081170214
-1.181763849946778
1.031027819958405
-0.38705392495353425
-0.0012530431316539509
-0.6428380604476788
0.46351515836637935
-0.014470508816948849
1.6044855791024333
-0.20930365629803627
3.676269518102609
1.20833967050563
1.7424646946034077
-0.8154893134995301
-0.44680231802654724
-0.45307808009633466
-0.7114135519640773
-0.9443143625938625
0.11203267924811636
0.9293848595241595
0.3826698959680342
-0.5098950436869202
1.0024233964323288
-0.9318010319863377
-0.22311003647916786
1.443215269766405
0.34585972062765813
-0.4754110816764399
-0.8871354612939127
0.7361247262852063
-0.2764118701847416
0.012990341699281338
-1.0871224065852558
-0.9451977085887509
-0.7748960606524515
0.8261758333401293
1.7352699765023474
-0.8474147626630334
-1.2166594157395143
0.06061578712688316
0.5740564821131102
-0.22418640406898468
0.5068796687235146
1.0726411265023246
0.6819544043084224
-0.7414737378099021
-0.8594692452940565
-0.462889146094992
1.1618644018776922
-0.022914643385853844
-0.6818825313663909
-0.22545420382125525
-0.8376267897928491
-0.3474286917465335
-0.6866489511308005
-0.07381386668581508
-0.7964400639834106
-0.2598507161276498
-0.952483840230664
2.4288888721556567
0.06934946858096448
-0.8120907069869432
-0.38294120614485805
-1.0181531438140958
-1.1484445879247105
0.1986580874568028
-0.9621446714932065
1.0668005091174895
0.21420907954390367
-0.9707763325771452
0.7845369140657691
0.2834361393139928
-0.9411577620422094
-0.9326008315640303
