181
1.27062
0.231626
-0.139677
-0.455424
0.505396
0.512869
0.201199
1.53986
1.44277
1.05599
1.27947
0.0468463
0.404143
-0.522635
-0.0737471
0.962562
2.06479
0.883594
0.541054
1.22676
1.99025
-0.0412335
2.67888
1.14852
0.0583314
0.128881
-0.790482
-0.188219
-0.868486
-0.182257
-0.189708
0.0050859
0.556278
1.77503
2.04848
-0.465894
-0.494934
-0.850703
-0.20931
-0.480539
0.0555823
0.118675
0.0858976
-0.0831588
-0.626105
1.47085
2.5345
-0.844365
-0.755999
-0.669604
-0.692514
-0.847154
-0.539156
-0.83521
-0.694013
-0.0640011
0.181243
0.587662
-0.126491
-1.21474
-0.268233
-0.721882
0.525027
-0.648766
-1.00733
-1.01178
0.0953215
-0.596401
-0.579285
1.20791
0.123237
-0.868749
-1.00916
-0.280776
-1.1893
0.099806
-0.202157
1.39929
-0.179275
0.636095
0.0564343
-0.180754
-1.12711
-0.663675
-0.318104
-0.136874
-0.0846473
0.0165017
-0.216315
-0.0435699
-0.651487
0.557759
-0.203563
0.698656
0.985325
-0.181856
0.536
1.91337
0.152039
0.124811
0.868238
0.165482
1.13792
3.74421
2.64407
2.44106
1.00374
0.568355
0.941716
1.5817
0.513146
1.00238
0.868961
0.224257
-0.152791
2.31342
1.49799
0.830137
2.43663
0.922421
-0.374835
1.81294
1.03961
1.33132
0.639155
1.4841
2.24017
2.6095
1.46533
-0.121348
0.469237
1.12455
1.10657
-0.112942
-0.100897
-0.151898
-0.347475
1.4465
-0.488646
-0.0802066
2.06544
0.549294
0.964449
1.45533
-0.0939966
-0.161954
0.399655
-0.165296
-0.0445798
0.182741
2.56191
-0.481696
0.234253
-0.0817028
0.557967
1.66283
-0.156981
-0.701121
0.0226302
2.50523
-0.177863
1.70345
0.974503
0.132096
0.350397
0.0633128
0.394655
1.92417
0.657172
1.43304
0.151958
0.206568
1.80371
1.36124
1.02595
1.10042
2.63243
1.3789
1.72831
0.937951
0.729223
