182
-0.27167231092438965
0.6487399672493664
-0.40122304838214523
-0.1936093472562424
0.8272376814991022
-0.7124115194693201
0.38495570544223695
-0.9741306331557792
0.19662664351631096
-0.04560149038570654
1.2942708959014444
0.02215517156914518
-1.030165389333056
0.010369971838888839
0.23083336868722343
0.793927004562056
-0.8214626046449525
1.681290606897454
1.5867329805539703
0.37796697939414464
-1.1433058805667857
-1.0571522044379296
-0.9207611863946095
3.9220892607421542
0.465711623996925
-1.276429375049694
0.3038722685441466
-0.6562057831504247
0.17948288242845456
-1.1755077348633187
-0.07365116206413311
0.19676447961112645
0.9082061705151365
0.6686756067047462
-0.08113960832166277
1.1594141698425535
0.015348159169989429
-0.9378162367542447
-0.15819351928324224
-0.3044339514573074
0.28571391117037864
1.110627469499132
-0.10457650354883377
-0.07459580172984889
-1.0245783305814427
-0.47939435509444195
0.0963851199293198
3.7621049127577924
-1.1731566237245052
-0.6651827620897397
-0.6465168093560091
0.24628766215888526
-0.8034242810666422
-0.059250996645715565
-1.1320388881805479
-0.48550200217534495
-0.811382971527655
-1.3274690157613982
1.28286809992764
3.0465258443224097
-1.2385908053844181
-0.7186927292452179
-1.218411260792472
1.5325439499914983
1.3618684765464086
-0.03988661670525425
-0.6928549238383623
-0.19390615537542488
-1.03743783544473
-0.24424153974013058
1.680583052604951
2.508495624650693
-0.9832762124211768
-0.6566355307165762
-0.71840641176814
0.3581993740607834
-0.9537522320172782
-0.9109116659114674
0.8952226639594774
-0.1236883926532065
-0.46052395731836765
-1.0143473844592905
-0.7635134143941734
0.35526659712845116
-0.28407560890125216
0.1905736911197156
2.783532523416648
0.3118335944833343
-0.6867601166462722
-0.6683588748256666
-0.48573935506134513
-0.613443681457217
1.1163305440426075
-0.41162177227063995
-0.7109859773600398
-1.1821797014848263
0.20918001792827678
2.5082837468564505
1.2074066800601984
0.12016331018247
0.05828078213980852
-1.2141667124539788
-0.08090657017900989
-0.822226631832864
0.2842767339866674
1.5396357435304466
1.2693505040279727
-0.06661623468829138
-0.7744804800927424
-0.9885314573659167
1.1634495248574273
0.6523567801330417
0.1407170372676273
-0.40472064988994844
0.26285310898577796
-1.1276035140634955
0.5780218991905344
-0.9870651592865798
-1.1242945553195023
0.5656432708212552
-0.4539932514121408
-0.08953213370562148
-0.3872516656628536
0.03268807259115996
0.22576137695994958
-0.6985551790533044
-0.8163272804666873
-0.35515428742015154
1.9278744115056392
0.41545118497102707
-0.016791926653960863
-0.5936017147156555
-0.8012798806648199
2.836402822819184
-0.38755509296490315
-0.8103797907627208
-0.9008874563577683
-0.35255459595957295
-0.23359787451662362
1.2683844865400224
-0.3551342858309037
-0.3251105490587504
-0.2045871351626235
-0.6033993195373787
0.05468982796822329
1.9710877373188531
1.1094069226147714
-0.39111255410777396
1.5148429867901247
-0.689003799175103
-1.1189258451636683
0.8740283448245617
0.5032117632000112
-0.11163967000086711
-0.37129488431476537
-1.1595652797690739
2.1901195452362274
1.4030670965321554
-0.8808191879846421
-0.8146556914538587
-1.1046674570633692
-0.31462576527788555
-0.11303949328159922
-0.9414366915277851
-0.17923150150437753
-0.5911045538204409
0.14463182777651937
0.9299207155532474
-0.5957010473215162
-0.5239120571457114
-0.2653128498416174
0.8157180804732626
-0.657662825506541
-0.0011702712064703134
-1.095031495025228
1.074476990683485
-0.8108339734117171
-0.22665356081023205
0.027761394162241108
0.236773001885192
-1.1304217903505165
-0.8172403270968186
