546
0.02203628019676761
0.4415169133011015
0.5937656282468523
0.04424202409340485
-0.32077138049886184
-0.19956952882557952
0.20545490628134916
0.06043098451320881
-0.3858988969257621
-0.39406213635435083
-0.4884678187109187
-0.5675360116799345
-0.13936262361404272
0.847467879605278
-0.3705732053879606
-0.5724814223620297
1.1879670748962188
2.773391621756958
1.1340841884809205
-0.6975475369671033
-0.2796732450024399
0.03282533932962526
0.42714544467417964
-0.06541621774918216
0.7625923078311337
-0.07787433985415954
-0.43519535369787876
-0.4297645829890199
-0.359979243675137
0.04188595164708913
1.0885009794603393
1.221963264852882
1.832849645920961
0.20985049989581914
0.17285978543712602
2.351562778326748
0.05289951469863174
-0.43027088549740067
-0.42903156416316285
-0.7140104017710873
-0.721306543450542
-0.5979352201976377
-0.5933114932716494
-0.7225805004724316
-0.7964353290126798
-0.7085332272162046
9.131604675158243
-0.5420089114414257
-0.5353571487253139
-0.6893672153479155
-0.6386959410761832
-0.11189770295638607
-0.4180615286607209
-0.5263181502148212
-0.6684432110366142
-0.7526904678835865
-0.10809783476529873
9.047711969166118
-0.632090720835707
-0.35860680688330926
0.08032587626883332
0.7085891587276224
-0.521255292486791
0.0850349412409858
-0.2791628556625817
-0.643668890961599
-0.6528212013425995
-0.6295500851006637
7.9407096102295585
-0.7384954229726621
-0.5261226476642588
-0.7305189848855796
-0.5329740633151117
-0.3229055655180008
0.9071522329814088
0.8536023989193365
-0.2142960331419019
-0.00382951032824454
-0.517927125829501
0.7442010928698272
-0.2086700487287367
-0.593698569197506
-0.6176144184102292
-0.7077269667771972
-0.38249234719111574
-0.30736564120861265
-0.5645953993961076
-0.7896215908248091
-0.6878849995563917
-0.27558634489072226
0.5277789195484479
-0.34225285077543555
0.10424761521904559
-0.17798944347508674
-0.8280882131812192
-0.7411225155779593
-0.7656266172719617
-0.6330485871542009
-0.7064273683915999
-0.86794420126992
-0.633950358586973
-0.01664365744486174
-0.7760655501875042
-0.15862575263064146
1.1963786248690258
1.2981970177448223
1.5362350320839686
0.4020523680294192
-0.3614529888304371
-0.38286104734090093
-0.2849791126589645
-0.6391143913556357
0.11722246669713024
0.2965890367230684
-0.3326677703643202
0.06137972397956554
0.26591842560965323
-0.7293948598193866
-0.7875400907524384
-0.5406855530919062
0.7916401731465071
0.35606164945042806
-0.12418840729756216
-0.41206727475749755
-0.6759800388814551
-0.32424079859400806
-0.4393717213643211
-0.3224974653833692
0.860023605078967
0.9876227868157854
1.4027592242388012
-0.6579675183012138
0.2070611902329455
-0.15179370756261615
-0.5778404452006208
-0.5389529927663305
-0.30319932087205376
-0.39715841654022965
0.7126770761739725
1.3534523705255357
0.4326179465760553
-0.6653253382653396
-0.5742948213181926
-0.5132793144928433
0.2892168427866102
0.3233888653047169
-0.468216486203192
0.15030337086583428
0.09961934900971953
0.7986667220678118
0.1707947164616694
0.16009154827267308
0.0547437058752661
0.2424984997835601
-0.3193263031761931
-0.18713847927215033
-0.5481131022174373
-0.34324449823557174
-0.7419629037354215
-0.7191828500349857
-0.6011904499329404
-0.745125425729476
-0.7401769749329135
-0.63740777285964
-0.7151706000121496
-0.6868898120714191
-0.8171759904091164
-0.7408520958054419
-0.6454693288824506
-0.2729860561031
-0.2997329113882675
-0.061468651019343276
-0.192774802436266
-0.4414948772355706
-0.4735936593322128
-0.5680379222467468
-0.40481847446115493
0.3440324640186333
0.5429167170579435
-0.41707431846217585
2.1523221741999348
0.4146107152430907
0.3928544556801609
-0.5565963154278922
-0.7277284360291183
-0.8823876711218029
-0.715955366054301
-0.5402694579212224
-0.6665787194736564
0.08071600097690385
-0.6174631999940324
0.09599876383147934
-0.6039845171221158
-0.6288174070491832
-0.821684210145659
-0.6220046116681404
1.0813464600141058
1.5954937298988354
0.920692071665024
-0.4971133162477327
-0.49111411541766753
-0.7112656161149385
1.9357867095923764
0.9665288308277328
0.22791172098533044
-0.6273153934997586
-0.5452613176024668
-0.5002213349595618
-0.7116703848235096
-0.5597281082636922
-0.19523746870410083
0.9653697510760841
-0.5540934662325411
-0.06810621007828697
1.1199456891266302
2.209957044684991
-0.6879560172584726
-0.3360286826614588
-0.5354356277928486
-0.19577087291460957
-0.8136483286157609
-0.7916474593273078
-0.3089272564958975
-0.32390861494401096
-0.5796597097367738
-0.20734577168284604
-0.5636254962433318
-0.1645053661266026
-0.07040026922234263
-0.26305250643787914
-0.2999818954093831
-0.21165938673202708
-0.2126553133253182
-0.5648415275823994
-0.7206737916545469
-0.5571158332140993
-0.6954728410691918
-0.5115855600064633
-0.7876788718043256
-0.2549690012306848
0.08571841816049831
-0.19443702393623585
-0.6691298351266668
1.2347889616718744
0.5951187812297779
-0.0315145369068321
-0.41113885832269587
0.264016375113857
-0.511526873472445
-0.2270255102858386
0.3319245022386141
0.20265705648072488
0.3604583844231804
-0.5937508072136173
0.08807010874890613
0.7800549617225718
0.8399489263334783
-0.5831938510389266
-0.49972207878446595
-0.47203243289458463
-0.6184508733800148
-0.6862235252041714
-0.7412259324147416
-0.20692336612740156
-0.3680700645992109
-0.6108083262117093
-0.012645883538196753
-0.4799175814252068
-0.3562468961055926
-0.5880791426326686
-0.7439238472823051
-0.30781995150887936
-0.1262214799391309
-0.6267212554414375
-0.714654877867032
-0.6900295697287903
-0.7305191220953271
-0.6663831462899543
-0.6828597818607677
-0.353432721162439
-0.7867980633130562
-0.6229170545763077
-0.37062798984135453
-0.6602161556162098
-0.6739328697326129
-0.8218973214010352
1.4016539076225936
3.906629491484558
3.1123651671307972
-0.7257141252082545
-0.6692968123355347
-0.6433113012857838
0.06006666480252861
1.4877566128904867
0.6367876362406453
2.1098267264623747
1.58251628218591
1.666129541840069
0.01700454987692725
0.3596452641695022
0.7565736590316791
0.5426632319985075
0.34132011174984933
-0.13085865282472864
-0.26522311661014836
-0.5491807279920431
-0.5112655866735297
-0.6217271678475579
-0.5337320932148062
-0.007130911159336681
0.4331660666582976
0.8543517012474753
0.13419599753301706
0.7802138529457853
1.37624124137021
2.118874264522154
-0.40274504890482576
-0.2895625003538528
-0.6940380871167123
0.292003522902845
0.7143644374244384
0.7752977693089345
0.5024531777773025
0.3145123333568656
-0.6708146349899751
0.5845638347321765
0.5941131806031688
2.305053835457789
1.1963763557160316
-0.6236014356951052
-0.5278857468182871
-0.4763155153165351
-0.6092030240999586
-0.7551417702536383
-0.3385612509056339
0.34762747992972765
0.4649119902778065
1.1531579808397396
2.1299246047067717
1.3092765054871724
0.8503509625484696
-0.4956095449071986
0.020523529056530362
1.4360187410122418
1.9565425864322714
1.0082697328983508
0.6161659414271535
1.315392740606726
-0.46994939529657265
-0.6812741772657686
-0.5812270343056651
-0.6453043787318704
0.6319442937508356
-0.047525118336549335
-0.6305384303080931
-0.5841037711455906
-0.45123855388354583
-0.16721505979153078
0.15861329621264128
0.019294429384046807
-0.5121150579454327
-0.6196139000439779
-0.8371691859841442
-0.8757406485202555
-0.4847713304398645
0.049739113252334564
0.42625063808199537
-0.13366787083103787
0.08331091259408648
-0.24349599612707704
-0.7740174607008118
-0.3185623086726957
1.9579885563002604
1.8369473553065543
0.39805372788185206
-0.31804831030426317
-0.11189009559913529
-0.508018708687754
-0.5672930935674738
-0.45005286850364934
-0.8332784126406267
-0.24410343432746368
-0.4245552129476109
-0.45213903223319296
-0.7214804507965656
-0.25913798562041823
0.648852024034922
0.4956191903319932
0.3807546483424888
0.4080973843554231
-0.6608406398195654
0.03793134653766118
-0.15415410660147463
0.0352630494557141
0.2576078611937716
-0.4823494068244269
-0.14868089984957109
-0.3970373531046915
-0.2837652462360182
-0.3628159826552275
-0.05165701405801254
-0.6825335068590609
0.7247289687978272
-0.17628559752251394
-0.6780083937251795
1.7199749336263537
1.5288633036236616
0.17848582405597324
-0.1956278639427651
0.05900489102551271
0.2031522766453088
0.40733778521464287
-0.6846009694485748
0.6310897845760551
-0.33977802798925233
-0.18572949403940703
-0.36374658979114394
-0.6779936844770306
0.8366340832549459
0.40867248068693957
0.3221994093536359
0.6698610743357252
0.18254330891423137
-0.5485790188631919
0.534044258543708
0.05951171439179597
-0.6284700638425187
0.28181319420220674
1.2019357826791714
5.032364076590316
3.6559515063823342
2.237117450407566
1.5050957138128047
0.32630021955351307
-0.4384200396818855
0.10074798368690491
-0.5629796360358645
0.09376689716240581
0.3337995129426088
-0.7335233492854117
-0.8021446712097794
-0.7224278387490443
-0.3811275703253225
-0.5828056882756798
-0.2830558484101309
-0.5049895378746186
-0.04606216526642557
-0.07901207086550391
0.48958461674958037
-0.36494476514988033
-0.5538755101930152
-0.7819306962797767
-0.4088540473597635
0.32348694841975056
0.8659346241021454
-0.6025851088722156
0.1769891005211181
-0.1076827699951408
-0.07866172743781683
-0.3345778181689186
0.5356318869374973
1.037405721593919
1.5135534338308276
1.1091612866485607
0.9975573484455936
-0.7677252222980623
-0.8453192898314493
-0.7819063909995625
-0.7950264393707218
-0.28024551366638595
-0.1988919647562366
-0.20487901614193532
0.04201084616359977
-0.06820677741909327
-0.3841499780091446
-0.3364176325566756
-0.4307153842400688
0.27688726821941134
0.48177273702753465
-0.07447970712481429
0.6597455375024662
-0.10992116640152363
-0.543413321361869
-0.628777552321032
-0.3392369465129682
0.2051805546990262
-0.3610977633917193
-0.5636514992440597
-0.7020816192531169
-0.7141007392255019
0.5522878620022451
-0.45798241509252563
-0.41565020241030265
-0.6825640954685952
-0.35981225750653556
-0.3990647917805916
-0.5146814016924894
0.20584656173321034
-0.8566313062944279
-0.8262642987552359
-0.7669383060363613
-0.45350770070561086
-0.44867211284504477
-0.23167494254693188
-0.12548735998959287
-0.5006881387650686
-0.34917747025044327
-0.80963777091231
0.13958170810342976
0.8750562094168052
0.39257979599192294
0.13571031624352486
-0.07141537084566851
-0.31304869072763986
-0.3060087704786183
-0.1314830684529368
-0.47879299950830484
-0.7154624149617804
-0.5849023048115426
-0.2741629079224573
-0.01988794977600451
0.8681217692764587
0.7067980614639364
0.7319645814353916
-0.612216764862467
0.09371176884054007
-0.3481266357584951
-0.42382738605887343
-0.5232061162265222
-0.5310062344147916
-0.673151571903897
-0.5969018137563521
-0.4272086312493826
-0.442997142497675
-0.6141792691910386
0.31464729556328425
-0.5943200038920978
-0.3733770183337945
-0.6147315810294887
-0.2743419292124478
-0.5280311051646243
0.3843593778054382
0.7989547310541096
0.9004868216644538
-0.37364773397135764
-0.6925520318054047
