182
-0.9270460097906803
-0.16075454534558561
-0.35872839956808517
2.663906845751686
-0.978231425039578
-0.6288508313882787
-0.8741986834539573
-0.16595274298613918
2.0652338195732045
0.6247477761674297
3.0879422129533576
-1.0226451338887557
-1.0646810623713245
-0.4404564679481837
1.0469901818347107
-0.3152582615020671
0.14772500863617166
-0.20403279196189492
0.5264450691424087
-0.8863090238341759
-0.7256257694436498
-0.5629351871893588
-0.9557761357484409
1.9649077636932588
-0.9291562324099336
-0.10580677307648798
-0.37162380554313346
1.4216580945567385
-0.032399036396490416
1.3383491513953274
-0.5890161314673026
1.1195514398082769
-0.8399039798772442
0.0680153188163325
-0.7329791779915437
1.2688836311627905
-0.49052148439784815
-1.048503585023644
-0.44045773102292196
0.014456296036808711
-1.0878513043192606
-0.1478598872812741
1.3572111245530991
0.36202210143517854
-0.3881131496980988
-0.649812254434043
0.799092262110302
2.2317207326464126
-0.6197099008120532
-0.7607021406015985
-0.5470222863374108
0.47814163885468963
-0.2097893441297422
-0.8201665478920082
4.658721595793852
-0.705749613547259
-1.0329929421835555
0.04702996733054592
-0.5371359094103837
0.11891294193137822
0.2658658669404307
3.228624268976809
-0.8488208195880251
-0.05456983695718328
-1.02467440003886
-0.003984508446515773
-0.2882404430394182
-0.5267989938677436
-1.1050169507964747
1.1098377417348333
-0.08588834198962066
2.1859960914655905
-1.1715719921504706
-0.5668490536898431
0.4270027137226003
0.42969855422373543
-0.22439847994934806
0.714416069791851
0.07120668162497601
-0.38763732595778316
0.3989213707324319
-0.755787766836123
0.6036106426300818
-0.23001985403045544
-0.9243802361014596
0.02898063085960765
0.0648473394186291
0.5339498721257002
-0.1434420339233765
-0.5881164921167186
-1.1119533809421593
-0.2586594253383359
0.26801191335136565
-0.8121996213630559
1.5478313099039243
-0.7445988906706277
0.6670098553232056
-0.5677551136644511
1.8811191107538996
-1.018306059434482
-0.30253324549023464
-0.7547707427851033
1.061436395488675
-0.2930474535544478
0.2185746080825697
2.4905323792832554
-0.41845037011739
0.5670615592883432
-0.561822272780573
-0.7539415890013679
1.4483608044525713
-0.9532933680603081
1.0246836084898905
-0.40084142058476163
-0.1719209429245396
-0.6761516937153685
0.659517539140503
-0.7246727385909543
0.08152310486116839
-1.000892883888091
3.446988634426524
-0.9177056762395135
-0.9314087696327484
-1.1629759628964969
0.17614624776158866
0.07571703814029274
-0.6614994011811133
-1.1482310033369483
0.20677313297359343
0.11938254272285645
0.9655969108074585
-1.0543250469186851
-0.8807576884007484
-0.007061441120986014
-0.15764364738184158
-0.23321113392624018
-0.2643838905049494
0.33269552143918774
-0.6664178085531481
0.18190145927753534
0.4963040335995403
-0.7816692656781424
-0.2329622253388187
0.5353755845823581
0.826957742398195
-0.8739001746106895
-1.0048881260233844
-0.6491234946039989
1.0212720269640534
0.17270171528613418
-0.8644784181403357
-0.1321642556495137
0.031262749023148566
0.9369658436345009
-0.4946840991703709
-0.5140369281481608
1.9050074316156662
-0.5479580476233908
-0.9747784645030774
-0.8639777371170854
-0.0008410748123437973
1.1070376213578224
-0.887783513691739
2.495576923820946
-1.0627496431909846
-0.977110545934821
0.8928151007452059
-0.14809905056099218
-0.2445889849256155
-0.3820209912064938
0.32960500036290874
0.6518098650485988
-0.027434013089716956
-0.14150701048686257
-1.0127430609000845
1.169127389970783
-0.25556370172483367
-0.7317767978710675
-0.29252063808862416
0.07740390584679552
-0.8043037071347445
-0.7406595566379243
