109
-0.33941273409255107
0.3177728301200721
-0.5520381659678999
-0.6158220576041012
0.7181116233842835
-0.8211501172269998
-1.0727535525462137
-0.4386840644534376
0.6264317069774674
1.089486080259802
-0.5250643150523571
-0.782817046196402
-0.6732893621423559
-0.7940901884716753
2.621672792660948
0.5565264607086656
-0.9357490248697566
-0.7490105684629053
0.7376480345677189
2.0463949049323022
-0.947054792265165
-0.07322606600824469
0.2934257455330554
1.1444742495026616
-0.5047689682779309
-0.7198321306396613
-0.8760885709195311
-0.5425089583963657
0.2235376275086633
-0.2565214668889923
-0.3806044591633387
-0.5970521555745639
-0.71089736756805
2.011847913614424
0.031964426872591684
-1.011962808119024
1.2255595948506934
-0.5835227507349452
-0.7589868372930998
0.45190660790652304
-0.27891028212518043
-0.5567965658314025
0.8722472678235
-0.7812486349066317
0.4230350108906428
1.4084304771465377
-1.0839548541860422
1.4965758519023526
-0.1935290016107041
0.4651505261271476
1.2410851201127153
-1.0190033714688809
-0.12144983528631077
-0.5990894504686136
0.1625977711569383
-0.5195009763478335
-0.5172151966567179
0.7828192810407126
-0.6228761453581013
-0.7456123002055316
-0.38267823516993693
0.26279055295838494
-0.6946426828492794
0.9683462590613747
-0.8129047492307733
-0.4170294613678104
0.1887274227425522
-0.39548697008748174
-0.6911677888597566
-0.3277743722682099
0.8141004189882769
-1.0042920278425176
-0.04318854104577655
-0.7299562293698645
2.2849279208042974
-0.8252095374031714
0.08494470188241517
-0.9037581932209005
1.924106824150144
-0.005697972448355646
-0.6757844574798553
-0.2893967397018086
-0.2015257862633843
0.4283470290948865
0.37291973922908284
-0.49026741560821757
-0.69511538435506
0.46819449357735043
-0.06725611596115763
1.8600841116446356
-0.8048469875886557
-0.8595082002055949
1.3324957187525983
-1.0141711824317634
0.15480479521643387
0.453396206391218
-0.7967118451542403
-0.8735810829905963
-1.0406117021365173
4.727323420773018
-1.1218607554319935
-0.8182202384505681
1.7500488741565112
0.19950178529836923
-0.29689516174858355
0.7600383539080388
2.3259341461849146
-0.9312874875426737
-0.7968122328129237
