546
-1.21807549296128
-0.3951220062717114
-0.8073411751611171
-1.2808624564363178
-1.4182824486441026
-1.687377646371525
-1.0566150448356888
-1.2856504426576516
-1.1666074846173862
-1.0333851569519228
0.6325922937068816
0.37801468744423017
0.1615233461421026
-0.9463905701168462
-0.3583510315911144
-0.9631956283675063
0.06155382473993969
0.19483133282353873
0.26890574136626055
0.026999093868771834
-0.8935302373838022
-0.9039297952859723
-0.5092644544462847
-0.9567265994553461
-0.22279290810481833
-0.9595652313247836
-1.4499665591165813
-1.4923511733812327
-1.2306816150531705
0.3895393241671026
0.7194324697487073
0.1383888721456993
-1.2718146886311015
-1.4848820794228923
-0.8206341761338717
0.14120745298338108
-0.9124265608609706
-0.8064660425205413
-1.1144803237265726
-0.866589374528703
-1.2154866862029552
2.3688751429049306
2.851753325042708
2.233984219076412
-0.7645318535406281
-0.8232399559346044
0.3598662172113052
-0.42966034188675517
-0.6430053141883163
-0.7343696314144653
-0.4668498157479731
-0.139297085968539
-0.20503496619484327
-0.3744736357250384
-0.4798609201953644
0.2864292191988844
-0.25333741871382365
0.16919427715254845
-0.34711242879017884
-1.1569278975902408
-0.7799090060012286
-0.9525065470705631
-1.0519068581750677
-0.7880549683190586
-0.03778611430095845
-0.26417019027476935
-0.773997402064272
-1.0041906178561117
-0.24055498214816032
-0.8896730180711355
-0.6692457088839887
-0.7505430824431014
-0.157458617288451
0.5442429116404612
0.863479354459033
0.07314672719464956
-0.1932616675035415
-0.7505031285392134
-0.690768743461063
-0.8067975472116836
-0.8548338129281314
-1.0384963245384544
-0.6490169531697558
-0.05218276669639082
0.0572923159100763
0.5575797446354155
1.0896510599021016
1.3741308737616755
0.8458878564235899
0.9102850456911903
-1.1150784236668572
1.6508928470049649
1.917061641208698
0.6418094580813584
-0.09359879033509959
-0.4125642099264177
-0.7374888519076239
-0.8432252973517089
-0.895679093381609
0.500547293466399
0.39101561095126003
-0.5787982915971073
0.5693727013634154
-0.11647767495203777
0.7768575276540783
0.1402061318594729
-0.045428664248252947
-0.2956654593636805
-0.2357071486222035
-0.49435614082983687
-0.24684534754727452
-0.12951581685695654
-0.7486409932076225
-1.0217347624166193
-0.21967666409870873
-0.3813296336538293
-0.9814999782682167
1.4040214873520618
1.4121062556099089
1.4336155816828229
0.19734901863882673
-0.4818762174014565
-0.7138186227889463
-1.766722258371446
-1.0992017847420774
-1.7292071609216404
-1.6050798067398564
-1.1806916729473487
-0.8168390150546583
-0.34684090707966675
-0.4576124142591129
-1.2162633306193502
-0.6495186150796036
0.505430336295774
-0.14686751059984446
-1.2572127697856452
-0.7075686498611649
-0.6871218673215366
-0.7680037788044474
-0.6672944763940081
-1.5004201702031805
-1.3944044101564643
0.5178568856409791
1.7800512202620484
2.0773165624278254
0.8082681283390595
-0.7430387186457863
-0.2745553778492357
-0.7542898813649174
-0.5634534218986138
-0.43314726192895436
-0.8661946553949342
-0.7687496541960784
-0.711981954345363
-0.874060185383724
-0.7057934446591265
-0.733643831461582
-0.5474889794063488
-0.3956941361542202
0.0748948231254676
-0.456511767251431
-0.43872242265967726
-1.0591761902766321
-0.8630700956408108
-0.2687636048635396
-0.009303590141304064
-0.034044616816778714
-0.295201007739578
-0.4706572912713506
-0.09703772534396012
-0.8831865808699896
-0.49042722368816244
-0.5355281165246364
-0.05743690746103678
-1.3764870361704609
-1.315251208061809
-0.8001782784849176
-0.4139794077333148
0.12413218404630884
-0.09045285164996303
-0.6914213463363353
-0.0956084087511067
0.06091609391446979
-0.2511308668722528
-0.706309423595297
-1.1027239919253355
-1.2909769263796973
-1.2983323981268273
0.8012011536886485
2.0344558281744596
0.7338466762775311
1.7856497146083115
0.5653648268318767
-0.22808167854062114
-0.37138341948812525
-0.9662388158316729
-1.0250035061449227
-1.3537607362525763
-1.0457365500400833
-0.36924249187680647
1.2227807894995417
0.1502620687395236
0.7167049781592454
0.55830882298056
-0.6405795545973527
-0.6437949237142893
-0.7686588690600005
-1.0311723887501942
-0.8365793493557288
-1.1360188252097843
-0.8257299791075048
-0.3136649853212325
-0.12750912950297888
0.09966282100386782
-0.4662341627908486
-1.2545768881222195
-0.9827989817846794
-0.6606219891976808
-0.18336311812400183
-0.310835982111846
0.414082464061595
-0.17277717689991123
-0.25922097391307647
-0.66025736489783
-0.8648380593856237
-1.3293302090876447
-1.1748703387101005
-0.6255117626138867
-0.6283744117285845
-0.6907059748307952
-1.328697860193286
-0.41153513925018564
0.22362703957059257
0.12829977538215342
-0.9148749700963479
-0.5281125517758978
-0.8110204282387152
-0.6350542264263473
-1.0735704543140092
-0.7016924012387726
-1.2956395057815442
-0.5163577306871785
-0.45667218287452394
-0.9013237592066979
-0.9482169416304692
-0.685357031367976
-0.9486888723900495
-0.5722697983466758
-0.14269579175067848
1.8742238933570652
1.238059663114205
1.2293323528207694
-1.4448911014759651
-1.3808140070824007
-1.1666719134436272
-0.9022795307471206
-0.6760702111356413
-0.44140362084059515
-0.8422498865792454
-0.7437738484665294
-0.33739450226031387
-0.1019942566079848
-0.5628700235526586
-0.6180911143185045
-0.5493625807353759
-0.25786131313638583
-0.38846214958933406
-0.4516789355924593
0.9821514379985365
-0.403872427214126
1.0058278454711476
1.695781925277367
1.2804296334583254
0.10572645566423339
-1.1039677585971868
-1.523874730843761
-1.2811441618317951
-1.3916938626083886
-1.2570916860833963
1.3457347808639628
-1.1937353248097753
-1.0978171785525865
-1.0471463032026873
-1.1064706227027796
-0.9810427830394522
-1.0826633716955891
1.047364651048446
1.129222910358221
1.0857901412144075
-0.25923032184024297
0.689691875973532
0.5685698240310536
0.8075928716859839
0.5425820335194147
0.8176658052865414
0.24721945875718182
0.47698798221684297
-0.2404250948379419
-0.30533037790125483
-0.5696739488274934
-0.5585291484604198
-0.5867212207938858
-0.3653888324537658
-0.3267804662354762
-0.3759774290413966
-0.6076448444281743
-0.1992574298682832
-0.244601995435208
-0.3535336627924234
-0.731530651071472
-0.42470575237874697
-0.19590507167713123
-1.0043238634362461
0.22844439718639184
0.2816142403050446
0.9413835772042245
1.8128389377531628
1.7530665267150858
1.060992763731096
1.1063479995404373
1.7910297750111048
1.1513430358524956
0.8386621598611713
0.6243842739750871
0.2946435884396475
0.3168023160077085
-0.26495032150707476
0.06560099586517612
0.24643903309136644
0.030810796616267493
0.15712049742200304
0.29287671213660205
0.13243555221902215
0.0579962969280358
-1.435249955156613
0.746220688166291
0.19395161690878288
0.03590057849383052
0.11776357425754305
0.7142379197881537
0.3084101510000421
0.2998499318222184
0.7936441775252567
0.9478363521057639
-0.14430615710332195
-0.42052836066351446
0.4031241027268822
1.0133943403511616
1.1495959674070004
1.0605862276840414
0.2886392062396356
-0.17633938907922675
-0.2868757950509442
-0.03239282468228598
0.13426701126295504
1.0350654054941244
2.613041351318583
0.5003420363487404
3.1863841464571263
0.7441326058635781
1.1004215546654124
0.8012389207769344
0.9021634407484161
0.3309518307885984
-0.31530685759866456
-0.3030153644313248
-0.20718258990138655
-0.2427383083464411
0.5885325946383418
-0.6269767679872439
-0.5893032288545267
-0.16585448630820915
0.12472486886639084
1.4658788764273951
0.7313756128064509
1.0951106532283292
1.2189509406808012
0.047043929923603255
0.16629226170476927
0.7860343329519143
0.45911650553879363
0.1453113642703047
0.24733474388786936
0.22998361485373822
0.7446234164518688
0.38904972501511675
0.9760945628308616
0.4970850429231264
1.9558598308655615
2.625343992318388
-0.14891369646977426
1.532907840440072
0.15383307363802629
0.10069592500341532
0.5212604618410783
0.7231949390619242
0.8174970846132188
0.250881247380132
-0.2265153138135158
1.0116339814660624
1.5442990870963214
-0.3282573503859008
0.7300110332696025
-0.49780045031785713
-0.6230517643259635
-0.6664741675774307
-0.359652987879869
0.02495045349850663
1.0752325731301615
0.35485201789997106
0.5267186268100053
0.6536301531909986
-0.6378290847803046
1.2385425425431982
0.4650854213550682
-0.6941784382376365
-0.7370995013132822
-0.8070528866507215
-0.8654642333202474
-0.5204307648429493
-0.3288542152142031
-0.38860401173426196
0.10934723476506374
-0.8425115351695734
0.9979099195526545
1.3998527932577578
2.5967159435976574
3.184800966822459
2.4402622831327467
2.276546078974003
0.7009563961805139
0.8378432320828716
-0.08484948917627064
-0.15265682064117514
1.6581630911792284
-0.21000394401985906
-0.4359213220082138
0.20902530617730594
0.5869042076039385
0.8168582036019283
0.1068007196181313
-0.14831418552071962
-0.5110473346374255
-0.6343654264351192
-0.8534535410048493
-1.2187153377166664
1.9166247552974158
-0.42876125916173013
0.15724635654520322
0.8116465415793994
1.2044928881818848
1.1654717180031329
0.9815285941595988
1.3634714994255777
1.2654168875914922
0.2847594674206203
0.5173551686107053
2.0527020871341017
0.34613601782017595
0.6824613929741102
-0.18430333321003528
-0.13975314644255205
-0.5418809268441235
-0.146512399228091
-0.40526618055142893
-0.5469487015856872
2.332380335490603
2.7875397053074606
-0.25276289985789324
2.662134492424668
0.6935466931740292
0.05385330802099705
0.5169387544282025
1.104099023015437
1.090580039468274
1.0492074734085344
1.1124658336186446
1.7473411229187885
2.732982246312705
-0.5255514944582598
2.7912723971754585
2.613323719772096
3.0922060145864845
2.332208308533526
1.9505468504711556
1.434511591764662
1.0163913158677058
0.2719843640252523
0.3406364038817026
1.7859134370753498
0.2237915321908551
1.506851484374846
1.0994374573353636
0.7331673981879137
3.1608402675263423
3.803869267210205
3.0227401412447126
-0.14575958011668477
-0.5561248519815338
-1.1277709084031722
-1.1936068480022644
-0.7184840678299436
-0.9549927529736737
-0.9840678853758669
-0.8727561488339017
-0.48624668180343655
-0.2842976865566181
-0.07536080511974275
-0.23797814402376383
-0.7093858635190703
-0.12510126610988395
-0.831938817132346
-0.8575545074402592
-0.0915644411557393
-1.4043653499845368
-1.3018160631732272
-1.1413470402361687
-1.2099497361944282
-0.7754535586414609
-0.2285026081247333
-0.6350822245824969
-0.17930786859924225
-0.619828236397174
-0.5511443692620279
0.0378290839977034
0.42989311126260465
0.4104544031631479
-0.0022819367580747592
-1.245407734830388
-1.2590176464448626
-1.2847071436108892
-0.10963734701488587
0.515668913382344
0.748382497507885
-0.4864581490011215
-0.25060057719725326
1.880331638022223
2.2699889793938355
2.6145315879571545
0.07089139631852145
0.18920761918614834
-0.3357725782475378
0.7900579694584979
2.471439628598749
1.794045756236372
-0.49252086167446224
