182
1.59549
0.330774
0.139762
-0.337418
-0.497263
-0.290959
-0.175144
0.269018
0.71813
0.0232016
2.68208
1.63707
0.606968
0.276479
-0.0233768
-0.239389
0.237116
-0.323839
1.30426
0.222878
-0.666206
-0.606312
-0.162843
1.44122
1.18702
0.0434222
1.50767
0.13989
0.131995
0.0424698
0.48528
0.335026
0.476128
1.66657
0.280728
1.43447
0.32887
0.00899488
-0.53191
-0.602772
-0.53647
0.314079
0.72618
-0.231418
-0.416898
-0.402051
-0.287297
1.14067
-0.477288
0.311238
-0.573646
-0.537909
-0.0852097
-0.616958
-0.0066913
-0.508012
2.05082
0.170252
1.09038
1.32781
0.880276
3.39783
2.24746
1.81714
0.711929
0.949984
0.767587
1.58029
1.25654
0.560758
2.53335
-0.0043201
0.406141
0.762616
1.1888
0.852417
0.938638
1.76907
1.47623
0.309036
1.23231
0.660628
2.65605
1.90955
1.66625
2.3755
1.8051
1.67273
1.88288
1.73289
-0.21943
1.4249
2.8393
-0.0347874
-0.555085
-0.496511
-0.238891
-0.00368554
0.902227
2.8306
1.92761
0.650693
1.35699
0.387868
0.906022
0.204898
1.33272
-0.202756
-0.739104
0.441314
2.18757
0.0343234
-0.101103
-0.220162
0.729899
-0.38301
-0.870539
0.0160567
-0.403579
-0.606462
0.578016
1.40806
0.105866
0.677951
-0.827268
-0.646477
2.78587
-0.302787
0.279657
-0.207383
0.576868
0.0649909
-0.349088
1.72388
-0.153269
-0.324866
-0.353383
-0.299855
1.40138
0.130536
-0.615998
-0.776601
-0.398097
-0.338341
-0.582479
1.99337
0.370047
-0.672761
-0.484094
0.867821
-0.611793
0.590259
-0.389311
0.0745812
-0.474112
0.110456
1.49387
0.233223
-0.637886
0.37573
0.0321918
0.153443
1.11718
-0.268883
-0.795036
-0.186333
-0.19149
-0.291332
-0.154321
-0.456086
2.01579
0.44607
1.62834
0.710288
0.446247
0.117341
-0.359256
-0.0368271
-0.126089
1.76748
-0.401217
-0.460432
