182
1.59015
0.277117
0.0871351
-0.269766
-0.53117
-0.310919
-0.16866
0.181255
0.587818
0.0470779
2.9004
1.59805
0.659678
0.354847
-0.0997421
-0.185658
0.126861
-0.429529
1.18873
0.19176
-0.664914
-0.665189
-0.145202
1.46277
1.13798
0.0224544
1.51199
0.350722
0.199951
0.0604976
0.579657
0.163111
0.482321
1.64755
0.190035
1.48925
0.237007
-0.023195
-0.424628
-0.632347
-0.627232
0.211193
0.75749
-0.342553
-0.48767
-0.502513
-0.304502
1.22556
-0.591339
0.342894
-0.619146
-0.55577
-0.0935194
-0.5914
0.0733402
-0.478509
2.06525
0.0970329
0.929697
1.20657
0.727364
3.44438
2.3802
1.90168
0.786221
0.970166
0.768323
1.55379
1.3744
0.428456
2.60578
0.032065
0.393274
0.723914
1.16618
0.857847
1.02455
1.8597
1.55418
0.349932
1.25303
0.602803
2.65692
2.03693
1.69181
2.45504
1.84837
1.6161
1.98916
1.68395
-0.179451
1.38814
2.80072
0.0111966
-0.452114
-0.371403
-0.0851099
0.15182
0.851552
2.9323
2.04737
0.75158
1.42833
0.457585
0.92794
0.34603
1.25952
-0.122467
-0.800012
0.386954
2.21571
0.0399852
-0.0961008
-0.242923
0.747614
-0.34071
-0.815734
-0.0056882
-0.387713
-0.644557
0.505814
1.47967
0.0438566
0.735148
-0.757976
-0.557549
2.87853
-0.364952
0.259897
-0.0692503
0.601797
0.0155679
-0.25648
1.70692
-0.17825
-0.315175
-0.229147
-0.2894
1.44025
0.152164
-0.57909
-0.811445
-0.322684
-0.190092
-0.445453
2.17903
0.453941
-0.579379
-0.546644
0.855957
-0.602068
0.573655
-0.292264
0.0746424
-0.528588
0.206656
1.50645
0.196869
-0.610555
0.573442
0.0063021
0.299758
1.18294
-0.21474
-0.741245
-0.144547
0.0117783
-0.271467
-0.135012
-0.459116
2.01435
0.585361
1.6493
0.740838
0.423906
0.101008
-0.43772
0.00185494
-0.23193
1.75027
-0.442546
-0.380095
