182
-0.429791
-0.586389
0.640528
-0.43476
-0.458381
-0.302369
-0.288047
-0.408221
-0.587398
-0.251225
0.456562
0.424757
1.4765
0.919202
3.11109
1.18479
-0.0741545
-0.547186
1.36425
0.00725314
0.453107
-0.163914
-0.380226
2.33881
1.33001
-0.352186
0.64337
0.470396
0.0424126
-0.491652
0.0578422
-0.330487
-0.143838
-0.224049
0.741307
2.16082
2.73554
0.812001
-0.327494
0.1929
-0.0339914
1.1376
0.685189
0.312648
-0.329137
-0.242511
0.664202
0.180977
-0.590005
0.595849
0.221845
-0.615496
-0.210167
0.619791
-0.0803178
-0.147796
0.808497
-0.554189
0.355756
1.3788
3.00674
1.19014
0.847607
1.23384
-0.00351615
1.54924
0.0614779
-0.462069
0.0448927
0.340787
1.31514
0.415636
-0.235581
0.680449
1.11255
-0.482095
1.17406
0.183788
0.805355
-0.490383
0.51603
-0.322996
1.67455
0.124184
1.17283
3.79576
2.63494
2.25326
2.34495
2.58679
-0.403719
1.03737
1.5732
0.426842
-0.233291
-0.239371
-0.788026
-0.186165
-0.364381
-0.552633
0.512536
1.97741
-0.294285
-0.396653
0.204011
-0.78811
1.16405
-0.705153
-0.582831
-0.11365
1.39703
0.44357
-0.307067
-0.675176
-0.300443
-0.277764
-0.504221
-0.788495
0.109973
0.224406
-0.552467
0.10692
-0.228049
2.69838
0.735819
2.56856
-0.416558
-0.310399
-0.608477
-0.316939
0.482154
1.19922
1.43146
1.25794
2.10326
1.24962
0.123299
-0.446361
2.83927
-0.36804
0.275005
-0.332939
0.890968
-0.51043
-0.494407
-0.362116
1.15093
1.76713
-0.148125
1.78163
0.193645
0.78103
0.313659
1.37494
-0.0451796
-0.573715
1.25476
-0.00214561
0.116194
0.651953
1.14515
-0.294626
0.0590754
-0.128097
0.282554
0.312958
1.38528
0.360423
-0.24233
0.0616875
1.56467
0.803317
2.92688
1.52046
0.0702512
1.42906
0.0324848
1.68962
0.31951
1.27657
-0.0463454
-0.395159
