182
-0.462487
-0.585318
0.616796
-0.55888
-0.477416
-0.485403
-0.441448
-0.29534
-0.58577
-0.243363
0.472239
0.405875
1.45409
0.903992
3.11524
1.29422
0.00278218
-0.606232
1.4522
0.0505297
0.486652
-0.0776594
-0.483218
2.38305
1.33451
-0.423187
0.735211
0.435161
0.120838
-0.50621
0.0532942
-0.303883
-0.197755
-0.52192
0.763809
2.10955
2.66662
0.734743
-0.226986
0.293524
-0.0998441
1.15306
0.597641
0.170518
-0.300044
-0.330768
0.723823
0.066469
-0.534383
0.648356
0.240355
-0.636388
-0.204923
0.660673
-0.0970576
-0.192968
0.881832
-0.729222
0.333898
1.4248
2.98111
1.25147
0.906008
1.25251
0.115012
1.57922
-0.0879546
-0.485535
-0.0434947
0.224569
1.34009
0.299587
-0.181641
0.697422
1.19817
-0.436932
1.22709
0.260865
0.897335
-0.489944
0.474583
-0.574469
1.70476
0.15032
1.20643
3.72085
2.60835
2.27959
2.30705
2.68684
-0.442381
1.03595
1.60608
0.412368
-0.262882
-0.192542
-0.791929
-0.227815
-0.496439
-0.492782
0.545035
2.05857
-0.420938
-0.337812
0.261578
-0.724966
1.1232
-0.67453
-0.534086
-0.00186064
1.42891
0.476719
-0.193575
-0.614915
-0.30713
-0.201701
-0.446608
-0.825345
0.180985
0.255999
-0.460357
0.134372
-0.276283
2.55458
0.862887
2.57456
-0.288763
-0.408977
-0.658385
-0.271842
0.48153
1.17085
1.43241
1.27413
2.02696
1.27147
0.166645
-0.536829
2.77358
-0.336655
0.316774
-0.35004
0.900245
-0.4768
-0.472419
-0.391103
1.23161
1.80209
-0.064744
1.79169
0.264876
0.690344
0.182462
1.51631
-0.169913
-0.604485
1.24377
-0.0901642
0.15502
0.466449
1.17502
-0.583465
-0.112949
-0.121863
0.10901
0.148718
1.3314
0.200943
-0.371491
-0.318338
1.35118
0.769792
2.90398
1.60559
0.0624146
1.43638
0.0190254
1.74208
0.47507
1.37902
0.0970082
-0.464408
