182
0.0628573
0.176849
0.528379
0.438987
-0.362841
1.57179
0.383282
0.425972
0.383789
1.62014
-0.0757282
-0.254966
-0.236647
0.110356
1.11439
1.28978
2.11087
-0.0642362
0.747255
0.795788
0.143374
0.560426
0.870143
2.14621
0.0731538
-0.140822
0.691302
-0.28341
0.0461499
-0.417665
-0.427278
-0.13994
0.952848
-0.57084
0.535623
1.31721
0.0155042
-0.220854
-0.490573
0.0725982
0.162697
0.739838
-0.294602
-0.787494
-0.542511
-0.349877
-0.247729
1.88816
2.41821
-0.666176
0.371
-0.492037
0.0888982
0.67271
-0.801398
-0.360739
-0.925345
1.08169
-0.0229567
1.48304
0.227739
-0.720246
-0.103305
1.03821
1.46985
0.445312
1.35895
1.20216
0.246136
0.176507
2.07288
1.4441
-0.00623216
0.725162
-0.188155
-0.140065
-0.240411
-0.270599
0.0303648
1.13909
1.26998
0.220202
0.241124
1.05495
0.051183
-0.0238575
0.556201
2.50725
1.73258
1.31082
0.252577
0.887465
1.65474
0.159073
1.22136
-0.0875341
-0.019181
-0.126045
-0.768158
0.107891
0.129197
-0.597577
-0.836432
0.414988
3.61925
1.28177
3.55662
2.12653
2.16533
1.58029
2.81006
1.15061
3.4534
0.897365
0.73143
0.123478
0.389344
0.280801
1.26899
0.965837
0.363746
-1.11951
0.423589
-0.313319
-0.166489
0.0839126
0.79404
1.44765
-0.923736
-0.287515
0.177438
-0.169276
0.0660012
2.01197
2.01347
-0.647904
0.545075
-0.664178
-0.936807
0.195547
-0.661645
-0.333126
0.621766
0.629246
0.0636381
-0.0610124
-0.341742
-0.0473015
1.38934
0.0662387
-0.0141049
1.1279
0.820325
1.90283
1.29538
-0.767995
2.71678
-0.599971
-0.334022
0.0894232
0.354549
0.422394
0.449663
-0.0991039
1.00516
1.50764
-0.474935
0.987344
0.558042
2.08521
0.933085
1.86656
0.061472
-0.366106
2.54508
2.1176
0.57735
0.0932702
0.243427
1.94749
0.843579
0.0480308
