182
0.0258923
0.185858
0.459888
0.409167
-0.388585
1.57814
0.402077
0.326181
0.440575
1.61931
-0.13628
-0.576978
-0.229634
0.0461466
1.18295
1.30889
2.09219
-0.151452
0.687852
0.670153
0.275195
0.518375
0.757314
1.99466
0.160953
-0.215184
0.696894
-0.445897
-0.107963
-0.58601
-0.558189
-0.399307
0.927946
-0.55767
0.441247
1.32849
0.108566
-0.282886
-0.653751
0.075521
0.386907
0.731603
-0.440829
-0.845782
-0.637817
-0.282155
-0.269289
1.91647
2.19246
-0.76012
0.294391
-0.661629
0.083628
0.617888
-0.841098
-0.336321
-0.91883
1.15895
0.0484714
1.48566
0.251686
-0.694109
-0.118965
1.08239
1.49182
0.553169
1.36135
1.15246
0.279121
0.0537271
2.16366
1.47027
-0.0379188
0.844181
-0.253276
-0.189172
-0.271166
-0.502053
-0.113538
1.21037
1.31031
0.102575
-0.0818588
0.852724
0.0180521
-0.182288
0.570962
2.42009
1.5375
1.26921
0.251286
0.651127
1.54919
0.211688
1.1978
-0.0620175
-0.0635477
-0.273692
-0.752148
0.144725
0.0547194
-0.63198
-0.845352
0.466598
3.52233
1.32538
3.57691
2.12364
2.35062
1.57525
2.82695
1.10181
3.3366
0.912449
0.79216
0.190048
0.366336
0.289361
1.254
0.900424
0.546091
-1.01238
0.434802
-0.231484
-0.209682
0.143091
0.795592
1.45892
-0.941381
-0.170256
0.223459
-0.342854
-0.141673
2.05788
2.00094
-0.796598
0.584011
-0.746593
-0.976902
0.14615
-0.653851
-0.34018
0.506208
0.58863
0.0733377
-0.0721926
-0.420075
-0.0902119
1.28008
0.101414
0.0545983
1.2635
0.893389
1.91503
1.19832
-0.848461
2.7665
-0.70261
-0.465678
-0.107924
0.395844
0.562299
0.448954
-0.137388
1.02931
1.54738
-0.474791
1.00525
0.58299
2.11045
1.03654
1.90728
0.0644263
-0.36417
2.57603
2.14555
0.677792
0.0801337
0.344042
1.86397
0.857999
-0.00878883
