546
-0.006548469010730307
-0.010813148053037291
0.029993207306184044
-0.04521395208845075
-0.041618839851854605
-0.00858930063891411
-0.03372502985253023
-0.01999771815636847
-0.05325641260486841
-0.023793143968141917
-0.02122184285295342
-0.028911308283015635
-0.056951296282633346
0.04455986706061238
-0.07195105093511345
-0.06355745242421346
-0.054581410133130115
-0.03833136741239268
-0.059739776333039674
-0.06345722736784026
-0.06412394082008233
-0.058019986235498644
-0.06031109955108932
-0.05439995507288575
-0.014217819229998874
-0.05140027974242822
-0.04302941571638608
-0.05146231637824378
-0.03672094235795609
-0.04918287182359021
-0.03019963988945812
-0.04460923917360454
-0.03343556945381132
-0.029437344162736245
-0.02683530732777073
-0.020091359646382367
-0.03897489248855085
-0.043340126514330446
-0.059022927408468484
-0.056880066156793585
-0.04618052814261514
-0.029699227356045244
-0.023814963139457246
-0.011721463106688257
-0.0342827402974632
-0.040190250683457385
-0.026554885522766192
-0.05507189589863848
-0.05657600884491609
-0.06436865873767772
-0.0448176841131403
-0.06113396119051895
-0.05398139228996518
-0.07276820837721582
-0.056418162381496884
-0.060221082351445854
-0.0418549386739554
-0.032145117669888035
-0.03471603251048622
-0.05279550276171957
-0.04768298515784625
-0.05376450635644192
-0.036584288388838926
-0.06153633749844495
-0.04897506109694094
-0.05630579882182574
-0.04897180867643608
-0.0524369408428465
-0.023854031191407
-0.05918344391468522
-0.05369779366303662
-0.05152534826562721
-0.04394250719543896
-0.006280975124779764
-0.027965918096699238
-0.02416628352161493
-0.05844636666079894
-0.053514071126112006
-0.0668279143113853
-0.044258167566527506
-0.05901836949351402
-0.0645291983873299
-0.06441123493288148
-0.06310123792928118
-0.06346011896218368
-0.05012876760034135
-0.033148790015904206
-0.03287884262348001
-0.03944316272654608
-0.042246596584289586
-0.03890717473508315
-0.03369585797003383
-0.04287949804340985
-0.03754683002014536
-0.03601218212879764
-0.03981068151470163
-0.056174531489694424
-0.05020340566571002
-0.04957253096984349
-0.043044444394814196
-0.02880235504747336
-0.04763689610699284
-0.031683399812791335
-0.0237850503848972
-0.022828707059056375
-0.021867412721067514
0.008590679114536814
-0.004556417284048098
-0.01355132892098787
-0.03167088131207452
-0.02673470808367101
-0.022476374300376856
-0.019550544907944167
-0.048711285569360885
-0.031576346226670604
-0.05170934518254866
-0.05981994705965421
-0.038474220141941406
-0.02399762404329986
-0.03437428312190782
-0.04823894057549666
-0.05290138276340972
-0.05504721744692803
-0.0662030029866621
-0.04112290436084437
-0.05987445224636223
-0.06305123673670021
-0.05810063549023875
-0.039514100933586926
-0.018172724482073632
-0.0341544177218196
-0.059157774343899905
-0.037440000080910196
-0.05229069927119495
-0.04163649329817287
-0.044667711542651145
-0.06086828597173072
-0.07478866901009712
-0.0744720748986924
-0.0560583460432274
-0.06606973015678841
-0.06514047785917199
-0.04942559378296252
-0.015084681630737562
0.007040087930776595
-0.012720798877672579
-0.017767602204296573
-0.022910220189743258
-0.05599862286392027
-0.0751698077917557
-0.06301498579179587
-0.056017008922812694
-0.061429756233870314
-0.06916964971126599
-0.07155973428499035
-0.06488621599981687
-0.04055016951174456
-0.038404216424720417
-0.040007834942157816
-0.062391301833072066
-0.05059531168996689
-0.05947183238747378
-0.05866614963214806
-0.06724844358068532
-0.06558243883388315
-0.07342411394564086
-0.07896632939684067
-0.07696150319420303
-0.04528469183922046
-0.06426261140310141
-0.06516622840536518
-0.055575624073157304
-0.06542114415493905
-0.04995641545311319
-0.060526487393109174
-0.06121097886349125
-0.07990078233452363
-0.06275022504823435
-0.030869878699286535
-0.04667309253870833
-0.0059416208457159225
-0.005987449028968861
-0.03648571793545302
-0.05648855599884278
-0.06177531643006834
-0.057224764939973805
-0.05360301849846982
-0.06695680315418084
-0.057635802141668524
-0.03687515705192684
-0.06059209232802276
-0.04946695201317203
-0.051800952431974745
-0.07402606574968001
-0.06092351653913142
-0.06800844447108662
-0.033171407903736294
-0.06810271592055972
-0.06950666121568277
-0.051657399062807086
-0.04919379935735363
-0.03514711564332573
-0.04841460884287052
-0.07454161024509226
-0.07701469955429185
-0.06603414562975607
-0.07511576318911273
-0.061965392668904884
-0.04950812990165632
-0.0554697021708912
-0.053465078560250345
-0.026116865329913586
-0.02234987784538678
-0.030113531082729794
-0.029389841883802947
-0.07631062200757827
-0.0700754181465233
-0.0771688941675488
-0.07438222404144301
-0.07192197223765567
-0.07430509081290687
-0.069555510707065
-0.058151113745365524
-0.03175880846849266
-0.030678022618941703
-0.07056289831178869
-0.0715806793802648
-0.06866270015976905
-0.060232259441784675
-0.059011881682785206
-0.0573166930336399
-0.04596414669420196
-0.045029075035019184
-0.03507495627077056
-0.043980902806543654
-0.031356264277145496
-0.06532788822609809
-0.06464368273910681
-0.06354000768912244
-0.05375843495933841
-0.06088646236894013
-0.029677367517472797
-0.05690140042862679
-0.030106606169675088
-0.033391654815550065
-0.02976178935583823
-0.05229674376539856
-0.015680732627750937
-0.013996278714978605
-0.03221787908845275
-0.045544590416122965
-0.04850858913239131
-0.069347205949496
-0.05948366020833218
-0.04825166646495116
-0.05249447110139549
-0.035420928140055485
-0.03310858519405285
-0.04534331708735656
-0.0544377383817809
-0.058615183784195
-0.06437408541066747
-0.0463836599966001
-0.048457692845962574
-0.049975863522804254
-0.06344564316606244
-0.04503794847499909
-0.03299018513596336
-0.019011928999623673
-0.06569009992583591
-0.06448453348873956
-0.016279656608353676
-0.03463321289987442
-0.03561188674237742
-0.07365829786760125
-0.0744488269832671
-0.07600213143385176
-0.06799466292228107
-0.05929338672596002
-0.014331084918124626
-0.04280823917523552
-0.04920045391533051
-0.05322301827910397
-0.06598856699440642
-0.0745383503754336
-0.05487084201715359
-0.01699877172798475
-0.018942647087093423
-0.017599128627654226
-0.05770305073807813
-0.007509578581054277
-0.06820401777973817
-0.03673750900862466
-0.031975602265046255
-0.025564989427704965
-0.058015049668814545
-0.028276593072040945
-0.054847239735611175
-0.04579542642961415
-0.06057676348345753
-0.0464662043940447
-0.00940319615547891
-0.04774454135828521
-0.0291025055191384
-0.0561467203450538
-0.04196177172428933
-0.046285590873361426
-0.03810855514449141
-0.04346684609681928
-0.04716068859066819
-0.03569552155753253
-0.017821438492181763
0.023359093435627143
-0.03674817091226046
-0.05112888303740737
-0.053964003863981425
-0.047093965860926734
-0.016142632062123685
-0.006797958618493638
-0.030995274154248798
-0.03061154136683908
-0.019415632061665855
-0.06282879739431979
0.026412466308340377
-0.04474166790667122
-0.04755314874580624
-0.06440142097524865
-0.07352533446679088
-0.06989050707644073
-0.06697269130541272
-0.08142852619242957
-0.07549738310495951
-0.07388186403010472
-0.046304874153976994
-0.0331416412418436
0.019668996128701377
-0.0735742088077197
-0.05556129078331662
-0.0674488184485294
-0.07316627252346641
-0.05144554187965361
-0.04521233457611551
-0.03622681345826734
-0.03839383913702438
-0.049666392043561436
-0.05465309976069921
0.02041858880501779
-0.05047889102286468
-0.040457485330052834
-0.03730089706344125
-0.033584825836241616
-0.06791855845621897
-0.06308988061195603
-0.04714948776414424
-0.05524565371866064
-0.05896430770586597
0.017251154276490044
-0.028625292495392474
-0.004782035782507854
-0.028134352510439664
-0.06789585040163165
-0.06682767275926782
-0.06572694662637524
-0.08004259153150384
-0.07472561774772501
-0.062086655150098924
-0.05077317068609344
-0.06387534679832096
-0.021642825441610336
-0.05651899795826365
-0.05233462552978413
-0.04899358898996653
-0.06929726492869043
-0.06522793034887431
-0.059235085843620805
-0.04587610366528744
-0.05435365823774385
-0.05437997214701118
-0.0526575304668942
-0.026199221447076648
-0.04964957978533663
-0.0388646957143704
-0.033435068883287844
-0.05318537204912088
-0.04065105025828186
-0.058579020900138556
-0.042746122955162835
-0.03846902920137246
-0.011905695403149452
-0.015874547449921506
-0.04420178706524447
-0.028459230130257418
-0.061984062874996304
0.004652440436362759
0.0038298715140748785
0.03272586306546893
-0.016552119706200186
-0.0313070020499171
-0.049074917132416795
-0.03860829924124787
0.0002809212076786971
-0.05003083756873816
-0.017420331840560133
-0.03733517817058202
-0.05031608101341756
-0.04263841188159884
-0.03739930061860247
-0.015843841909810086
-0.02167075112168737
-0.015944497942643965
-0.025945731184535026
-0.03299556150071381
-0.03442722210514598
-0.03294844424773968
-0.03168598080232965
-0.0481516798560922
-0.04651460284286557
-0.03837837979788883
-0.04464013590029264
-0.031415022974140894
-0.03777052964413874
-0.04720599314885082
-0.038982652962213205
-0.04849025364006021
-0.054306876555590466
-0.018359869868520007
-0.03409651935267549
0.017123786402583774
-0.0019095221816731733
0.04604135367410339
-0.013470987264312617
-0.013232661974474758
-0.04196848340592191
-0.06060520281131959
-0.0241524750389005
-0.052737778218660714
-0.059507732224127474
-0.03393954405272609
-0.030741354241239527
-0.03534679274512881
-0.00635007387359976
-0.02257051593424153
0.009023138099783723
-0.034023350688567267
-0.030737091363703894
-0.045483757105296174
-0.025704432278243983
-0.02421931488144702
-0.021105967511308776
-0.009115898718088877
-0.015925206750870724
-0.01272015127309839
0.010743866669171154
-0.011012832864290278
0.0125954262705954
-0.029531972723537803
-0.03946212121917797
-0.008857842591610987
-0.04609543920195941
-0.02605270387497044
-0.023734646136798043
-0.006636264953703452
-0.013249100891787935
-0.009191285972358187
-0.020906476263404583
-0.03296259482648167
-0.01969080215587543
-0.020121255197512955
-0.034844724728197496
0.015810813678988733
-0.004059967510039619
-0.004141922184243307
-0.013942137851673808
0.008458066271044173
-0.0008427636230360913
-0.006040877268964517
-0.02768134614876744
-0.020109616403116426
-0.00378624176933412
-0.0479230800568865
-0.002689337306583661
-0.009294881396933075
-0.002835482388775623
-0.02309441594577466
0.016466467824037323
0.026041504876530952
-0.00463748703755118
-0.01824929233439221
-0.022162902562954667
-0.022070712068802123
-0.04271322107756209
-0.013341977303907293
-0.011204123910390829
-0.03658932315346275
-0.006146713402127579
0.026498640998496636
0.027168844116968904
-0.0493339554346664
-0.06301497910379655
-0.03951080771268822
-0.04596732509679957
-0.04066038751227424
-0.054713877658432164
-0.040532095804108714
-0.045665394545181315
-0.04001898913380131
-0.040499380753275305
-0.04002904384584727
-0.019521005807389302
-0.016127883650818797
0.015110517363125908
0.004875195347179007
-0.01623158656182705
-0.046434171300266724
-0.051614252312322084
-0.03962315947697981
-0.010623362213359633
-0.02318384446491184
-0.03673332827955145
-0.051366067843726604
-0.05960684025200658
-0.038227729619144335
-0.05190285170350972
-0.05295185705297262
-0.02748530431645707
-0.054629564155030674
-0.05819717557645221
-0.054130728107167514
-0.05471509130781027
-0.05579117838509723
-0.06381189198529513
-0.05027171941470138
-0.045003948552337525
-0.02952264839636609
-0.013876186115733102
0.019821054182735443
0.005930940886298419
-0.027431418971795907
-0.001612271298226997
-0.054662886333234795
-0.06418590013480774
-0.06281192646839834
-0.061241162398789184
-0.042540775749688786
-0.0607307746228305
-0.05021231553179878
