548
0.955425
1.02789
-0.0903858
0.457276
0.230226
0.369741
1.23069
1.17912
1.64975
0.538997
2.67256
4.38704
2.12469
2.69989
1.22069
0.0457436
0.931025
0.545828
0.481648
0.579073
0.657526
0.615209
0.404852
0.40085
0.456717
0.577226
0.466423
-0.174435
0.0202759
0.367809
0.240617
1.89788
2.99951
0.391008
-0.428054
0.782895
0.513241
0.550723
0.284077
0.856573
0.231299
1.88413
-0.155579
0.158658
0.930123
0.720999
0.576263
-0.158389
-0.442541
-0.562819
-0.213624
1.46116
-0.0575144
-0.515952
-0.311056
0.190531
0.0374949
0.38923
0.199036
0.430954
0.388996
0.178311
0.390742
0.523414
0.0709744
0.161668
0.773543
0.772429
1.04765
3.57563
0.791361
0.078184
0.822026
-0.0317858
-0.303199
0.0472428
-0.191317
-0.261751
-0.508829
0.764654
0.63882
0.594374
0.520279
0.718648
0.598315
0.617387
1.20512
2.38488
0.562744
0.570363
0.791629
0.847326
0.932837
1.99879
-0.0404042
-0.335637
0.195932
-0.00866216
-0.0366517
-0.495813
-0.279318
0.621164
0.0112058
0.281509
1.11922
-0.180747
-0.499456
-0.279157
0.84336
0.24701
0.101028
0.0710863
0.3598
0.397607
0.506784
0.67978
-0.0722967
-0.350814
0.599167
0.0813216
0.331297
0.720016
0.681604
0.893967
0.47177
1.36567
1.10758
1.85691
0.661324
1.61247
0.850663
4.90683
3.22898
2.28879
1.51166
0.769913
0.933562
0.821121
0.313357
0.244126
0.40062
0.582144
0.390642
0.605098
0.157818
0.210656
0.403087
-0.0755688
0.405836
0.195981
0.259759
1.18138
0.492149
1.89986
0.888942
0.84619
0.882401
1.4502
0.951769
0.693894
2.4059
0.047894
0.0723036
-0.313704
-0.453744
-0.387737
-0.00132476
-0.335065
-0.374763
0.302066
0.211463
-0.307578
0.637542
0.309069
-0.018939
-0.137939
-0.474328
-0.44713
1.0967
0.864756
1.93485
1.38605
0.758398
0.798117
1.5539
1.31167
0.278651
0.68325
0.548858
0.106028
0.172401
0.177232
0.315021
0.886108
2.68924
4.47052
3.92209
3.9917
1.17667
1.94987
2.62594
2.97215
1.77758
0.968408
1.20195
0.922902
1.68027
0.805931
1.93199
1.49161
1.25888
0.890965
1.38952
0.451769
-0.47018
-0.56898
0.625771
-0.153921
0.818178
0.938725
1.5681
0.278969
0.0687896
-0.00271951
-0.560865
1.59506
0.704484
1.08924
0.998995
4.21503
4.70367
1.60835
0.803189
0.661292
0.649225
0.358084
0.0189773
0.386116
0.533793
0.464244
0.416074
1.78057
0.674077
0.78562
0.728782
1.12746
0.437017
0.381754
0.653242
0.292023
1.11848
0.469118
0.20824
0.342604
0.764322
1.36153
0.871622
0.333455
1.20384
0.87041
1.92491
4.72161
1.29506
0.371828
2.24719
0.968127
1.59267
0.884604
0.618706
0.932256
0.419519
0.0300828
0.0361801
0.476446
0.187612
0.465713
-0.277973
-0.124266
-0.353426
-0.093895
-0.55353
-0.268759
-0.168246
-0.478016
0.41018
-0.1035
0.0639811
0.000941607
1.58721
0.371651
-0.202695
0.098068
-0.350833
0.346641
-0.0889561
-0.0132591
-0.358482
0.252797
-0.0211963
0.431408
0.403177
0.347206
0.731352
-0.0682727
0.165231
-0.185275
-0.376581
0.0480381
0.400377
0.0989672
-0.0164792
0.852648
-0.266222
-0.0123045
0.107705
-0.484073
-0.148924
0.247336
0.812833
2.63528
0.713182
-0.496679
2.30239
1.25251
0.876335
0.997074
0.929469
0.754306
1.78413
0.540765
0.928006
0.161634
0.484765
0.692972
0.836658
0.0878614
0.568024
0.228865
0.591024
0.843993
0.286795
-0.181021
0.066035
1.33488
0.545704
0.470306
0.228063
0.71868
0.768301
0.335235
0.128019
-0.353767
0.931313
0.598263
1.73229
0.581431
0.391442
0.405904
0.892385
0.276465
-0.412079
0.962185
0.0172942
1.59045
-0.0199376
-0.174336
0.416165
0.612177
0.0808764
0.150306
0.0115957
0.472322
0.772959
-0.0661619
0.580707
-0.101121
0.753656
0.0543075
0.123235
-0.0170715
1.28416
2.86462
1.11415
0.88261
1.13465
0.0820093
-0.192852
1.51217
1.68725
0.122643
-0.0557188
0.650352
-0.288688
-0.328574
-0.267106
-0.129842
1.64484
0.58407
-0.135537
-0.0564189
-0.389836
-0.164352
-0.552659
-0.118305
-0.281687
-0.478585
0.602162
-0.322747
-0.0136656
-0.159602
-0.504836
-0.139062
-0.339842
0.00850262
-0.0558561
0.523703
0.840408
0.268058
0.0722429
0.240987
0.607705
0.293318
-0.524207
0.676554
0.442553
0.245829
-0.0187887
-0.380938
0.553069
-0.222438
-0.409161
-0.0903709
-0.0587448
-0.10699
-0.639652
0.00671204
1.61608
0.0345908
0.376328
1.92079
0.0669843
0.210293
0.0247555
0.471989
1.63679
2.68542
0.933612
0.379203
0.859074
0.211543
0.389558
0.228738
-0.430738
-0.332217
1.03483
0.460137
0.0792271
-0.0735802
-0.608265
-0.591346
0.271592
0.898613
0.444377
-0.267013
-0.525902
-0.365247
0.365903
1.63622
1.98902
-0.472199
1.58123
0.359369
-0.2937
-0.537699
-0.406349
-0.149742
-0.285177
-0.602908
-0.19045
0.249266
-0.57695
0.111924
-0.43791
1.06265
0.357931
1.63491
0.421463
-0.128264
-0.78318
0.225022
-0.602978
-0.0148328
-0.578762
-0.67661
-0.0042636
-0.120038
-0.434405
-0.283959
-0.346691
0.242055
-0.349284
-0.507608
-0.147137
-0.057026
-0.185729
-0.33315
-0.395173
-0.505081
-0.259475
-0.235686
0.256752
0.911565
1.59344
0.175427
0.934585
3.27883
1.58181
0.293294
-0.304335
-0.0429884
0.224688
0.138841
0.236856
0.224019
0.73997
2.30936
0.606117
1.92131
1.03578
0.413826
0.924598
2.16764
2.69203
1.144
1.12924
2.25044
2.4405
2.40155
2.67808
2.11084
1.78663
1.37943
1.71651
1.84426
1.48314
2.66923
0.714157
0.463896
