546
0.2726952097549006
0.24334628189742036
0.7495138140230551
1.9881501189283872
1.521743255168778
0.22828200925413972
-0.46498333216828114
-0.4505997470670628
-0.496882522881932
-0.8476118644789918
-0.9369248047805059
-1.0586054387549197
-1.0628272192675547
0.12038079841099072
-1.2037142212458056
-0.22917545481072613
0.5446637049568414
0.8013545672773624
0.4360741661416949
-0.6333060853255676
-0.423917481870963
-0.6031342576816955
-0.33866034569283004
-0.861583932123195
-0.018403937784117474
-1.1246193104978977
-1.2513518600347464
-0.5937484392403628
-0.2523559561978702
0.5955512248542939
1.5021682757067614
0.38043570664568427
-0.5291992693732359
0.3668132569358366
1.3047484791056945
-0.250903168568892
1.0817455433830407
0.3593726939711355
-0.32315568156887814
0.5285548837950506
0.6045967464974419
0.03362712009112539
-0.45256924017833006
1.593614876382463
2.162908232200936
1.9184737195636588
0.13875885905771423
-0.7500816219043254
-1.2236478639779746
-1.1727616971775146
-1.0311719698478912
-0.9680659607674174
-0.8291565954785775
-1.2622192370876435
1.191508397779707
1.7970421615464673
3.033314613129974
0.606450178606261
1.1517464763142917
1.5457207221616707
-0.41456957269266265
-0.7552453622672004
-1.3313978516093838
-1.22969330440925
-0.6205718108028292
0.18827341761611074
0.6457538776215574
-0.0553385190218371
1.4045088117753126
0.34894436208501756
-0.15300741229707998
-0.6357164852018762
0.14791031231786023
0.31307843835862753
0.8903654738392004
-0.3644510757879428
-0.1815495222502747
-0.7085316305968034
-0.5200369590479923
-0.7997433466202255
-0.9731478787354209
-0.7749647879583779
-0.25570649086288216
0.10700392167789219
0.04317103211755675
-0.2605839119218892
-0.4397731338218693
-0.28540483577440695
-0.6277298617246094
-1.3188157226508697
-0.6741716486884398
-0.928514285589569
0.11086938148020285
1.9147402124791937
3.0762116752443722
3.446415074222501
0.3307415137082766
-0.15894727832032332
-0.23443709813545419
-0.5557545122354874
-1.1056582829809078
-0.48073145056013183
-1.1938425294644137
-0.07221551851745005
0.7923887025980386
0.8943083756460265
0.6265398853739428
0.41046955974424276
0.2148185806634217
-0.3726567775837268
0.2606811118825305
-0.2203380965071048
0.8013559938079847
-0.2265965953229193
-0.40399863923828777
-0.8761869794863354
-0.6311634184219803
0.5713212720009628
0.24253884006837229
0.11793111344895917
-0.6392874278180452
-0.27724375311470156
-0.6231610427965211
0.024495989761201292
0.46112754726580085
-0.5658556576586189
0.9812113772035339
1.6333921109857763
1.0855856383614888
1.3913022537961863
1.049085154633313
0.49227964964090426
-0.7804584283850076
-1.1685855433588608
-1.0086324835258584
0.20921791062104161
-1.065783163738717
-0.8643292648956084
-0.94656991240219
-1.0097746332697
-0.9630999964784227
-1.0085090954459293
-0.28072399415145366
1.1273321508267637
1.7256815592321824
0.6808185808074201
-0.2505239929770449
-0.09374033103486339
0.5301223538380886
0.16283012949093847
0.4647392160644336
-0.3782965571110466
-0.13781157438992092
-0.778255977511084
-0.7988905625827948
-0.683938084280484
-0.4905417808388153
-0.5772175175001633
-0.9824382401331004
-1.1194210228178996
0.16563653210682547
0.6178951298018018
0.3856489927072918
-0.6368714638492661
-0.9243309131059099
-0.9575360798834912
-0.300975911608696
-0.4992718970379176
-0.7640315605882018
-0.9182161479943463
-1.0680590990800218
-0.9337340828385144
-0.45579304381919944
0.3452156878361299
0.656240800953387
-0.15026518502167516
-0.7376259537987561
0.116738729646193
0.7488654594928871
-1.0581298237532668
0.6957193250352295
-0.23629797160904306
-0.9343296447492051
-0.8353437892955256
-0.888879627205252
-0.14985686110433366
0.047788255261279826
-0.04606778359486693
-0.3868007895125883
-0.18244751456880076
-0.8303030772372486
0.5345994221401301
2.819070860789175
2.150873582144298
1.1781568227485069
-0.2981751877359752
0.15520705389874054
0.20691734334355238
0.03600954402003926
-0.4340668630355068
0.15327578040998305
-0.8780574567096593
0.4984771670207998
-0.3406098029440916
-0.7305575805660302
-1.0610229438561338
-1.1719090409615713
-1.2681191626472474
-1.3941404418203227
-1.1360796863558404
-0.5110568532165308
1.4740620390004964
-0.15323436505625587
2.565096048098983
1.680755349762546
-0.10751623623753312
-0.8826252887959806
-0.8787252526307375
-1.104491523697639
-0.9513780475579098
1.2366903737791786
1.9034452490403115
1.2596700621952677
0.3861934460325209
0.4952392940237764
-0.3882906018594582
-0.18431902330801134
-0.43887821626201134
-1.0373545060802132
0.5460292145127132
0.5526724042740122
0.7431216767699872
-0.5979549232444772
-0.05462968757028278
-0.2845168157126806
2.2226137552103884
-0.041968946020611596
-0.8083146008211758
-0.9164917017120423
-1.0191839229918476
-0.13290334617283803
-0.1863565645339385
-0.18436972578779318
-0.6231486152784028
-0.7051669645966091
-0.3920657791113818
1.579257351106987
-0.5291220890852373
-0.42492149265688833
-0.5876126715574495
-0.609602880004334
-0.40830158816645024
-0.0011643872206724445
0.2612235073129635
0.12095795541641163
-0.2026075389050028
-0.3182107123659002
0.8532597416966838
-0.706139280366346
-0.5248241757678922
-0.6345783059877308
-0.5821709455049169
0.23550851973140713
0.7837884245154578
1.4271181243589053
2.1199768463390796
2.2677456558247937
2.185665225959072
-0.5298976440360854
-1.3142059150278549
-1.457111554288943
-1.1591073233410911
-0.4147020558808151
-0.1223447375455421
-0.6651240810452584
-0.8297312784664201
-0.7912084832618373
0.11059740425589748
0.030492367509446772
0.21103270685429837
-0.5402324171119947
-0.9625961184342823
-0.8937999191107593
-0.019577519685571303
0.6026772759475221
-0.058908406974232705
-0.40006777174226144
0.20701709702851673
-0.08476832666926355
-0.6809000157568946
1.2368894125649563
-0.988723250289526
-0.9263650165346464
-0.07283702876568023
-0.16422097431594498
1.0547514297946585
0.09311183224407846
0.16342468545700464
-0.6524360655286108
-1.2380721560311783
-0.8193285355111087
0.5441712432527026
-0.8419324616858456
-0.9106497573661683
-0.41645691231808785
1.7462895552788766
3.1686145745262553
3.2010064473311464
1.5903011196463257
0.2554655764492454
-0.6979999857616782
-0.37584067457921283
-0.16311836654463546
0.07016870530135898
0.9043654176509047
-0.7165313113255686
-0.6506077153147991
-0.6815997153712369
-0.3762513766301818
0.08713636655186334
0.2560466131398961
0.11264459955379297
-0.07180148603972739
-0.0823418900709928
-0.35470715030414696
-0.05265409511372386
-0.2950287303237408
0.040886696066126486
0.3060115046046159
-0.09360759837080201
0.17991437337539928
0.5231485009443637
0.8970752895715197
1.3985595321992152
0.13609587199032122
0.4111790737017842
0.052424377672981776
-0.15900860854304052
0.06263162908897361
-0.54005220932188
-0.4911958252303008
-0.6355061032366358
-0.6607683441170126
0.9536061606466477
1.9165829756626733
1.5335259452735994
0.4811442835462025
-0.48517624567317963
-1.063111027692353
-0.8862248023663418
-0.9896631930180807
-0.9884935177329867
-1.0985151109876294
-0.5753250174661604
-0.21973431693828083
0.12217883275471698
1.6344456414542154
0.5994631128758083
1.9851616587330538
1.7749712952389365
-0.2325372783971448
-0.693805173202766
-0.599671729192586
-0.9461212964718315
-1.1403507553637937
-1.0163842502305314
-0.21479676041491946
0.07647799897426882
0.5802073095554813
-0.16892599827505633
-0.30085611412600466
0.23806129953703112
-0.08072736973414019
0.39435270683012247
0.24087531604018542
-0.7250088348880014
-1.306730591816416
-0.7215265028378087
1.2526995079265544
1.2627627139343751
1.7706098835060886
0.6853552689858691
0.37967436211257827
0.2087929463576977
0.12922436585766603
-0.1319324629917411
-0.5662756690235213
-0.3167519264750909
-0.201008107068964
-0.384026736016681
0.7861720844617295
-0.4354945500384925
-0.896894886473454
-0.6278596407525344
0.6618473347940002
0.7769719032630524
0.48653145826479083
-0.11279358512146229
0.09834843979661885
0.06732105124608151
0.4386120922378958
-0.4371571335986667
0.96529871872912
0.5974894181088187
0.3568654957605912
1.0013703747273381
0.07588402985683661
-0.103058303121231
0.2582967704883437
-0.03540085688707324
-0.7868562373939223
-0.12404931853133984
-0.954125747372142
0.17042098578880102
0.037187264054831075
-0.7184836134153314
-0.4696317676077277
-0.4027701690579492
-1.1661341251344663
-1.3386931895510614
-1.2205461880461506
-1.0683668042932797
-0.5732800649762276
-0.4474825194265487
0.24944640188628267
0.44273485534739404
-0.4020316586144004
0.10093696274194516
0.35869664287213937
1.0657047286134846
0.8599068653087649
0.47602825527848414
-0.6901408536485495
-0.8319455120089533
0.03755984279143007
-0.8192004547868506
-1.194629283037288
-0.6025640116418463
-0.33706888308110516
0.8104175057300694
2.4749466012917725
2.151342677989944
3.1349774143804088
1.9548364779707428
1.9001769558764448
-0.4337603931156263
-0.10984216101401462
0.02820021820058215
-0.5209505635748434
-0.8151486908770503
-0.7688775102869366
-0.6723912918671601
-0.29607356800197204
-0.30011148734835297
-0.18863934233244642
-0.5263427891113293
-0.48479567950518676
-0.6857547380278436
-0.5126670991698227
-0.6291145434855857
-1.2456340453940202
-1.4468727347909205
-0.7043795023961508
-0.0814836442822992
-0.06442579599911076
-0.8787454151119642
-0.9448998009921926
-0.10454846200605981
-0.8531862243245704
2.329026662639192
2.481469402190848
3.2928710281178875
2.0526351228246136
1.504844711360381
1.4459977251601905
-1.0725326779639943
-1.46388933738743
-0.9368248547041592
0.05978803297538147
-1.2735969412631252
1.1951606451500583
0.5150026520521197
0.22301339718152022
0.004510722581787375
0.6499141526133394
0.4410722318706373
0.45131781038197427
-0.24319184778880557
-0.43603040716831254
-1.1327901875645556
-1.3800332404654405
-0.8290465217529617
-0.5126202670063575
-0.7082128530381945
-0.9222528451632985
0.1635444517165096
0.7781201211241965
-0.9523519834091547
-0.7630964456766351
-0.836011425479756
-0.5934030308455163
0.023249113060439214
-0.4160087723338467
0.15091724266297463
2.566891947949513
3.2353015173700466
5.061786360093976
3.263924170556931
3.0505908666530694
0.3261220195237482
-0.5620281201614329
-0.7774151403975036
-0.8241707747255146
-0.17208121130545917
-1.038516808019488
-0.9220003230688256
-0.5899342336292763
-0.4397145635284074
-0.4609655333430108
-0.9985636047904379
-1.3145948583776648
-0.9132556719390508
-1.1346277272693897
-1.1085716400183578
-0.3567570892730863
-1.0384446302758665
-0.0019869791899090002
0.2761634731328165
0.9119477697667946
-0.06838740995107152
0.7230000816225441
0.7233767688154408
2.551083165039956
2.7207687807440823
3.3033749395586254
0.3697679869260876
0.21956970166097095
-1.0017210169449648
-1.1095067146477142
-0.8765018054345428
-0.8013893475417279
-0.8564634090401306
-1.2332529108031485
-0.8893670426895152
-0.534432663044072
1.4708776388129317
