182
-0.016192178712006105
2.0173662829508427
-0.3787795073669929
-0.2906403224676968
-0.530207077713246
-0.08685217185251488
-0.5155021872703067
-0.06794693964303575
-0.15010599969906738
-0.5751284619318255
-0.2524862193137018
0.7954236537923172
0.007199644891148183
-0.36455635949762033
-0.5999577501333889
-0.5688634853914569
0.08424181266419586
0.055441938202163886
0.015643633055626417
0.41233440326007764
-0.4786375855352269
-0.5266385888184785
-0.05583862210881657
10.807489538372455
0.4675687106884754
-0.5634962059198844
-0.480525413097099
-0.4310287374907156
-0.16487965504121727
1.501076320649149
-0.36742194766180225
-0.3989381989840246
-0.5213573420567758
-0.3439939964466471
0.8878610246865118
0.0037184158889115677
0.2261218736695608
-0.311149085529829
-0.6182891265058928
-0.6258820838967278
-0.33919438116016015
0.28060685624105214
0.70013088142731
-0.0794218304887746
-0.5528834539212776
-0.45771999234491006
0.6929005221600968
1.4668786582641042
0.4814125624747311
-0.5977632805232015
-0.5928735904580419
0.5152607748618144
0.3268805310381277
-0.1247286537471174
-0.23228915299238226
-0.6838328198740398
0.6613347105619847
-0.35507024338259374
-0.5800931463328142
-0.005084099066092295
-0.2122078123978212
-0.28795684507132
-0.11613298005046854
-0.6531712045767029
-0.17849948353068648
0.5843319905009312
-0.4155605592378791
-0.6046035957493334
-0.5944635196411272
-0.3607249917095094
1.2779689670405932
0.2613198072646478
-0.49619496927616186
-0.4738770847747074
-0.3468813974922744
0.1940247473905545
-0.2312790861834049
-0.3823722786881832
-0.4216707529601926
-0.0021892907834737676
-0.05257976664499149
0.7915078774782851
-0.18082157866800588
-0.5956708150768865
1.7814551405327088
-0.6062927805013046
-0.44423285414492475
-0.5320929449656232
-0.13226393925054342
-0.5058877351718409
-0.4148729374337961
-0.15395687061900953
1.4630927537693414
-0.1523536986942609
-0.5184740355463937
0.3550540660354475
-0.6698739010369744
-0.06022717562644547
0.7875730097058858
-0.03561506622739187
-0.1367446975706713
0.995710376011502
0.0006062631198801358
-0.626060618624729
-0.5025367746668399
-0.48863852357415044
0.8590485927910575
-0.1483517163618191
0.15967293362469243
-0.38255899042556674
-0.5251065238074556
0.37606483955237274
0.21533991579821682
-0.1857805215419357
-0.283976379972344
0.1801910301659072
-0.5672100389137924
-0.5351960156668857
-0.20704222759303295
0.01672024584677563
0.17317964931993493
0.3140624727568774
-0.7014885902278276
-0.34684616948286817
1.1410578974194496
0.5903112756776885
-0.13868648278974896
1.2181364430199226
0.1294554749999245
-0.17519588913896536
-0.20386892264922957
-0.42151163769354993
-0.16150440332020108
0.34153205328724234
0.008720217908531187
-0.4685511480853522
-0.35049634283300835
0.544507389659093
-0.41571284036781664
-0.05138322268852829
-0.4559209971458322
0.7967900512853642
-0.06738720767528983
-0.3384441122588113
-0.0027847503690595615
-0.1639464118098028
-0.5631649839920534
-0.18217675999012298
0.058255753691085474
-0.4957054540893917
-0.0033211320823817577
-0.18534213537894104
1.152499011493777
-0.31814076272381053
-0.579548491668118
-0.4884524750347213
1.3012226805127538
-0.24852030020505256
-0.6287085226119365
-0.324923397713013
-0.5056694590053361
-0.32900080945022814
-0.22987001470160773
-0.7418734507922718
0.6353477440179927
-0.23866050009182696
-0.5817492558651984
0.3211254245824212
-0.40431227581634005
1.5952326224068907
-0.5243056134534131
-0.40488521081125645
-0.6020557723510894
-0.6717479851994178
-0.6600970807565422
2.2330709869269327
-0.6378740780187111
-0.36487046708495247
-0.6839322918472913
1.9927452583426453
-0.2842408800161559
-0.598494149622551
