182
-0.8968252022939308
-0.5572827635506109
-0.016412568917207396
-0.916226423996156
-0.7133194810341971
0.04262871666841596
-0.24865818568459966
0.6185440940499577
0.07603324340165313
-0.31865339395104325
2.9387276573595247
-0.39400177414169185
-0.8162128450877029
-0.5971759071881746
-0.1557261343021724
0.04369080843782018
-0.24398306259632976
0.4721922721996437
-0.5377478707859852
-0.24698236342923832
-1.3504556913699204
-1.1449596228928869
-0.5872290614226663
0.17057769554295454
-1.2048353394985947
-0.3022203144640161
1.3684401786643137
-0.7709295890030369
0.6254394671954118
-0.5652863331090583
-0.6123818391740862
-0.5672697385181179
-0.07662114017403901
-0.366182603694538
0.1811489347896973
-0.5683981284829682
2.6943442191676983
-0.8606296834470587
-1.0238637365700634
-0.4077475723199973
-0.8352232806125346
0.582748822614384
-0.7833463053891551
-0.9804327777793798
-0.5626932352828983
-0.5941863926328347
-0.6803556024876605
0.9324982792300582
-0.32468149875606755
-1.0251614008333694
-0.2239321695652994
-1.0657636089857692
-0.7348168575107277
-0.5757524055154071
-0.8189393870028379
-0.8340007610973968
2.336963435916905
-1.0736252737290968
-0.6527610816665207
0.4393925115184673
-1.1207378037508804
2.415220107814908
-0.03886528045914831
0.2420446559456185
-0.8082247338995092
-0.7503376892514421
0.15979642925334264
-1.1669083821884114
-0.5345588883307445
-1.0899671737229901
1.0424610078034948
-0.11364749715262396
-0.7911536273941565
-0.761755517572199
-0.1468242536596656
0.36522112667442397
-0.8388654226802793
-0.7070266898199814
0.24728880398779376
-0.20393930778479982
-0.8399259989484312
0.9101157432716539
1.5607114561388924
-0.5919765928843443
-0.2740709413913431
0.6460999200665632
1.9521936360313457
0.568527345820665
0.8099701233393901
2.9866415352794466
-0.7817233184978524
1.072961536643914
1.3921907411369667
2.574339077014251
-0.6040417662610875
0.7731608809687724
0.868819103186387
0.8279397011033146
-0.47371745105199536
1.9374595620540336
-0.3495355888942266
-0.8591615723887162
-0.758984234637725
-0.08586311148830209
0.6595559958231081
1.726949592120037
-0.33569263043256903
-0.18588659713037128
0.48545269674425917
0.007007126525123082
0.7635452729339521
-0.8615816868867645
-0.48123508513983093
0.017515788445376584
-0.792618499431196
-0.09791823526809702
0.6230639618510075
0.5696978337713
-0.027832151651892498
3.0665407452851903
1.0643558866094256
-0.5480027277130637
-0.0602345939752609
0.8245823420787555
0.5068295740132213
0.6096109767487221
-0.4021009358653781
-0.8329622871058407
0.31683145631822385
-0.2769789375265737
-0.7615390688453858
-0.6949589553988722
-1.25611199581082
-0.11637725347098588
-0.8768411298356859
-0.8218775387262379
-0.621330182871715
-0.5066635683944696
-0.9476219699705463
-0.4293462483184096
1.0097903257967713
-0.4337143517597306
1.6044304068896316
-0.041708803041292666
3.0689454111505423
4.064095670887595
1.4492252857659522
1.2449856662533998
1.0166319489414066
-1.1492868411423518
1.1045767378045894
0.4801730968778225
0.7557263894427564
-0.12420175254223544
-0.2640121783478213
-0.41704644977769356
2.2905939049154935
-0.3960195200031392
-0.4803342063260094
-0.6949127032984564
-0.8230198427763408
1.1159630340141513
-0.6271919748470661
-1.0388066144299044
-0.8742467797498256
0.5269772154691128
-0.5876443697824266
-0.83762309967227
1.686773863898198
-0.13760671633502633
-0.3247250427359028
0.2738508802236635
-0.49912665539152556
0.04758363058135314
-0.4821575312412677
-0.9766995605790881
-0.15517491853977858
-0.5816597094303202
-0.5409997264041818
-0.5543738282461725
-0.8942085222925771
-0.4604783159519574
