182
0.5925015855273243
-0.7733355858524841
-0.424346634115516
0.12216826002397568
-0.6834034913375501
0.9990868678766335
-0.7759986351990921
-0.8804886133606522
0.4864957862043477
-0.6910924217833865
0.1998051586483517
-0.021744706147719787
-0.19996657764192563
0.3326247723727919
-0.7726659429124559
-0.18041345463635436
-0.562231329102851
0.15717328570568767
2.185132546409621
0.14201403589614084
-0.8417551798887569
-0.6401974952154786
0.018654598813421363
0.14519454799594242
0.253869596444315
-0.19410069409265804
5.4341168029187354
0.09506249582130755
1.906308378826339
0.6447203363575382
-0.4404781750174422
-0.25358800828808076
-0.46003526669795586
-0.5291262735516701
-0.593622676331135
1.4011486109466087
-0.03105177400783569
-0.9722483818031553
-0.04786395384172034
-0.2291176819405552
-0.4516778966102104
0.6730334626333336
-0.1602597207106526
-0.3688488799390181
-0.7030399230286118
-0.7696183412257167
0.5701161447505024
3.8263234518938507
-0.6425833863037814
-0.7709404145566918
-0.8690274948276377
0.14213834110883597
0.8033190415429085
-0.5616076280907825
-0.5511538550606153
0.8912084449391939
-0.8563457444127611
-0.7100954573925023
-0.6673835890130391
1.65727870854704
-0.4635456840223887
-0.5691482898615718
-0.31042376147416917
1.989468252293289
-0.3077913268089405
-0.38410658600325603
-0.1545482105142608
-0.6503484916315689
-0.7875213545218038
-0.5539214133530771
2.1672880796112217
1.16730781455455
-0.9422113551261511
-0.40569259615945075
0.012920986646375431
0.46212877252369866
-0.9527057863515298
-0.21003110911630646
0.5975080252140056
1.1275130643309872
0.2940562432677091
-0.9202571123407959
-0.5862860804954936
-0.8517381884718116
1.3228443087863306
-0.8091046381799541
-0.10317585834375424
0.4403452621983209
-0.6136443194491121
-0.3336721553086548
-0.7649809754095365
-1.042788583436545
1.329275211490636
-0.8835003809496136
-0.3507669403814932
-0.6364801866201892
0.16464654574513843
3.41417320631791
-0.10509314309976636
-0.6839001933108452
-0.44297351733577855
-0.9960910676946131
1.2286631868768838
-0.6201803813878837
-0.5619894993528052
0.20646809095524138
1.8997830290342446
0.023676474489703215
-0.8163221454890109
-0.45566910812352684
1.349924053165507
-0.1212887759882506
-0.8474431546017617
-0.9699694481714612
-0.4270329235919959
0.8064866154198813
0.11759054239496453
-0.8542108031778662
0.07399277414118921
-0.5335245252602455
3.4786821007490816
-0.8710720119062506
-0.25182353875821595
-0.9749048931036218
-1.0292070256745844
-0.36089497478286203
-0.35705634712525025
-0.27022634414727265
0.8428649239357648
-0.6562016487518993
0.3097149892474483
-0.013436889662238903
-0.825054550154816
2.8302272831150557
-0.4827340126459814
-0.4365351051376328
-0.6500223308784999
-0.6153718971425
-0.38819470219636154
0.5678109697637058
0.4237598397771721
-0.8071767955994062
1.1714221748211502
-0.33686427285053855
-0.8373533135381865
-0.5492219918899053
0.9768561779162281
0.2463180511900459
-0.26636654270339866
0.5514951982301389
-0.7242951926731718
-0.004560557471765455
0.9857962565870246
2.5525198345050013
-0.5115801767038052
1.912318420289444
0.35278208794340304
-0.7757419746309301
-0.8424026786837672
-0.7588666242414847
-0.5369702319934957
-0.2290528767692202
-1.0290927860678236
0.03294800222476389
0.5257264138039601
-0.3994775511180813
-0.6481355916532121
-0.15560198857639165
-0.34321995880901934
1.0138833710092519
-0.6011503281843597
-0.6107166530384588
-0.5649619492182687
-0.3592820124604428
-0.8410795321440168
0.09498938062735918
1.047350880222066
1.618267598358162
-0.5753524339632756
-0.7098562317801255
-0.2741865709103894
-0.6304513113821821
