546
1.55399
1.59825
1.63425
0.115689
1.64442
2.11982
2.1694
1.95453
0.0099435
-0.185291
-0.302173
-0.347928
-0.466376
1.54654
-0.45589
-0.170049
0.983838
1.06122
0.822499
0.198616
1.00854
1.10224
1.17178
0.563549
2.26427
0.623124
0.0754367
2.58156
2.57571
2.59938
2.83252
2.7108
2.94483
2.34752
2.52668
2.48339
2.4891
1.49314
0.330336
0.366451
0.26883
0.427322
-0.120471
-0.0151231
-0.296481
-0.323785
2.68613
-0.309267
-0.246419
-0.342598
-0.473904
-0.373041
-0.301447
-0.146845
0.35319
0.20154
-0.0337978
2.43517
-0.393503
0.0802527
0.0470235
-0.378713
0.186125
0.654437
0.566843
-0.345944
-0.529803
-0.669291
2.32329
-0.583321
-0.538681
-0.669792
-0.69747
1.5098
1.78377
1.84333
-0.616021
1.40228
1.35833
2.13949
1.53989
-0.114448
0.0150519
-0.00312026
-0.18132
-0.302914
-0.401259
-0.576934
-0.504952
0.0272772
2.05885
-0.0344469
-0.0365861
-0.482604
-0.563009
-0.525039
-0.420822
-0.266263
-0.128668
0.179008
-0.0261888
1.69343
-0.0691098
0.680165
2.09243
2.33309
2.33613
1.64973
0.363804
-0.0702953
0.134021
0.136942
1.92438
0.881453
-0.142517
0.110857
0.227213
0.163158
0.272289
0.254059
0.364215
0.246285
0.375003
1.62152
0.938435
2.27183
2.36025
2.32838
1.53268
1.48551
1.35593
0.179169
0.721449
1.11311
1.39449
0.628225
1.34401
1.02661
-0.56055
-0.513187
-0.138679
0.0971617
0.715345
1.79668
2.88873
3.05433
0.504959
3.19832
-0.0259536
0.236522
0.143964
-0.0977771
-0.197144
0.0507132
-0.255267
0.453264
0.0919335
0.257152
0.039285
-0.458944
-0.542384
-0.529226
-0.109935
0.165914
0.165486
0.284227
0.0717033
0.102363
0.331073
0.362627
0.501005
0.517501
0.219655
-0.241681
-0.269593
-0.17706
1.14359
2.00658
2.05612
-0.236145
2.153
0.80712
0.264089
0.0882457
-0.34771
-0.363826
-0.473289
-0.0206348
0.066759
0.124569
-0.0619081
-0.323236
-0.238617
-0.119533
0.182386
0.445828
0.421684
-0.569847
-0.283667
1.37439
1.42606
-0.010638
1.15681
0.112161
0.00624812
0.0323337
-0.359041
-0.441241
-0.278144
-0.203092
1.31284
1.95576
0.621899
2.12349
2.01571
-0.561617
-0.359266
-0.345523
-0.542268
-0.767523
-0.682329
-0.506512
-0.343658
2.56259
0.471502
-0.226239
-0.643974
-0.640778
-0.652037
-0.468942
0.0875963
0.0827441
0.236933
-0.462342
-0.441333
0.603941
-0.662318
-0.641324
-0.544323
0.663216
0.529885
0.609902
-0.542809
1.74827
1.96585
1.6569
-0.212199
0.669169
0.31891
0.392001
-0.245519
-0.767146
-0.690134
0.584315
0.522916
0.58845
-0.239509
-0.188357
-0.134423
-0.0962967
-0.157975
-0.268352
-0.561308
-0.396405
-0.515004
-0.510009
0.318476
0.211366
0.63108
0.449234
0.503797
2.06511
2.295
2.30693
-0.520432
-0.413484
-0.427187
-0.29767
-0.0936788
1.10728
0.222988
0.120349
0.0203212
-0.0293077
0.115766
-0.586897
1.2108
1.52684
1.43172
-0.539234
1.38382
-0.574936
0.545657
0.657279
0.573777
0.851084
0.901859
1.02357
-0.288029
-0.0522616
-0.220856
2.02447
-0.0757912
-0.107974
-0.61878
-0.121274
-0.342031
-0.421998
-0.355141
-0.0209041
0.669337
1.14537
2.3393
0.464152
0.719275
1.24675
1.96198
1.8109
1.89626
1.68855
1.74759
1.66422
-0.320885
2.88537
-0.598692
-0.699719
-0.708161
-0.727985
-0.43464
-0.287068
0.0447587
-0.00425298
-0.487442
-0.563272
2.5959
2.88857
-0.518193
-0.0394198
-0.0521135
-0.0728263
-0.313443
0.121402
-0.260988
-0.153923
-0.430846
-0.208623
2.82937
-0.12661
-0.407731
-0.460693
-0.565091
-0.649553
-0.376495
-0.239195
-0.0117544
-0.345051
2.1251
2.08069
2.4426
2.54592
-0.224817
-0.315822
-0.191408
-0.409018
-0.509554
-0.700891
-0.377416
-0.378006
1.97659
0.0914383
-0.501019
-0.388331
-0.362158
-0.310665
-0.139671
-0.18674
-0.435664
-0.375339
-0.522998
1.84844
-0.426221
0.461439
0.477123
0.433227
0.0153752
-0.307203
-0.619344
0.67862
2.10578
2.2898
1.56579
2.34845
-0.380877
-0.185538
-0.0530969
-2.03181e-05
-0.192175
-0.170517
-0.182969
0.52979
0.674999
0.252793
0.662487
0.129465
-0.029433
-0.58173
-0.121715
0.144483
0.109205
0.164034
-0.196193
-0.588264
0.152797
-0.643271
-0.115476
-0.0489879
0.0467766
-0.43066
-0.548265
-0.585404
-0.574327
-0.591153
-0.334899
-0.0245649
-0.222043
-0.178548
-0.150541
2.4496
2.69647
2.90879
1.93047
1.91543
1.42912
-0.100158
0.911024
-0.0602201
-0.228456
-0.725053
-0.663725
-0.507771
-0.398418
-0.385815
-0.7281
-0.835074
-0.568415
2.72917
0.964663
0.153585
0.603264
0.244627
0.388621
0.291573
1.43727
1.52938
1.48332
2.03938
2.28237
1.08025
2.26237
1.33571
0.0163476
-0.619801
-0.279388
-0.173334
-0.329365
-0.663492
-0.0663423
-0.102169
0.106588
-0.15231
-0.250648
-0.375097
0.132589
0.0967217
0.448735
0.510158
0.413763
0.969208
0.956757
0.590656
1.08003
0.147332
0.273455
-0.217198
0.929042
1.29029
1.21743
0.519992
-0.289945
-0.265377
0.278252
-0.202579
-0.368163
-0.549995
1.63085
1.61694
1.66091
0.493726
0.21168
0.29055
0.190112
-0.171216
1.1757
-0.385131
-0.312428
-0.161496
-0.162441
-0.00679805
1.86639
2.44019
2.63498
2.73722
2.14035
0.236697
1.68182
0.0483381
-0.0288824
0.0616662
0.0965284
0.0474183
0.296305
1.03096
1.16219
0.987599
0.771644
-0.0134683
0.383461
0.249313
0.271854
0.300863
0.621834
0.484592
2.0093
2.08901
1.98855
1.66667
2.18406
1.90898
1.88734
0.1295
-0.113375
1.64326
1.62019
1.68252
-0.274251
-0.240955
