546
1.61711
1.63508
1.82317
0.11959
1.66014
2.15573
2.35422
2.02181
0.0976054
-0.0895698
-0.195741
-0.418891
-0.266073
1.5016
-0.41729
0.0765995
0.955628
1.1332
0.971549
0.290302
0.98124
1.01697
1.09517
0.675664
2.26462
0.779046
0.389366
2.64063
2.82399
2.91321
2.97007
2.90209
2.87126
2.53433
2.64514
2.6238
2.47803
1.51506
0.254051
0.39231
0.278715
0.48643
0.000140906
0.0634012
-0.179099
-0.116356
2.60894
-0.154311
-0.152124
-0.2073
-0.407882
-0.316458
-0.114861
0.0340852
0.445094
0.198503
0.185942
2.49952
-0.134797
0.136519
0.110568
-0.204446
0.189693
0.554588
0.553928
-0.261246
-0.467221
-0.579927
2.38719
-0.411595
-0.356777
-0.42111
-0.490421
1.53093
1.78634
1.74051
-0.366136
1.34969
1.4452
2.26563
1.38956
0.0293412
0.0105568
0.153223
-0.141093
-0.10929
-0.151284
-0.370655
-0.299603
0.228136
2.18012
0.365186
0.0338763
-0.404433
-0.504722
-0.441987
-0.295764
-0.307179
-0.0851526
0.173959
0.039485
1.58765
-0.0105475
0.726905
2.16142
2.39233
2.42635
1.529
0.316784
0.273823
0.321909
0.618494
1.93722
0.948591
0.363732
0.578135
0.62033
0.511727
0.71026
0.621457
0.580235
0.387469
0.341119
1.66228
0.917914
2.30294
2.47733
2.18433
1.54522
1.59354
1.27135
0.396145
0.830316
1.177
1.38609
0.703815
1.35807
0.812603
-0.322483
-0.317898
-0.0576004
0.236277
0.722749
1.82246
2.97427
3.1679
0.512718
3.07656
0.0176578
0.278529
0.19221
-0.0870765
-0.0100676
0.0677057
-0.273879
0.432907
0.252613
0.351859
-0.0244811
-0.242791
-0.436441
-0.264647
0.176247
0.538424
0.433139
0.420268
0.309533
0.191493
0.347703
0.40431
0.517247
0.562299
0.312501
-0.158417
-0.21724
-0.18657
1.12912
2.00312
2.1837
-0.181234
2.0847
0.832953
0.294655
0.068162
-0.397407
-0.160478
-0.408359
0.0205665
0.157795
0.120283
-0.0095667
-0.331733
-0.214668
-0.0202676
0.179049
0.332369
0.410257
-0.505655
-0.198966
1.23154
1.46079
0.155387
1.10621
0.316805
0.019146
0.0257686
-0.204
-0.448426
-0.330102
-0.304816
1.19669
1.96722
0.685488
2.18043
1.97377
-0.548191
-0.463443
-0.298982
-0.496182
-0.698926
-0.707455
-0.44581
-0.315253
2.56895
0.628306
-0.162926
-0.473851
-0.601954
-0.610493
-0.329002
0.103233
0.260551
0.152406
-0.411363
-0.528475
0.538302
-0.501681
-0.548831
-0.439114
0.72044
0.544261
0.711709
-0.391046
1.72127
2.03428
1.5947
-0.213015
0.734932
0.534282
0.467966
-0.156707
-0.615515
-0.741951
0.574233
0.849004
0.470475
-0.210499
-0.0954674
-0.213305
-0.176518
-0.121747
-0.120263
-0.467321
-0.328388
-0.37756
-0.476009
0.303744
0.490356
0.68282
0.331662
0.401112
2.08833
2.31872
2.30466
-0.412423
-0.536552
-0.405064
-0.217839
-0.101272
1.014
0.169205
0.0762876
0.204121
0.0291328
0.0474861
-0.536038
1.17693
1.42929
1.53658
-0.585505
1.3865
-0.515178
0.516415
0.534506
0.652791
0.924078
1.24259
1.05357
0.244215
0.225267
0.00879153
2.04194
0.0718298
0.0923212
-0.438793
-0.112171
-0.153164
-0.221305
-0.257401
0.0544009
0.535848
1.14955
2.45925
0.625669
0.691127
1.14392
2.02559
2.00582
1.85086
1.79764
1.94421
1.55879
-0.215424
2.9322
-0.510463
-0.62626
-0.695155
-0.595498
-0.649421
-0.259529
-0.0454818
0.00568005
-0.521077
-0.595781
2.6992
2.97564
-0.431966
-0.0883033
0.128026
0.0562352
-0.281307
0.121677
-0.191027
-0.0140608
-0.225316
-0.248123
2.83443
-0.20743
-0.3588
-0.40898
-0.445252
-0.590041
-0.305325
-0.168106
-0.0836633
-0.179672
2.19454
2.13519
2.49539
2.45306
-0.219092
-0.165704
-0.139808
-0.430497
-0.562741
-0.547375
-0.381005
-0.254163
1.95864
0.0882396
-0.470509
-0.354442
-0.2676
-0.237417
-0.187714
-0.306016
-0.377481
-0.328076
-0.533307
1.91159
-0.453649
0.379328
0.448578
0.508031
0.131194
-0.410929
-0.584593
0.713821
2.15886
2.3983
1.45676
2.28734
-0.306893
-0.145283
-0.177181
0.0030655
-0.195201
-0.0319869
-0.154168
0.545594
0.686433
0.400857
0.75409
0.223224
-0.0924181
-0.600051
-0.174599
0.124333
0.235269
0.0538305
-0.195558
-0.569638
0.280743
-0.481887
-0.0818704
0.0310938
-0.0606665
-0.234952
-0.498418
-0.516077
-0.501673
-0.481781
-0.406171
0.269742
-0.253613
-0.187105
0.0632851
2.46405
2.70332
2.90385
2.02094
2.09627
1.35137
0.0307972
0.881202
0.110294
-0.315738
-0.619043
-0.54509
-0.460092
-0.436679
-0.354333
-0.736671
-0.826082
-0.452539
2.72445
1.01079
0.144527
0.687296
0.384241
0.41944
0.392497
1.39282
1.57656
1.37335
2.14757
2.36219
0.990528
2.30024
1.25231
0.0377207
-0.508461
-0.258094
-0.142476
-0.220674
-0.609745
-0.130578
-0.0314284
0.268541
-0.278212
-0.287956
-0.300222
0.0676432
0.293111
0.559601
0.550859
0.511626
0.973984
1.01818
0.625375
1.14956
0.592391
0.505
0.0401946
1.03102
1.28392
1.24946
0.595644
-0.000638275
-0.139486
0.475707
-0.0142562
-0.0910394
-0.329426
1.59153
1.76379
1.65911
0.58202
0.338616
0.367664
0.174457
0.0164667
1.11782
0.0421556
-0.107383
-0.0701071
-0.0943682
-0.0170494
1.94321
2.691
2.87504
2.72061
2.15061
0.37638
1.51662
0.0656656
0.0831449
0.0855644
0.204028
0.189431
0.358192
1.05249
1.18798
0.957073
0.779947
-0.0497103
0.32647
0.326841
0.332407
0.435725
0.673307
0.673858
2.03031
2.22866
2.07464
1.66975
2.13542
1.97635
1.95789
0.202336
-0.0714194
1.66505
1.80827
1.57754
-0.145977
-0.0502508
