109
-0.040398042381106614
-0.05346778110417705
-0.04707447987361246
-0.02088439521721669
-0.02309678088800493
-0.03745439853379695
-0.03403241671627427
-0.028372348981215934
-0.03783394200478252
-0.00335661402061449
0.019503917477248944
-0.07802700545332808
-0.08915222419467328
-0.0529660927386747
0.011510312030799219
-0.009657901972466132
-0.05996139151568736
-0.034428786483594875
-0.011883403541657067
-0.05288777670554495
-0.03450657272925062
-0.009299805569110364
0.004998806980432535
-0.07590178750895715
-0.05869906531361063
-0.05517593970428225
-0.08116240652427481
-0.033920001031197244
-0.034754767865243896
-0.03315132893234041
-0.07153058269221801
-0.06296454834336784
-0.021638498894421876
-0.035975589266141195
-0.05386119920780247
-0.05346106546996099
-0.05362413176944075
-0.06411818744711567
-0.06353366496421442
-0.05084429150260572
-0.03320121852458552
-0.04275093748819747
-0.015312525435951463
-0.05240121933302688
-0.03465566273702647
-0.026339584224166768
-0.06326138110947965
-0.03288669457492799
-0.06253444792529828
-0.01897397548323948
-0.056131932064323875
-0.0792253334946535
-0.036063108274589695
-0.07300836481432643
-0.08053311100451932
-0.0622847751333252
-0.07686358498860657
-0.02735905272817879
-0.03281140661564991
-0.032848507736198296
-0.07988404945970606
-0.042833862637805586
-0.035784247587068996
-0.04807769365190828
-0.06462524357961547
-0.060520705343200976
-0.08141124076334622
-0.05549182343425263
-0.056609320772743665
-0.062466078189369334
-0.027246292236408398
-0.06415343555916508
-0.06287438818447105
-0.047522892320806365
-0.038741128578498873
-0.04004865809674296
0.05435444478643059
-0.0834757071188299
-0.03544735372505392
-0.016464963960546086
-0.026943470035181993
-0.03957625812023863
-0.037559192799778596
-0.0324996263552248
-0.0044871160076006
-0.024909891513805127
-0.053064372305213825
-0.002693057093315354
-0.07675111391516415
-0.0380918447558114
-0.038715366891067804
-0.07157811756289773
0.004532887017373921
-0.07351502715516955
-0.05350717607517885
-0.06632608419294556
-0.04281138240203802
-0.030119206848830682
-0.0646574861297568
-0.0005438344396190842
-0.05839650819816905
-0.04253378474519676
-0.062273955032096207
-0.03598174979196217
-0.06700849036205075
-0.06067593432730134
-0.010380698543270284
-0.07852262750664712
0.00036255629307940795
