546
1.419391603435054
0.7903051104537305
1.2887930966333467
-1.0982316824624412
-0.8600159000520453
0.949711754530831
1.1025815498793672
1.0044216477344674
-0.49235127969191217
0.34235505321565773
0.37032051693671864
0.7939993109494793
-0.3541727010778
0.9864766770081878
-0.8755739673242416
-1.0946495794733122
0.4497371217075385
0.47664482022536303
0.21836334109566896
-0.9402037846944918
-1.252569467912981
-1.1984796468026504
-1.0480751663136298
-1.0483391009498744
0.5774221781707158
-1.277444125623367
-1.4526825730618635
-1.1619088551582135
-1.274458989555781
-1.0094933894980254
-0.9001648635697101
-0.8596687840470687
-1.1600804420652466
-1.4371300303252899
-0.5252220139354858
0.23648215179681348
-0.4114481868198824
0.14619586450606076
-0.6546317604271248
-0.6272948500555346
-0.7076145802083381
-0.9108399017196384
-0.7960448734251979
-0.5668534756575933
-0.692182975937761
-0.7747908265349867
0.45088114290038817
-0.8508716998937033
-0.8111165888525066
-1.178325464449554
-1.2380919033790765
-1.2285601426497184
-1.0907311478713957
-1.055938727008981
-1.1969831715093917
-0.6909962977196142
-0.4188809789770146
0.18181912864444863
0.5148284200086486
0.5823770681473739
0.694774709744387
0.5201011906563136
0.3650579896978236
-0.6871638905072436
-0.7790218012104297
-1.0113746004266726
-0.998223819510316
-1.128376109668939
0.3497979100556389
-0.9540346751685046
-1.2997950524269464
-1.3352507291085314
-1.1706027644748966
1.2436687606679233
1.5670047102640507
1.540038023812312
-0.5584985088268041
-0.3797220890974952
0.21936601063012715
-0.32827880503950335
-0.034116766089143796
-0.44877068934353725
-0.5280133883862296
-0.5218747756921231
-0.9032776556278941
-0.9893520689933606
-0.6486956754835067
-0.44932686558775387
-0.7098284222082815
-0.22659625604387293
-0.07768304185219185
0.5030220160745641
0.5768900708456816
-0.5965551885091588
-1.046144029370328
-1.2764854741216929
-0.9370257564819789
-0.5438319183142993
-0.4774514299672873
-0.2082553166806515
0.1012508761484894
-0.25082251079103063
0.07422713080502283
-0.4602604542624572
-0.7295471540736803
-0.15627245681310475
-0.2879775825919565
0.1543672752460715
0.034576100850153245
0.18348091732665633
0.659710803711226
0.5074716825513695
0.9571255679079828
-0.5549103203367487
0.7841761510420074
-1.019500885757504
-1.0990163108055875
-1.2719713060432667
-0.6434568649563788
-0.7165631963190209
0.8105682552369613
-0.08004843316898672
-0.3315962702433199
-1.6739811977886236
0.4299935183450842
-1.7450959109457105
-1.5692341013964017
-0.7919510851941997
1.0303979818902431
0.9739152753477344
1.1167369260461628
-0.3185332937167367
-0.08657798234605663
-0.11790857926106182
0.06273539527640391
0.3582461434057511
-0.86474816343009
-0.9015121793126089
-0.8507337556926177
-0.7137878942931053
-0.9114264278454665
-1.3294482540221293
0.12151168495790626
1.1612598092703714
2.26236561986246
1.1309571265681944
0.09549085735360131
1.096787945955139
0.07594496006733387
0.1939938631273003
0.459897285554531
0.4542411911406756
0.6319333408714579
0.554807001333571
-0.030841636984027875
-0.13978395043575317
-0.2999828937273952
-0.22984311803987187
-0.5707454279929675
-0.6391989149311096
-0.24703514261474485
-0.3705791676368436
-0.02321602694897149
-1.2404311898299563
-1.17217540940711
-0.993759709374084
-0.8914633341119326
-0.31478921845200014
-0.13384163626335016
-0.6480461080551458
-0.7285103933120167
-0.6090043055972315
-1.160345436412338
-0.9963324979616096
-0.47871512604027844
-0.40895554826822245
-0.7040605176377653
0.5344697946883001
0.9472262494902434
0.6818579388600212
0.3903560945158208
-0.5636653398095041
-0.6498281462875771
-0.5063952441844248
-0.7396429926514542
-0.6001930326192755
-1.223460898808631
-0.723508907759617
-0.5050454833054292
-0.6552455024432647
0.8638567892936088
-1.1387980373692665
-1.162189818296495
-1.1048876048239071
-0.27799588593911956
-0.23322990909434838
-0.0798910481808057
-1.2823313993580845
-1.3602419233846075
-0.3299400120276725
0.2659546435504707
0.9723638454775279
0.4421886235851087
-0.6948463363747178
-0.734577016281184
-0.8103989498914155
-0.7229656298252654
-0.8374501349540939
-0.5317170893802833
-1.0853544695435995
-0.5473631938198446
1.1161180594159659
0.715813245231372
1.0335622320489144
0.6956260303422199
-0.5103501716893513
-1.3022000025031306
-0.5917780241044515
-0.9062142977137377
-0.6807488692465974
-0.7385685285488794
-1.0906645217956585
-0.9585185329564845
0.18027368076598518
0.1390329583763694
-0.4443033840030315
-0.8389096713464376
0.26163176604700095
0.07790925872703643
0.31534581453466615
-0.566879696856855
-0.829944078679521
-0.7056505018823015
-0.051466584657170605
0.34740539257557196
0.35516450492738727
0.0007902061307917798
-0.6354797791408952
-1.230021213730455
-0.9549239705832204
-0.7839740945175024
-0.38275891492179437
-0.3876110047362526
-0.5247872789331149
-0.8923479198634315
-0.8789701133403619
0.6045637346095426
0.3036889937309674
0.05974777208576766
0.556382893920903
-0.14636629757838335
-0.6309741167734326
-0.8219464640249523
-1.247875643800363
-1.4295408601623634
-1.4465930307420076
-1.1613029440896665
1.5497606328145386
-0.8406482856754249
-0.5792005246486776
-0.4611641214084205
-0.871537898334829
-1.0962774582635975
-1.3322501836632181
-1.3341660274012919
-1.0253514419017187
-0.3509568885960285
-0.361530160911829
2.713150973638587
-0.3129348641082906
-0.6274616674765588
0.6461035097916893
0.3803531373761168
0.38091114452820196
-0.7270083654933713
-0.9279171821644334
-1.0947106170434524
-1.3976143953365165
-1.4005182515835355
3.7296271302478425
-0.7654151008238924
-1.1429959249765407
-1.080703835417564
-1.041154506463228
-1.2526777015105015
-0.7986596133291202
1.3943052485146155
1.198010329584493
0.4147920168704189
-0.9182131517842165
3.331321054812654
-1.4156050264130213
0.8908093286495649
0.6239958387180395
1.3991876663228913
0.8409282761581087
0.7980452856076115
0.4513598462471529
-0.43465933141572327
-0.5319547902176507
0.25133264316875026
3.1062143184786772
-0.33808073689666374
-0.744095322496013
-0.7051908986087169
0.11927929725103405
0.30226605147080754
-0.27696553877729785
-0.2252094578693728
-0.8239742780835125
0.3170697674530049
0.10814877342316526
2.7716742178001175
0.7935266338835084
-0.34658515931459877
-0.4167321994543509
-0.2681032592710512
1.048343199879167
1.9256729347626964
2.4987138766542443
2.4058401825641784
1.327109855269122
1.3303181767531596
3.823408895196301
0.050024604216745656
0.29852469739977927
-0.38344950705356684
-0.4160267835319168
0.02884030461966675
-0.535902630546544
-0.49869986964520546
-0.7490262484596957
-0.6401648467626305
0.09306820352565888
0.014719900586798942
3.1305331468356012
0.28266862926484043
0.31050068604294623
0.004959462563722209
-0.04066855985283497
-0.2196037817433034
0.8164375745447222
1.654081454981292
1.4591824564346232
-0.08850237666275027
-0.30796225102633534
3.165489653061806
-0.13586438422786412
-0.3851815283486282
-0.35667140034795725
-0.11951998832814482
-0.4881538664814552
-1.0034489726906217
-1.0286459967885404
-0.9694695727654892
-0.5479326400272144
1.5208065658613288
1.5464189917850457
1.651171065190226
0.9898360331988605
-0.7260013430188514
-1.2034411063203798
-0.9548875861470129
-1.1828756762658597
-0.6025350399742313
-0.7764840346048707
-0.7935025445712836
-0.8559096308804829
2.829757976167496
-0.4651568124719026
-0.03400991601414766
-0.1947646498034856
-0.10975234148387782
-0.5417635097422963
-0.4253156566311366
0.18247766974728408
0.5930936617301424
0.031748674570861134
-0.7462549124832561
2.1570598832012036
-0.6952142809556282
-0.6013424370054017
-0.4310529157065628
-0.717598112465723
-0.6849370647936307
-1.0767284817650735
-0.6787698667115049
-0.2644342190343075
0.49362594761571377
1.0618665208727522
1.0453424024143052
0.06566423186847378
-0.4858944744185868
2.0014830669394765
2.421549670540754
2.2446895741175235
-0.42740978494257686
-0.803316472530261
-0.9195726694359008
-0.6222613727197643
-0.0795925584349064
0.43400310251373997
-0.17478324121606065
-0.5670112956608329
-0.9778745440260717
-0.536790961648613
-0.7208196509809551
0.39378460128528986
1.0654317367133697
1.0365694903252647
0.9990441960618336
1.083817654371352
0.04427671659429904
0.7724418185390697
0.4838766367155627
-0.030447742674401975
0.1349573187826095
0.38730028588925464
0.19256292599018976
0.4158498714085569
0.4184299978739582
0.5083071088438332
0.474664780436682
0.19299616256856764
0.20727987940229187
2.161923581046488
2.687417424543339
3.838100180400263
2.315652404406562
3.841433178204869
2.746257542767347
1.8531120792787232
1.2592637710668657
0.37280938141115655
0.6617517711366755
-0.057237086397526026
-0.3482977881691077
0.14994894566702563
0.5565661493266182
0.4438963556565173
0.6856110443265857
-0.3230378430797152
-0.28396342430236843
-0.09797652759543762
-0.17740138083988174
-0.2135730317294504
0.08883848679436819
0.005868117382023175
-0.06206960271872625
0.026138008444182376
0.3494019954898838
0.016107210861593012
0.6584938148916997
0.9466592647257099
0.8961826415545261
0.2778668674242643
0.20365199706088857
0.16815248820648188
0.0759795313536994
0.05169175848822186
0.10523174896659102
-0.11771082295800672
0.04951802539750256
0.1219909223907603
0.19043858557254756
-0.029391894658254036
0.196970722483555
0.24429152537730872
-0.3719840618865049
0.8244606174446768
0.5437463454820854
0.21759541155541137
1.3137977446816917
1.4892584349013895
1.2299242447361987
0.2715471076973826
1.084218291046586
2.1145300108490375
2.879885558809567
-0.00863335545969899
3.5347831374373264
2.0586252423884632
1.708611904806437
1.240070941228153
2.078243722173555
2.5292920527075258
1.55145532946385
0.7573866648084665
1.0501017181481096
0.3017277655086002
-0.16216237170851724
0.3611077570424851
-0.10885728361504454
-0.6661077467840564
1.6674754889012315
2.095610328415703
1.7407240047726311
-0.6249822593031935
-0.4595008393970575
0.019910718962103145
-0.23136312461207031
-0.3778767260444224
-0.3070712868212627
-0.6832137842274356
-0.6218097050392158
-0.562589514700001
-0.34781758427864684
-0.26123945685261213
0.40166401817258557
0.6488212798422744
1.0835266389161469
0.45114809720456084
0.8292557855092884
0.3255662511840785
0.5102173804665027
0.7884218873265408
0.9521570114040898
0.43857863595160973
0.6885113842771218
0.13305732268411863
-0.3067190028543002
-0.6400545755984086
-0.6579155543550486
-0.6767716447173695
1.6028744021772205
-0.6061499834715632
-0.24619384383937465
-0.02970520428888554
-0.16911152221324618
-0.8745145627852604
-0.2798705594792804
-0.38627913402091396
0.2488513225011165
-0.03972943557475087
0.017617542867865155
2.3744734219321417
0.7341796031204638
0.9351551156965777
1.1216220466838296
-0.268475758812126
-0.7373148600916796
-0.8039535591567161
-0.9469373813576041
-0.7250446027938271
-1.070501495896345
-1.1412818865176417
