548
-0.240645
-0.35096
-0.420774
-0.353038
-0.364255
-0.652087
-0.264851
-0.601274
-0.407866
-0.401297
-0.546187
0.0764705
-0.5972
0.372906
0.329711
-0.266135
-0.0523378
-0.272524
-0.365871
-0.352089
0.191088
-0.457665
-0.476049
-0.422062
-0.40646
0.199355
-0.232507
-0.40469
-0.328651
-0.194367
-0.336444
-0.305544
-0.415567
-0.29247
-0.428274
0.705227
2.05401
0.742514
0.179055
0.955678
0.78475
1.31116
0.369953
-0.388204
-0.2537
0.764556
-0.53244
-0.151601
-0.43928
-0.306843
-0.315618
0.910892
0.146376
-0.279967
-0.379916
0.310839
0.136684
-0.0759314
-0.0177976
-0.287705
-0.18949
0.0775745
0.162549
0.127481
-0.203011
-0.200268
-0.0400585
-0.206979
-0.424546
-0.173982
0.153603
-0.213932
-0.47555
-0.339336
0.0361174
0.323333
-0.17129
0.00669653
-0.275928
-0.210366
0.0789054
0.261263
0.178014
0.676226
0.747048
0.147156
0.0302889
1.08505
-0.0724024
2.14538
1.65606
0.615304
1.53371
-0.246171
-0.0821948
-0.514971
-0.424132
0.730207
0.570962
1.25171
3.71703
3.71341
2.82609
2.87555
2.28466
2.18912
2.25103
1.00587
2.28655
0.107934
-0.275569
0.204305
0.23152
1.54967
0.151327
0.0155867
-0.0220606
-0.388025
-0.360444
-0.532391
0.666351
0.416177
-0.142871
-0.367011
0.162563
0.229974
1.36159
0.253832
-0.504753
-0.355898
-0.17113
-0.241288
-0.306401
-0.409128
-0.501869
-0.42944
-0.356463
-0.660054
-0.208642
-0.0483672
-0.0611793
-0.491239
-0.466322
-0.184225
0.617738
-0.543969
-0.52061
0.419472
-0.621399
-0.0925465
2.15776
1.36492
-0.0858541
0.147395
1.09577
-0.190615
0.270198
-0.263283
0.745863
-0.0880801
1.03929
0.670995
2.61977
4.14634
2.83431
2.33892
2.7439
0.985532
0.552019
-0.104692
1.24842
0.750448
-0.0206649
1.42843
0.0650977
-0.323181
-0.297453
-0.591858
0.0436489
-0.00844822
-0.351423
-0.16114
-0.372227
-0.187397
-0.4314
-0.251172
-0.494266
-0.455136
-0.413555
-0.195898
0.268538
2.66701
0.791304
-0.451128
-0.129331
-0.0768387
-0.103273
-0.142904
-0.201482
0.00569978
-0.708635
-0.298869
-0.189119
-0.271713
0.838604
-0.197582
-0.475149
-0.536322
-0.481358
-0.312904
-0.489856
-0.114479
-0.611545
-0.628356
0.143692
1.84633
-0.188656
-0.160281
-0.537724
0.708965
-0.568166
-0.493823
-0.602355
-0.0451969
-0.435858
-0.227777
2.29933
3.98416
3.11108
2.73222
3.32447
1.46417
0.547186
0.210967
-0.210232
-0.585411
-0.48521
-0.507646
-0.604294
-0.291162
0.62369
0.454419
-0.253412
-0.460185
-0.04455
-0.418878
-0.249658
-0.493526
0.762281
-0.261293
-0.250192
0.601972
0.764331
-0.22946
0.261566
0.985146
-0.0766432
-0.303941
-0.383101
-0.197572
-0.10508
-0.158367
-0.374462
-0.131525
0.0653112
-0.149154
0.133625
-0.518008
-0.38967
-0.0801665
-0.645341
-0.00696091
0.0561837
0.724686
-0.193847
0.276942
-0.391089
-0.259296
-0.230453
-0.490607
1.05753
-0.403638
-0.329368
0.178901
-0.443315
-0.357956
-0.0232591
2.35049
3.86655
2.11845
0.700138
2.29796
1.07678
0.760682
0.780356
2.29948
0.460063
0.054572
0.162272
0.0643382
-0.00896232
0.279344
-0.0523798
0.537494
0.191344
0.0101226
-0.136956
0.00383561
0.212516
0.458882
0.0497895
0.179097
0.317472
0.0115871
0.130679
-0.133649
-0.323542
-0.493016
-0.470419
-0.428773
0.0100193
-0.059691
-0.503444
-0.562653
0.0189851
0.101724
-0.090302
-0.181161
0.0443137
1.26127
0.321394
0.178201
2.27893
0.132491
-0.150854
-0.341179
-0.497558
-0.436968
-0.435493
-0.175255
0.00254136
-0.277638
0.402422
1.37011
1.25709
-0.0599092
-0.139502
0.011575
-0.262302
0.911055
0.607573
2.27432
3.56621
1.59524
0.959904
1.00119
1.23063
1.05694
1.99075
0.623072
0.528537
0.319552
0.503745
2.7881
0.710869
0.406194
1.19864
0.931732
0.927068
1.96135
0.90905
0.407904
0.829892
1.23559
0.6884
0.829351
0.252641
0.348083
0.672554
0.745517
0.92129
0.600639
0.54601
0.665114
1.2384
0.792977
0.56509
1.77583
1.24561
0.969451
0.7435
0.843989
1.35331
1.40016
1.69644
1.52221
0.954045
0.707751
1.05324
0.923569
1.16431
1.30168
0.944517
1.56
1.08359
1.39075
1.04188
1.31916
0.683887
0.588441
0.879608
1.18014
2.32907
3.53428
1.55955
2.18315
2.80307
2.85776
1.25175
1.07983
0.602449
1.0348
0.229271
0.325001
-0.130716
-0.198345
0.186446
0.715672
0.349923
-0.0450749
0.101963
0.383524
0.144183
0.46656
0.641761
0.00366577
-0.139975
0.213046
0.164201
-0.0218183
-0.083694
0.0929276
0.421926
0.165744
0.123112
0.992851
0.791871
0.315749
0.421372
0.220122
1.16132
0.0760126
0.078961
0.0617035
1.13312
0.722777
0.530175
0.373574
0.510011
0.402315
0.699296
0.792806
0.476533
0.663476
0.621216
1.61111
1.1165
2.05524
0.498391
0.936439
0.745771
0.873619
1.03067
0.630141
0.447243
1.00024
2.34726
2.92164
1.47366
0.106387
0.114426
0.579151
0.171814
0.31123
0.310292
1.52061
0.0853727
1.72904
0.501074
0.288979
-0.071807
0.255548
0.0403198
-0.178529
-0.131619
1.01514
0.896664
1.92358
1.34362
1.0743
1.37152
1.03031
1.14427
3.32849
3.84607
2.1918
1.24354
3.61245
2.31243
1.16922
1.99368
0.181653
0.722872
-0.0296636
0.173881
0.0039422
0.642045
0.506891
0.611367
0.26468
-0.122746
0.0141076
1.11946
0.84176
0.66323
1.4699
1.22175
0.236726
0.278801
0.989575
1.47093
0.670965
1.69003
1.02542
2.03787
1.7626
2.56926
2.82925
2.26652
1.92193
1.51284
1.45124
1.62094
1.22436
1.03314
2.24197
1.04985
1.23203
