182
0.172175
-0.221131
1.16269
0.822356
-0.145262
-0.110456
-0.528303
-0.303937
0.330101
-0.590526
-0.275335
0.662806
-0.341055
0.276294
-0.812972
-0.514084
-0.654122
0.426511
1.03749
1.01711
-0.346053
0.730693
0.259671
2.44982
1.53069
0.356151
1.94576
1.85148
0.381881
1.15903
1.03775
-0.221788
-0.586531
0.365178
2.37058
3.30942
0.843543
-0.0122531
-0.0505836
-0.371073
-0.0120292
2.17638
2.68693
0.772059
1.43034
-0.0808453
1.60287
2.49743
-0.553162
-0.262768
-0.681215
-0.0392989
-0.284537
0.239447
1.27546
0.120812
0.473501
0.680635
1.38254
2.33784
0.7435
1.47447
-0.166588
1.26198
1.45295
1.27944
0.10767
0.184891
-0.479587
1.11744
3.10914
1.20058
-0.339658
0.454383
1.12345
0.840231
2.17106
1.39846
0.548364
1.18238
1.73028
0.179592
-0.289359
-0.279034
-0.234266
2.80337
1.95327
2.14371
1.7212
1.499
-0.0857636
1.83475
2.40272
-0.539199
-0.459874
-0.101861
-0.103024
-0.257004
-0.424404
-0.369127
0.288012
0.203162
0.241782
0.832553
0.715733
0.639645
1.59048
0.294448
-0.00293149
-0.466469
2.46827
0.730281
0.509401
0.868631
0.31677
-0.827709
1.22922
-0.779333
-0.531855
-0.40213
-0.807027
-0.301488
-0.665061
1.30058
0.0681746
-0.107272
-0.388178
-0.2729
0.040005
0.704877
-0.792941
-0.507584
-0.662063
2.95384
-0.132899
0.540658
0.932329
-0.0116367
-0.460359
-0.410776
-0.87849
-0.692538
-0.533205
-0.375931
-0.116748
-0.382938
1.59061
-0.137148
0.271666
0.431532
-0.553157
1.1344
-0.55528
0.87064
-0.605711
-0.429438
2.5095
0.860979
0.220848
-0.521063
-0.303075
1.05989
-0.560363
-0.148629
-0.719393
0.386241
1.05983
0.601202
0.194784
-0.0600554
-0.192906
0.888533
-0.137582
0.169941
2.24224
0.962228
0.897383
0.493473
0.00601774
2.14472
-0.659134
-0.542608
