182
0.0792538
-0.276333
1.2665
0.804204
-0.117488
-0.151565
-0.496152
-0.133318
0.262307
-0.534485
-0.1523
0.629075
-0.417551
0.222861
-0.792391
-0.520211
-0.530888
0.365424
1.06461
1.07228
-0.162681
0.821484
0.315225
2.40549
1.56584
0.437931
2.17653
1.73009
0.371609
1.19506
1.05763
-0.191571
-0.410707
0.419798
2.27369
3.33961
0.974088
0.0647375
-0.0970461
-0.262028
0.0104027
2.21399
2.8785
0.852672
1.55617
-0.0406075
1.80631
2.45301
-0.564427
-0.238544
-0.660985
-0.0394302
-0.183958
0.317205
1.44617
0.175917
0.542144
0.654053
1.37479
2.1457
0.854084
1.44217
-0.0980338
1.18615
1.48675
1.21899
0.124192
0.232093
-0.445907
1.11585
3.16537
1.07939
-0.314666
0.49045
1.14998
0.934437
2.03089
1.56794
0.723929
1.19449
1.68528
0.218465
-0.183533
-0.28745
-0.238792
2.77199
1.98379
2.02049
1.65368
1.48961
0.00787048
1.8781
2.50602
-0.48512
-0.423005
-0.111873
-0.215786
-0.163465
-0.473533
-0.434752
0.261017
0.169794
0.352454
0.78581
0.664851
0.758059
1.53373
0.199976
-0.0662272
-0.489671
2.55373
0.695389
0.668247
0.944231
0.574262
-0.836344
1.29517
-0.843533
-0.33479
-0.436483
-0.783922
-0.319641
-0.680855
1.40181
0.0342128
-0.240488
-0.393785
-0.298466
0.166636
1.1156
-0.822369
-0.556766
-0.678185
2.90559
-0.168018
0.51279
0.951016
-0.0483933
-0.330529
-0.502814
-0.935737
-0.666695
-0.483184
-0.46142
-0.187057
-0.476036
1.54436
-0.115453
0.43642
0.423641
-0.563599
1.13351
-0.52817
1.04925
-0.660898
-0.407118
2.57385
0.975821
0.0633036
-0.399042
-0.236628
1.10932
-0.547946
-0.192568
-0.682286
0.424838
1.07629
0.494659
0.128604
-0.0233496
-0.0832295
0.868372
-0.147051
0.208933
2.15288
1.00498
0.935625
0.630712
-0.00974009
2.45521
-0.578556
-0.508688
