546
1.42108
-0.678182
-0.588212
-0.0121048
0.575346
2.50109
2.4553
2.48758
0.0500986
0.0741557
-0.254462
-0.03468
-0.392002
-0.65936
-0.18613
-0.244426
0.977006
0.966334
0.817877
-0.0126522
-0.171966
-0.193836
-0.0255293
-0.156169
-0.730047
0.0639932
-0.274741
-0.244068
-0.411421
-0.637491
-0.641233
-0.686389
-0.636648
-0.429198
0.361673
-0.578742
0.518101
0.59885
1.61925
1.66075
1.50506
0.136683
0.583723
0.590794
0.741401
-0.736605
-0.48911
-0.593547
-0.856422
-0.642977
-0.557852
-0.371463
2.94843
2.88932
2.86587
0.278642
0.210172
-0.245392
0.267232
-0.241372
0.243351
-0.225041
1.44646
1.11439
0.633008
-0.538805
-0.126739
0.0640746
0.337825
0.349638
-0.503473
-0.214977
-0.162491
1.83449
1.64876
1.37122
-0.427269
-0.269853
-0.518915
1.32696
-0.326225
-0.333954
-0.265591
-0.119759
-0.363805
0.338638
-0.128396
-0.155154
-0.270523
-0.297299
1.43681
-0.00679984
-0.13168
-0.132235
-0.631341
-0.736105
-0.717122
-0.79606
-0.458645
-0.480464
-0.348599
1.03629
-0.101158
-0.331313
-0.263922
-0.640908
-0.639233
-0.367724
2.17055
1.98959
1.88086
1.09129
0.157965
0.670725
0.859442
0.259896
-0.592586
-0.801294
-0.798411
-0.909375
-0.714336
-0.660546
-0.642406
-0.787713
0.717439
-0.709857
-0.517071
-0.613631
0.760454
0.493633
0.660978
-0.315818
-0.077009
-0.196179
-0.0612472
1.00392
-0.16886
-0.215002
-0.550402
-0.1084
0.060649
0.15041
-0.146899
-0.116912
1.42004
1.64884
0.767162
1.56013
0.0972293
0.165632
-0.439194
-0.759002
0.288858
0.734341
0.551773
0.391481
0.172721
-0.0549682
0.128307
1.28548
1.31086
1.32592
-0.771134
-0.813965
-0.530039
-0.742729
-0.531241
-0.879513
0.640115
-0.605317
-0.513679
-0.184513
0.163689
0.0014381
0.0922018
-0.696869
-0.534303
-0.531031
-0.63823
0.699709
-0.366736
0.0268019
-0.00793675
-0.64247
-0.555138
-0.443947
0.387452
2.2514
2.07907
2.07921
0.560644
1.49172
1.10166
0.879687
0.604653
0.266289
0.310455
0.208039
0.186593
0.151083
0.119585
-0.0347746
0.0681898
-0.357439
-0.729263
0.00459768
-0.0907979
-0.12605
-0.0827558
-0.198079
-0.12819
1.3505
-0.760998
1.4595
1.33867
0.961246
-0.543074
-0.621033
-0.49452
-0.583321
-0.429393
-0.657832
-0.329288
0.292741
0.00209188
-0.484821
-0.302691
-0.611085
-0.700688
-0.522345
-0.573605
-0.58011
-0.499196
-0.46495
-0.393804
0.548801
-0.0669812
0.285557
0.210572
0.242879
0.339774
0.494749
0.499276
0.341228
-0.0515981
0.563304
0.524967
2.87324
2.86772
2.85892
1.35324
1.52686
1.44544
1.27272
0.417282
0.488943
0.0318621
0.333816
-0.139938
0.105448
-0.127746
-0.218626
-0.510294
-0.496205
-0.00680682
-0.179089
-0.0822344
-0.592674
-0.0318218
-0.584465
-0.623178
1.35488
1.28892
1.21027
0.477786
0.283462
-0.832379
-0.568646
-0.640749
0.0959389
-0.459768
-0.754749
-0.748941
-0.212272
-0.207553
-0.240793
1.37256
1.43083
1.42977
0.658903
1.14737
-0.0374248
1.42183
1.55158
1.46337
0.602713
0.153073
0.349651
-0.364726
0.243069
-0.132574
1.20295
0.100858
0.0127522
0.096914
0.588292
0.479662
0.556161
-0.0969372
-0.134615
0.276479
0.327998
1.26816
0.135913
0.379425
1.33377
1.5548
1.32901
1.11717
0.447098
0.0885501
0.314348
0.105767
1.67208
0.252345
-0.0406175
0.0366041
-0.126378
0.324501
-0.589028
-0.518106
-0.703894
-0.570541
-0.642429
0.151757
1.78167
-0.579897
-0.712442
-0.73665
-0.625036
-0.706932
-0.0511558
0.167987
0.611418
0.775811
0.68143
1.59212
-0.0251381
-0.216805
-0.370795
-0.46118
-0.391897
-0.514981
-0.573658
-0.346429
-0.361082
1.1608
-0.167716
1.11649
1.09561
0.0662521
-0.66014
0.047474
0.343691
0.315562
0.0568438
-0.685189
-0.769139
-0.269116
-0.604652
-0.691374
-0.6985
-0.559919
-0.330494
-0.295891
-0.43702
-0.498259
-0.698633
-0.689761
0.0107146
0.185117
-0.0497824
0.0912429
-0.620304
-0.699765
-0.507769
2.0198
1.91876
1.7718
0.991521
0.059647
0.587295
0.16412
0.880076
0.989541
0.825932
0.5725
0.514916
0.912484
3.30365
3.85381
0.0811716
3.74895
3.55429
2.3237
1.91196
1.80158
1.70346
1.32246
1.09228
0.82178
0.937464
1.38515
1.13193
0.792073
0.712772
0.507359
0.6418
0.758136
1.50366
1.60602
1.50508
1.08804
1.35845
0.400728
0.621805
2.29919
3.03029
2.84315
2.72318
-0.127937
-0.731934
-0.777299
0.34114
1.27969
0.180072
0.428374
0.770837
0.793299
0.919661
1.29805
1.39299
1.28693
0.82961
0.00313817
-0.0735107
0.24363
0.636967
0.996246
1.11131
2.21422
1.90506
1.96535
1.60125
1.59463
1.42055
1.2604
0.403096
0.989027
0.800137
0.480098
0.578401
0.787591
1.39646
2.91958
2.81334
3.08187
2.15439
0.311508
2.20846
1.40197
1.73069
2.47772
2.49934
2.49458
2.263
1.92617
2.01835
1.84688
0.0801091
2.10472
1.71973
1.56836
2.36706
2.14365
2.18881
1.52105
1.1762
0.870735
1.44442
-0.0484985
1.38672
1.19956
1.52003
3.04483
3.0216
3.05587
0.109594
-0.0126463
-0.0166123
-0.603025
-0.684571
-0.36113
-0.364614
-0.372314
-0.367515
-0.243585
0.0524372
-0.14202
0.30025
-0.147283
0.395179
0.844109
0.331535
2.9784
2.92312
3.03771
2.09915
1.75523
1.86938
1.36913
1.25466
0.773123
0.366846
0.28048
0.762819
1.47785
1.60375
1.42077
0.47387
0.602958
0.72115
0.903913
1.02316
0.994641
0.183212
1.07894
0.737715
0.614858
-0.0380717
-0.48852
-0.686932
-0.613788
-0.566297
-0.453318
0.335099
