546
1.45646
-0.713933
-0.608425
0.249123
0.555181
2.18933
2.5466
2.52935
0.128212
0.0860748
-0.0825489
-0.0906681
-0.393583
-0.63189
-0.257262
-0.175895
0.924553
1.05119
0.912273
-0.0519495
-0.0224107
-0.100132
-0.0496343
-0.000332918
-0.676917
0.0207718
-0.196612
-0.228594
-0.390752
-0.649543
-0.733141
-0.706452
-0.630677
-0.489505
0.28106
-0.608713
0.453377
0.55345
1.44436
1.7108
1.51658
0.0753692
0.356577
0.734645
0.736976
-0.658023
-0.479037
-0.610167
-0.806271
-0.723043
-0.629515
-0.391279
2.76842
3.02355
2.85385
0.409575
0.158723
-0.262521
0.00949876
0.0610411
0.143472
-0.0719648
1.44784
1.17813
0.512163
-0.523938
-0.20531
0.157993
0.267152
0.296969
-0.384269
-0.283191
-0.0293252
1.72437
1.6515
1.39032
-0.452242
-0.391798
-0.433353
1.38405
-0.397669
-0.231318
-0.187442
-0.147101
-0.0640461
0.253233
-0.0376422
-0.134731
-0.261322
-0.262734
1.47841
-0.118778
-0.00134793
-0.137695
-0.674843
-0.663122
-0.703757
-0.797277
-0.590841
-0.357513
-0.229173
1.12491
-0.107162
-0.202777
-0.271404
-0.59632
-0.536732
-0.399973
2.00915
2.18972
1.99173
1.09337
-0.0170161
0.541982
0.915322
0.225756
-0.511909
-0.62153
-0.740721
-0.816373
-0.712864
-0.473946
-0.600397
-0.615437
0.712921
-0.660057
-0.424466
-0.494421
0.50878
0.858259
0.726109
-0.285807
-0.0249733
-0.0636204
0.000781314
0.901758
-0.069174
-0.161144
-0.512704
-0.1494
0.0929303
0.15332
-0.0979975
-0.186861
1.38111
1.65057
0.782634
1.5666
0.162317
0.0780397
-0.455909
-0.484503
0.100743
0.710842
0.84035
0.449429
0.134007
0.0423763
0.155507
1.27053
1.45588
1.3098
-0.733419
-0.787818
-0.585513
-0.43225
-0.531991
-0.774451
0.652308
-0.611065
-0.462406
-0.285059
0.223163
0.271354
0.0850469
-0.613993
-0.421853
-0.562636
-0.623038
0.719591
-0.455191
0.114296
0.059295
-0.598339
-0.510413
-0.203995
0.326698
1.97479
2.19028
2.2003
0.560369
1.60398
1.13002
0.819276
0.590616
0.246292
0.32721
0.221931
0.193219
0.215599
0.139633
-0.0464526
0.0748514
-0.349686
-0.610128
-0.0589229
0.161366
0.0171571
-0.163011
-0.168814
-0.0951909
1.19305
-0.763667
1.47873
1.45197
0.957387
-0.492363
-0.525992
-0.446496
-0.343263
-0.346362
-0.604309
-0.36276
0.332099
-0.0669222
-0.268442
-0.213525
-0.457912
-0.567308
-0.529547
-0.446139
-0.339029
-0.454686
-0.474884
-0.31532
0.538767
-0.134794
0.322578
0.288819
0.230347
0.335823
0.4552
0.519002
0.379099
-0.078001
0.502286
0.586621
2.55837
3.05731
2.8883
1.50033
1.54043
1.44688
1.15708
0.447806
0.486761
0.111579
0.337188
-0.0880423
0.0865665
-0.0699802
-0.249888
-0.498774
-0.455722
0.0443192
-0.00565872
-0.0904873
-0.563835
-0.195069
-0.589781
-0.626229
1.18139
1.43151
1.27506
0.494136
0.22631
-0.77964
-0.75426
-0.581277
0.129554
-0.44939
-0.804757
-0.671697
-0.324322
-0.153391
-0.193069
1.31455
1.48375
1.38818
0.643358
1.12595
0.131015
1.27805
1.61336
1.45707
0.279034
0.462836
0.386797
-0.164728
0.189686
0.0357264
1.20702
0.0715065
0.124282
0.0446591
0.612582
0.54693
0.549477
-0.111396
-0.0659282
0.240182
0.397756
1.29457
0.121569
0.263679
1.34715
1.70455
1.35713
1.1178
0.334986
0.0238381
0.274286
0.152699
1.52716
0.231579
-0.0107908
0.00958264
0.00767172
0.227792
-0.533215
-0.554882
-0.662947
-0.619831
-0.634294
0.138985
1.73656
-0.547111
-0.735602
-0.705258
-0.655326
-0.668387
-0.0283833
0.133441
0.585381
0.672749
0.625063
1.56434
-0.00175139
-0.158811
-0.439096
-0.416238
-0.355834
-0.427944
-0.536911
-0.336143
-0.407689
1.10302
-0.127214
1.14675
1.09301
-0.0116587
-0.642255
0.00232069
0.497288
0.327325
-0.0992034
-0.657304
-0.658447
-0.247933
-0.590108
-0.647924
-0.756203
-0.617482
-0.273876
-0.0843916
-0.350543
-0.413276
-0.522127
-0.678944
-0.098268
0.0419233
0.149532
0.160857
-0.558718
-0.632469
-0.501261
1.88319
2.02789
1.9634
1.00888
0.139127
0.679892
0.241846
1.03959
1.04434
0.884579
0.641843
0.707834
0.993998
2.99832
3.77728
0.0510972
3.93907
3.64765
2.37564
1.85979
1.86577
1.75551
1.35891
1.06151
0.885085
0.944281
1.26127
1.03982
0.865972
0.528535
0.486375
0.494866
0.664046
1.43643
1.66526
1.47616
1.11766
1.44691
0.292315
0.589866
1.9785
2.87233
3.04534
2.77244
-0.216907
-0.626324
-0.763434
0.198179
1.34743
0.368525
0.480462
0.756863
0.860319
0.842987
1.24928
1.46347
1.35694
0.874612
0.105464
-0.10893
0.403338
0.61594
0.915242
1.04902
1.91118
2.0431
2.06082
1.59744
1.65208
1.4434
1.23613
0.397267
0.967231
0.827389
0.416427
0.586695
0.88953
1.44017
2.71745
2.98173
3.11415
2.33389
0.172865
2.14606
1.3938
1.70809
2.25337
2.47912
2.53648
2.34345
1.99745
1.72762
2.0063
0.126312
2.17266
1.70894
1.58107
2.15411
2.26838
2.10262
1.5824
1.2251
0.844219
1.3298
0.000526388
1.40814
1.16587
1.50058
2.82141
3.14391
3.04014
0.0221398
0.162221
-0.02845
-0.668027
-0.571513
-0.450316
-0.491637
-0.363953
-0.205555
-0.259552
-0.0707039
0.198302
0.306537
-0.14363
0.423329
0.885444
0.227984
2.64317
3.093
3.03047
2.00387
1.91548
1.99761
1.46574
1.25943
0.60773
0.353997
0.320603
0.715683
1.38699
1.61241
1.41293
0.620574
0.537993
0.63573
0.859445
0.912857
0.983912
0.066347
1.00914
0.694988
0.517757
-0.125758
-0.575667
-0.693309
-0.754892
-0.544435
-0.430184
0.240058
