548
1.8355
-0.64375
-0.375721
-0.707076
0.376361
0.291242
-0.678169
-0.619158
-0.0492466
0.658766
-0.446069
-0.92347
-0.398385
-0.374236
-0.47443
-0.297626
-0.204914
0.269634
0.870351
1.57234
0.876121
0.0351171
0.92576
0.911331
-0.0912231
0.368253
-0.465663
0.674656
0.314607
-0.749772
-0.581768
-0.578846
0.0326512
0.837769
0.0065923
-0.647971
0.334827
0.301742
1.65202
-0.895861
0.844675
1.95971
-0.433055
0.0436138
-0.708421
-0.440204
0.307158
0.28984
-0.592419
1.96129
0.25228
0.785982
0.290522
0.162786
0.323505
-0.204697
-0.338975
0.162802
-0.219778
-0.79902
-0.162116
-0.232678
0.0654695
0.371053
0.0380585
0.330784
1.03234
-0.0689486
0.300601
0.155454
0.740674
0.905434
3.85146
2.09563
0.97744
2.56004
1.35043
1.69622
0.943768
0.142158
0.239189
0.53718
0.930271
1.94534
0.0269055
1.18138
0.384595
0.794489
0.899721
0.69703
0.970475
-0.190064
0.829658
0.327488
0.243885
-0.0957419
-0.407501
-0.164963
-0.0853251
0.122813
0.0623734
0.627762
0.104949
0.809158
3.22168
0.136487
0.187707
-0.119343
0.380518
0.0258893
-0.112854
-0.116043
0.221812
-0.15939
1.44643
0.456676
-0.190272
0.268325
-0.352068
0.120525
0.131218
-0.540062
0.114781
-0.127724
-0.46173
-0.643045
-0.538293
-0.4156
-0.604873
-0.886333
-0.212705
0.758259
0.195018
0.923414
1.95785
0.181964
0.169974
0.0987926
1.18644
-0.582865
-0.155517
-0.786764
-0.584109
-0.663466
-0.50392
-0.338177
-0.307126
3.7448
-0.556614
0.661763
-0.471616
-0.519081
1.01177
-0.312029
0.691725
0.32623
0.855014
-0.0686014
-0.612439
-0.684563
0.208625
-0.3551
0.126221
-0.0720884
0.425329
-0.799279
1.84203
-0.497027
-0.389256
-0.088988
0.0449537
-0.192696
0.290919
0.274238
0.236726
0.628892
-0.365765
0.212213
-0.394261
-0.183835
-0.220902
-0.653726
0.32956
-0.541417
-0.504751
-0.475173
-0.635725
-0.728504
-0.606196
0.138269
0.0983636
-0.271447
0.393055
-0.558538
-0.0764538
-0.298434
-0.626878
-0.0600476
2.76402
1.59131
1.001
0.705674
-0.095061
-0.205244
-0.208062
-0.243145
-0.287859
-0.253147
-0.00204358
-0.334849
-0.243619
0.0525239
0.0137834
0.214788
-0.0659615
1.86907
0.344584
0.117963
0.00542315
0.59222
0.447193
0.494081
0.000630275
-0.266721
-0.258018
0.251084
0.369021
-0.145493
-0.0710449
0.262685
1.69816
-0.272854
0.129032
0.436793
-0.0553496
0.00624891
-0.483659
1.37239
1.45397
-0.112283
-0.131409
0.163915
0.238258
1.92897
0.255815
-0.421436
-0.341948
-0.249916
0.265184
-0.21446
-0.293228
-0.0201775
-0.0463401
0.194267
0.659334
0.987313
0.239943
0.342059
0.0208242
0.254922
0.23632
-0.020847
0.314196
0.0739961
0.433721
0.489965
0.432101
0.695002
1.23925
2.86338
1.9537
1.71066
1.16758
0.92872
0.541363
0.482686
0.773022
0.298598
0.250952
0.396729
0.659485
0.444303
0.266525
0.04132
-0.0198434
0.667323
0.176637
0.430391
0.552799
0.28635
0.177508
1.58874
1.42036
0.513199
0.212058
0.101642
-0.0717825
0.224424
0.0903671
0.235613
0.272041
0.556904
0.635311
0.311409
0.344637
0.218111
0.226845
0.633252
0.0597162
0.226256
-0.00402989
0.273062
0.454444
1.02034
0.65693
0.88536
0.501144
1.06132
0.334221
0.0914322
0.362212
0.962026
3.78152
1.75337
1.68836
0.807688
1.59389
0.258444
0.678266
-0.0262254
-0.226144
0.314631
-0.229809
0.293326
-0.0429568
0.0495298
0.156582
0.135056
0.685453
-0.166765
0.179648
0.868441
0.172384
-0.00262877
1.91274
0.397499
0.175104
-0.212051
-0.0424932
-0.620292
-0.127834
-0.379109
-0.454212
-0.498944
0.0448338
0.260841
-0.0419519
0.732656
1.66975
0.789146
0.095951
0.631125
-0.186203
1.69141
-0.0487079
-0.421656
1.43676
0.317322
0.308566
-0.325466
1.06657
0.118421
0.337566
0.291181
0.267689
0.882678
0.13661
0.146612
0.211575
-0.0323138
1.04244
0.30006
0.288171
0.658018
1.70556
1.68774
0.616003
-0.0153041
0.343403
0.00793918
0.197946
-0.0418058
0.135404
-0.428459
0.214113
0.427474
0.202656
0.118455
0.528506
-0.0838621
-0.0894219
0.38517
0.363409
0.231504
0.0897662
0.323837
0.432497
0.750783
1.2629
0.854609
0.435526
0.894323
0.0172191
-0.118126
0.474423
0.401062
0.249499
0.357651
0.257062
0.403532
0.408542
1.62985
0.664445
0.541258
0.424747
0.572817
0.744535
0.938922
0.376577
0.0627999
0.108626
0.0200968
0.15355
0.455556
0.107739
0.92056
0.583263
0.260352
0.417947
0.333606
0.350976
0.379789
1.00935
0.619682
0.0854628
0.259078
0.709726
0.732615
3.21725
2.58054
2.6485
2.65183
2.72515
2.68767
3.02253
3.03291
3.06856
3.3373
3.28562
3.27369
4.28914
4.31862
3.16029
1.82304
1.82081
2.20808
1.65439
1.69463
0.893486
1.06849
0.183633
1.03255
0.840326
0.391297
0.849949
0.601465
1.10873
0.966552
2.03173
1.59244
0.10263
0.226081
0.729823
0.890667
2.94968
3.64157
0.107466
-0.309243
-0.470208
-0.307457
-0.581557
1.00101
-0.0264212
0.945677
0.894364
0.418519
0.857665
1.81764
1.10893
0.340128
0.323452
0.201664
0.919865
0.936129
1.13098
3.0269
1.78252
0.603665
2.32927
1.74062
0.96132
0.901498
0.831205
0.0513795
0.303863
1.02268
0.627403
1.60734
3.74127
1.80273
2.96265
1.67066
1.63871
0.971173
1.79727
2.96963
2.76271
2.5859
0.840376
0.965224
2.75246
1.68717
1.90809
1.63196
1.70054
2.96789
2.03396
1.79495
0.953829
1.01248
1.04866
1.89028
1.42284
1.12343
1.80675
3.80244
1.29683
1.26227
