182
1.59003
1.08944
0.582005
0.0345722
0.246205
0.0155804
-0.621721
-0.727335
0.146412
2.25118
1.27575
0.148097
0.349388
0.215758
0.083517
-0.555891
-0.495194
-0.643075
0.753548
-0.267632
-0.834685
-0.361157
-0.527485
2.12169
0.743172
-0.659767
0.363337
1.05322
0.433909
-0.438221
-0.585308
1.40141
1.69954
-0.22263
1.92447
2.27151
-0.286137
1.7271
0.119479
-0.655871
0.916777
-0.0475008
1.17561
0.966523
0.219163
-0.470419
1.12438
0.7374
-0.681222
-0.337456
-0.129787
-0.201325
0.425134
-0.603652
-0.226726
-0.534918
1.75571
0.821944
1.28301
0.566286
-0.266882
0.199919
-0.702797
1.87392
0.0299396
0.0354481
-0.796742
2.17534
0.36276
1.50361
1.74605
1.16971
0.015216
-0.0416154
-0.840127
-0.574545
0.283302
-0.493988
1.24228
0.815101
0.0357275
2.13609
1.62405
-0.685589
-0.0158446
0.713361
1.30829
1.23661
0.977176
0.769801
1.49579
0.766291
0.597668
-0.681264
0.161353
0.483403
-0.30757
1.82465
1.67059
0.165294
0.721949
2.65588
0.924311
0.742749
0.776123
1.79573
0.627951
0.186431
1.55005
-0.331268
1.19634
-0.290095
0.760112
-0.460021
0.552223
0.335947
2.45015
1.0147
0.751324
2.19188
2.10754
0.787644
-0.574996
-0.767475
-0.847209
0.456674
-0.102619
3.59312
-0.449264
1.22448
-0.02571
-0.613737
-0.854233
0.601292
0.202095
-0.536718
-0.144327
-0.582099
2.0798
-0.311271
-0.536028
-0.282431
-0.481399
2.39155
1.83704
-0.315164
-0.113742
-0.931811
0.227025
1.03391
0.382406
0.318277
-0.760452
0.902451
1.80156
0.360552
1.30913
1.31479
0.343631
-0.482137
0.891465
-0.694916
-0.790046
-0.575901
-0.702177
0.651227
-0.116279
2.00955
2.03506
-0.0172943
-0.198872
0.0728428
0.804397
-0.521713
1.8029
0.851474
1.70096
0.813919
1.02207
2.16357
-0.146482
-0.349813
