182
1.63085
1.10475
0.558902
0.00410247
0.206404
-0.122276
-0.450927
-0.633981
-0.0335471
2.30259
1.39925
0.0923172
0.330679
0.225919
0.0817439
-0.487733
-0.419383
-0.6726
0.875373
-0.305717
-0.848726
-0.381429
-0.440009
2.17385
0.740931
-0.700246
0.341971
1.17196
0.433373
-0.527481
-0.517227
1.40562
1.68427
-0.190782
1.98278
2.2893
-0.239736
1.66232
0.133316
-0.629688
0.858475
0.0882855
1.23914
1.06173
0.180018
-0.427977
1.15176
0.71092
-0.675029
-0.24139
-0.0713027
-0.154225
0.348441
-0.548069
-0.169908
-0.497308
1.7352
0.890695
1.35163
0.437473
-0.268862
0.211801
-0.699174
1.93744
0.141289
0.0503515
-0.675681
2.10524
0.272525
1.56458
1.70783
1.26056
0.118863
-0.0410066
-0.655439
-0.474423
0.246021
-0.475808
1.20174
0.832925
0.0865576
2.01823
1.60764
-0.609795
-0.0781467
0.772274
1.29598
1.29066
1.02602
0.846639
1.59831
0.786392
0.632567
-0.725736
0.160881
0.409463
-0.274928
1.97117
1.70713
0.00705505
0.719041
2.60668
1.01111
0.698919
0.785593
1.77456
0.652209
0.219981
1.63893
-0.291533
1.2033
-0.25679
0.825925
-0.32581
0.538544
0.307017
2.46743
1.01512
0.721626
2.1316
2.10025
0.76472
-0.500555
-0.795777
-0.894122
0.363435
-0.174794
3.65576
-0.351005
1.24498
-0.0663586
-0.605619
-0.80845
0.609821
0.304748
-0.569086
-0.174851
-0.582448
2.07372
-0.319628
-0.428263
-0.286072
-0.453962
2.44905
1.89023
-0.287262
-0.0901273
-0.740341
0.0386078
1.07123
0.42697
0.3572
-0.704016
0.975578
1.93055
0.29364
1.36318
1.37877
0.305463
-0.413306
0.866833
-0.617871
-0.806532
-0.551415
-0.607462
0.64217
0.0276983
2.0155
2.00532
0.0222592
-0.0608656
0.0456092
0.824367
-0.319444
1.90823
0.87064
1.94131
0.833616
1.1199
2.09196
-0.147252
-0.288655
