182
-1.0415588748301956
-0.819843186045422
0.5408673742882263
-0.5377918972486307
-0.7444018995905489
-0.3985202904671618
-0.08109365363204506
0.13862230981335222
-0.5301902444398465
0.1256419272163803
0.1916831479771724
2.119034478276842
4.346588716649022
-0.6085916583786988
-0.9545302756312836
-1.173886495573281
-0.846587144216155
0.22093519258463426
1.9251827621410789
-0.16356869982054983
-0.8633147659031691
-1.141794545522229
-0.8452731694854622
1.4404486320062326
-0.2004320573148896
-0.6252588209572638
1.33408369712593
-0.8474084166785162
-0.8540248014467127
-0.6737466365669772
1.3341409780367688
-0.6152879783608025
0.39465258394494246
0.9649422728457292
0.23241449891451818
0.2479010172315495
-1.2033019081065337
-0.5379752562653355
-0.8123879197371165
0.559501805639671
1.0486370144457273
0.4939457907162279
-0.3440674971652256
0.8631361671252301
-1.1708217263830185
-0.3508274820369121
1.4903965848801466
2.106874322336005
-1.2302778877360074
-0.20944221177226002
-0.5994131531522585
-0.425470224036062
0.2569107651664047
0.46874086166136797
-0.19494918787328025
3.7182881113861614
-1.0886760264041004
-1.1984032834503697
-0.9814842162351898
0.998149097202282
-1.19981155981946
-1.1502261142126138
-0.8871439678574068
1.2705625986909024
-0.3840125110591551
0.59632481669544
-0.4419509355012271
-0.9184194388022499
-0.3942387855183707
-0.9617997861099138
1.8159439593781899
0.3313938183237583
-0.7218330292952342
0.05117159307728642
0.4702129284639622
-0.4902541673158457
0.15997218334083602
-0.27270914488994213
4.278391563760225
0.5333526788217658
-1.2136814804479243
-0.9791672828865919
0.33408822669481525
0.21995206404619858
-0.30123988364704535
1.1139535819172361
0.06806467465074673
-0.8431772514112846
0.01980792396293206
0.03237730857241853
0.3470172424342334
-0.2713371395891155
1.305783424456008
-1.1242146981655874
-0.09561632991319115
0.46760260334834386
-0.7493091088439361
-0.32364269495798353
0.161902539686298
-0.004464273877758096
-1.145821729600395
-1.1133613920553793
0.8581283475240292
1.0148406546309385
1.568447346217578
2.112491046627212
-0.4905706403322388
-0.6540324585099644
0.23918499449808142
-0.406918526277805
-0.1444734006687767
0.17479107768021518
0.818589553832414
-0.7753220031115481
0.07449270480067531
-0.6752884586933713
1.1435829966865194
-1.1758546092209095
0.7952620370886824
-0.5985337874075145
0.2186685525625922
0.7489593304410382
-0.8572193593737361
-1.147031621372401
-0.08395844814670023
-0.053477350827775945
0.7768680856317987
-0.800355758060408
0.5827388483497985
-0.8779973271787178
-0.05301506102240211
-0.3766723892813467
-0.1517815346149298
0.5917162542267814
-0.4216767932835424
-0.5733659702680185
0.17251193467809173
-0.47145005059016215
-1.1735575899795934
-1.060482725045705
-0.07303628250710464
-0.03254282297101421
0.8478485049007183
-0.49408776752531447
0.47117421151419353
-0.6387733384856464
-0.0945550301120808
0.02625826511701233
1.736282281236898
0.10793648331888892
-1.1905828359913657
-0.9934944554886355
0.4546524876630946
1.340647529244848
0.04901791249844351
-1.0931948899241808
0.7136595260198266
0.4313530729452423
-0.9810418062287163
-0.5184168751034742
0.3540605993515447
-0.47566442454808283
0.5628736028539811
2.113089253895888
0.2816036032422436
-0.18200068575896627
-0.4602857869130657
-0.08574367552821861
-1.0870464603495298
-0.4716108097405855
-0.11537734320146395
-0.38835017002182126
3.2813621024276607
-1.0197008055117123
-1.134114917678932
0.210893221057481
-0.011826898639677114
-0.2836476271419395
-1.0413150501966706
0.9307843435341656
-0.9316258808651445
0.778742095710277
