546
1.36851
1.50574
3.24004
-0.232009
-0.012274
1.55835
2.01132
1.90506
-0.652949
-0.559658
-0.524325
-0.514883
-0.534018
3.15632
-0.470035
1.33326
2.15148
1.94442
0.29098
-0.670151
-0.0831947
-1.41326e-05
0.086376
0.11319
2.93101
-0.00740056
-0.42407
-0.563132
1.0156
1.1089
1.1508
0.761384
0.794792
-0.309172
-0.209206
1.31266
-0.625487
-0.307137
-0.0613542
0.0824242
0.406541
2.00246
2.69368
2.57945
1.5146
0.224812
1.20836
-0.129777
-0.472095
-0.508303
-0.548045
0.108261
0.394962
0.186844
-0.107276
-0.340554
-0.229297
0.224991
-0.342279
-0.468249
-0.448187
0.203828
0.172896
0.0778517
-0.15043
1.15709
2.27208
2.10119
0.0966642
1.97391
1.69057
1.92434
1.88096
2.30341
1.87656
1.85768
0.391234
0.21652
0.236775
0.250586
0.164507
0.101633
0.494065
0.297427
0.0753644
-0.307741
-0.621964
-0.696647
-0.605234
-0.245354
0.449243
-0.177641
-0.152538
-0.476488
-0.266468
-0.199687
-0.242288
-0.240644
-0.123002
-0.00620374
0.0777777
0.742943
0.228491
0.0368915
-0.21043
0.535124
0.584279
0.274461
-0.239293
-0.35761
0.980484
1.38245
1.41211
0.5528
1.21751
1.08709
0.704775
0.278474
0.115187
0.297356
0.446745
0.0304672
-0.00433676
-0.489235
0.275264
-0.53576
-0.3981
-0.255135
1.03544
1.02799
0.92202
-0.269387
-0.330903
-0.539284
-0.447785
0.0699504
0.248438
0.592449
0.482248
-0.27556
-0.0141153
0.132305
0.617979
0.817235
2.38309
2.42318
-0.219937
2.5901
-0.196499
-0.336565
-0.289888
0.39965
0.522228
0.490526
0.0702707
1.61857
1.36852
-0.424301
1.2259
0.782398
0.529068
0.184571
-0.0917197
-0.524457
-0.453908
0.272084
0.404852
1.19282
-0.338073
1.18755
0.997786
0.330333
-0.0177616
-0.392284
-0.38009
-0.482755
-0.376678
-0.210274
0.123023
-0.337253
1.56145
1.64213
1.65925
0.534713
-0.377364
-0.396304
-0.532313
-0.241031
-0.157307
0.0566699
-0.219718
0.143506
0.075718
-0.390911
-0.586899
-0.580193
-0.509699
-0.359032
-0.418191
2.70074
2.66293
-0.233761
2.73131
1.77641
1.7309
1.51389
1.12552
0.985285
0.725321
0.0252932
0.763353
2.06093
0.434665
2.15788
2.18249
0.888126
1.76462
1.79738
1.7541
0.439813
-0.0433993
0.154745
0.17524
1.08975
1.58663
0.050039
-0.60917
-0.576895
-0.491265
-0.379692
-0.572134
-0.393946
1.57468
2.19965
2.1331
1.62444
1.67485
1.09687
0.671491
0.348453
0.391044
0.175937
-0.726829
-0.618758
-0.672554
0.262064
1.58747
0.500167
0.364494
1.60497
3.11939
3.17508
3.08765
1.44461
0.995803
-0.526465
0.520152
-0.397029
0.593937
1.02715
0.434333
0.371293
-0.494899
-0.63071
-0.134266
0.10264
0.366172
0.299343
0.281506
-0.0368088
-0.535771
0.780725
0.928596
0.749933
-0.58521
-0.455283
-0.30984
1.51306
3.2152
1.32946
4.10492
3.85375
3.47184
2.09267
1.71873
1.9464
3.87754
3.81973
3.70758
1.11444
1.64773
0.303839
1.31597
1.26335
1.09438
0.61519
0.610892
0.632106
0.000588833
0.204197
0.328316
1.53172
0.300942
0.519639
0.311129
0.302295
0.166023
0.240205
-0.0424166
-0.403104
0.309256
0.377264
1.2533
0.0833192
-0.217453
-0.314473
-0.281029
0.229555
1.68298
2.88569
2.94509
2.20347
0.678221
1.84404
0.188656
-0.238208
-0.369095
-0.37218
-0.480434
-0.557865
-0.461913
0.216742
0.271218
0.26103
0.403383
1.74332
-0.112169
0.155632
0.176372
0.194798
-0.0712978
-0.127347
-0.352655
-0.309892
-0.184651
-0.212548
1.56869
0.554219
0.325408
0.216823
-0.427284
-0.269063
0.422337
0.488378
0.179159
0.449086
4.14854
1.21431
4.09778
4.02882
-0.526023
-0.433602
-0.111367
0.121642
0.545206
1.08117
1.07112
0.0654866
1.10377
-0.0205983
0.167989
0.211749
0.720418
0.598777
0.566522
0.701459
1.06226
1.071
0.185791
0.848099
0.0561241
-0.287571
-0.176449
0.634563
0.536495
0.139824
-0.118907
-0.0671972
0.343759
0.389291
0.155883
0.446266
1.16157
0.787734
0.730435
-0.240869
-0.499616
-0.32602
-0.436965
-0.598641
-0.663093
-0.139108
-0.629833
-0.397653
-0.223981
-0.110617
-0.136838
1.80905
1.90883
1.86302
0.546831
0.594322
-0.457513
0.531812
-0.275273
-0.339378
-0.402802
-0.334025
-0.28009
-0.305183
0.0371514
0.223442
0.124179
-0.391475
0.183102
-0.122068
0.196135
2.73532
3.02946
3.0755
1.48441
1.33355
0.800529
0.0404667
0.372583
0.258755
0.282423
-0.178719
-0.500245
-0.409292
0.53137
0.425918
0.171478
-0.233263
0.989324
0.755513
0.453682
1.11007
1.70182
1.60307
1.60211
0.207542
1.46198
1.65841
1.73824
0.863334
1.53385
0.243366
1.6834
1.66633
0.732967
0.241766
0.238109
0.354551
0.0520864
0.160903
-0.339074
-0.257182
-0.286426
-0.42826
0.336515
0.368455
0.298527
0.182419
-0.554653
-0.420532
-0.399278
-0.00941335
-0.0296343
-0.494877
-0.0943437
-0.365551
-0.585909
-0.616724
0.725134
1.18884
1.03635
0.911681
0.503704
0.195749
-0.471706
-0.0657254
-0.392702
-0.380569
1.51825
1.95137
1.89988
-0.589475
-0.52545
0.231171
0.363477
0.211223
0.650482
-0.30383
-0.654619
-0.642749
-0.151329
-0.068638
-0.122196
-0.661819
0.0700719
0.365197
0.0676913
0.841102
-0.457986
0.072383
1.23637
2.10015
2.1744
2.11153
-0.454722
-0.488655
-0.697414
-0.446632
1.18935
-0.506118
0.121748
0.234251
0.265714
0.0984423
-0.361472
-0.566915
-0.546506
-0.338858
-0.227749
2.12827
1.4889
1.6555
1.53126
2.09179
2.08774
2.10407
0.29561
0.0642633
-0.512653
-0.406779
