546
1.40782
1.54019
3.14014
-0.233499
-0.0745909
1.47905
1.94569
1.91102
-0.741208
-0.741704
-0.714527
-0.645227
-0.709298
3.04102
-0.455822
1.18566
2.01783
2.02028
0.336629
-0.689825
-0.0273793
0.0380804
0.205134
0.111864
3.0877
0.0662121
-0.40538
-0.59481
0.980611
1.01011
1.13146
0.697159
0.890502
-0.344583
-0.216695
1.09238
-0.707782
-0.371903
-0.168478
-0.02566
0.407647
1.94254
2.50097
2.60588
1.46486
0.15798
1.28824
-0.131445
-0.481024
-0.51548
-0.549079
0.102281
0.399488
0.0240409
-0.156151
-0.393956
-0.30118
0.203349
-0.465827
-0.413416
-0.610652
0.127456
0.155958
-0.086861
-0.242362
1.12333
2.08855
1.97342
0.116553
1.98753
1.60953
1.7601
1.85653
2.30182
1.65716
1.94569
0.333644
0.168203
0.186232
0.140098
0.113145
0.0727673
0.32727
0.274999
0.0842322
-0.282751
-0.677932
-0.758384
-0.747196
-0.251672
0.441847
-0.17735
-0.167925
-0.540875
-0.270047
-0.285656
-0.311423
-0.295869
-0.175346
0.0939109
0.0269905
0.735699
0.110317
0.0675506
-0.196167
0.521988
0.482045
0.370691
-0.249899
-0.41987
0.954252
1.30074
1.36002
0.488841
1.08494
1.13097
0.638579
0.404679
0.024014
0.236737
0.516321
0.0563518
-0.084828
-0.566951
0.341229
-0.556039
-0.546072
-0.532061
0.889922
0.758955
0.95618
-0.456616
-0.320752
-0.49233
-0.51146
0.0498821
0.126686
0.57086
0.534236
-0.284106
0.00188155
0.0402435
0.642273
0.674853
2.3981
2.27073
-0.11564
2.60671
-0.247376
-0.484071
-0.350798
0.266729
0.302432
0.515303
-0.0813724
1.60042
1.3824
-0.443623
1.24889
0.734918
0.657012
0.13571
-0.117262
-0.416523
-0.47687
0.243414
0.351496
1.11414
-0.411637
1.09794
1.03923
0.331024
-0.0562285
-0.354694
-0.350942
-0.407997
-0.368959
-0.246023
0.0257479
-0.28228
1.51993
1.40993
1.77127
0.58708
-0.435545
-0.579038
-0.442229
-0.30809
-0.26194
0.0262626
-0.202705
0.0425166
-0.00265919
-0.547034
-0.688573
-0.697816
-0.456555
-0.412474
-0.415933
2.55108
2.56587
-0.1957
2.84919
1.79447
1.63176
1.46097
1.06181
0.865097
0.835653
-0.140664
0.805352
2.04655
0.485798
2.01087
2.18831
0.920257
1.63387
1.6668
1.84198
0.531317
0.023538
0.0792389
0.0445994
1.17496
1.43956
-0.00498982
-0.729393
-0.743983
-0.657826
-0.342601
-0.660344
-0.386621
1.53917
2.12102
2.11869
1.44512
1.68435
1.01848
0.654071
0.341659
0.517417
0.228597
-0.800879
-0.799518
-0.627477
0.23742
1.6838
0.547752
0.385398
1.50586
3.01934
3.05353
3.1856
1.40472
0.998263
-0.494405
0.430023
-0.419904
0.537034
0.989298
0.402186
0.441933
-0.530314
-0.541628
-0.351127
-0.121242
0.342128
0.217432
0.165469
-0.0938833
-0.644427
0.78327
0.859384
0.800628
-0.705705
-0.504579
-0.523387
1.51935
3.16999
1.31527
3.9433
3.91555
3.64203
2.15482
1.58751
2.01655
3.72867
3.63632
3.80317
1.22949
1.44966
0.25292
1.27385
1.15751
1.21013
0.578133
0.69006
0.601174
-0.148942
0.261164
0.216903
1.50358
0.279017
0.562107
0.301047
0.412683
0.193409
0.0765053
-0.152833
-0.505662
0.228622
0.270866
1.05847
0.0751479
-0.34183
-0.485229
-0.292273
0.318299
1.64464
2.59958
2.80928
2.18151
0.560288
1.91765
0.238329
-0.367068
-0.540093
-0.321305
-0.43512
-0.597022
-0.562261
0.0301878
0.0148196
0.327277
0.339328
1.58366
-0.00156892
-0.0132763
0.0555066
0.124296
-0.0812388
-0.141136
-0.523724
-0.426457
-0.414251
-0.221753
1.57858
0.570588
0.330653
0.162629
-0.437835
-0.277375
0.429661
0.465962
0.124935
0.329132
3.95742
1.11605
3.92444
4.13354
-0.46169
-0.466975
-0.242267
0.10543
0.577805
1.02247
1.14675
0.0471549
0.967951
0.0048577
-0.0925772
-0.0169331
0.659363
0.505543
0.553591
0.777791
0.976697
1.13501
0.12162
0.875182
0.0627255
-0.374783
-0.171783
0.603192
0.570008
0.126135
-0.162071
-0.0505082
0.45087
0.286414
0.108854
0.223987
1.26087
0.76829
0.831631
-0.258974
-0.682911
-0.399969
-0.545766
-0.463544
-0.655601
-0.143361
-0.576004
-0.397907
-0.391221
-0.0853528
-0.143235
1.74778
1.7583
1.96614
0.436037
0.484311
-0.47835
0.601308
-0.285287
-0.404262
-0.440295
-0.338262
-0.219634
-0.400846
-0.0947834
0.0512947
0.183576
-0.400303
0.159335
-0.240583
0.0886108
2.67116
2.84412
3.1768
1.21324
1.47323
0.805519
-0.32015
0.244227
0.219395
0.125859
-0.241506
-0.437679
-0.495585
0.416445
0.477456
0.233148
-0.229122
0.994616
0.857074
0.534884
1.18377
1.70749
1.43078
1.56928
0.0978345
1.37446
1.4556
1.70559
0.902956
1.50089
0.233278
1.44787
1.66994
0.820346
0.0338277
0.128782
0.359174
0.0895112
0.222183
-0.311591
-0.344874
-0.322581
-0.491097
0.196743
0.282229
0.303953
0.327985
-0.526707
-0.446175
-0.55453
-0.0814953
-0.183479
-0.513142
-0.203444
-0.452052
-0.480488
-0.651483
0.679793
1.15185
0.873199
0.961961
0.422069
0.0680349
-0.548323
-0.160455
-0.344261
-0.423181
1.375
1.80089
1.93062
-0.625436
-0.697099
0.220561
0.270802
0.272122
0.600807
-0.399389
-0.68757
-0.758122
-0.181978
-0.0887889
-0.227682
-0.678557
-0.00336007
0.311852
0.0164708
0.911417
-0.312406
0.0521423
1.14701
2.03329
2.13387
2.13031
-0.55477
-0.572134
-0.668087
-0.521784
1.19827
-0.665102
0.131801
0.223565
0.115642
-0.00724893
-0.437109
-0.576505
-0.513358
-0.397773
-0.217886
2.06908
1.43133
1.4068
1.58303
2.08389
1.9079
2.1255
0.126542
0.025738
-0.71826
-0.472244
