548
0.622638
0.797592
1.23474
1.77037
0.434138
0.147223
0.549328
1.0186
0.574058
0.565538
1.68023
1.08888
0.0815988
0.0178512
1.69847
1.05547
0.788625
0.963876
0.00609861
1.67504
0.0367867
-0.104693
0.423231
-0.0724702
0.529154
4.2834
1.38973
-0.0320742
0.347392
0.588895
-0.257555
-0.194944
-0.0339219
0.649736
0.631534
0.585702
0.0677444
0.0253514
0.385974
0.861763
1.38095
3.08205
0.0610239
1.09507
2.84533
1.15722
0.160531
-0.468247
-0.326684
-0.408363
-0.359337
-0.326585
-0.582195
-0.410446
0.692921
-0.495226
-0.293437
0.0863933
0.122124
-0.397894
-0.152599
-0.421796
1.70595
-0.311258
-0.0304851
-0.0250267
0.342546
-0.341657
0.242952
-0.3294
-0.0154642
1.12502
-0.168288
-0.0995871
-0.389925
-0.416858
0.0255516
0.0804821
-0.289762
-0.306153
0.180052
-0.0125625
0.381675
0.271294
2.55676
0.494927
0.352255
0.321779
2.42443
5.29532
2.28338
3.53711
3.93008
2.16974
0.184736
-0.267545
-0.280429
0.552907
0.117297
-0.0146379
-0.345601
1.82712
2.47119
1.10158
1.70773
-0.0141208
1.04416
-0.0740714
-0.410987
1.45166
0.55251
1.37951
-0.131212
0.522768
0.171951
-0.161081
-0.154283
-0.503168
-0.280093
-0.188705
0.277455
-0.0128785
2.72904
0.542398
1.0926
-0.0636802
1.20046
3.82227
-0.157819
-0.151793
-0.442229
0.343093
0.166808
-0.310952
-0.0794289
0.912051
-0.301968
-0.362219
-0.392689
-0.336469
1.32813
0.592389
1.06904
1.95935
1.68853
0.830064
-0.131067
1.31199
1.9233
2.63544
2.78862
4.44975
3.55354
1.85545
2.08179
2.51889
0.974022
0.542043
-0.235849
0.492235
-0.30617
-0.0465222
-0.109738
-0.12242
-0.498156
-0.493479
0.668687
0.537548
-0.459101
-0.330879
-0.0361409
-0.129594
-0.0961813
-0.243824
0.168241
0.031403
-0.660227
-0.268802
0.407378
-0.282432
-0.336837
-0.225841
-0.25191
-0.519441
-0.426195
0.188233
-0.079968
-0.282022
2.81
2.12743
0.512116
-0.118781
-0.114854
-0.386976
-0.582846
1.04246
-0.179627
-0.430316
0.924251
-0.140232
-0.146418
0.00582688
-0.306612
-0.000465812
-0.0729186
1.12375
0.000185045
-0.190743
-0.174868
-0.0270756
0.240853
-0.187312
-0.0609403
1.01203
3.43685
0.0556934
-0.163721
-0.352648
-0.309881
0.854233
-0.53798
-0.152749
-0.473359
-0.145827
-0.138441
-0.373569
0.587854
-0.417726
0.0767879
-0.496933
-0.0129862
-0.134739
0.53904
-0.18849
-0.13614
-0.211229
0.0167096
-0.293354
-0.114025
0.0150946
-0.182143
-0.332667
0.158738
0.00630195
2.01889
2.76573
1.26913
1.60938
1.05052
1.09819
1.11592
1.21539
1.55154
0.943374
1.11209
1.5926
1.09878
0.891282
1.0563
1.10862
1.14226
1.0831
1.88252
2.14053
2.05439
1.77774
1.70788
1.7019
2.17417
2.03022
1.70154
1.62137
1.693
2.363
2.13128
3.16157
2.87356
1.59154
1.396
1.48418
1.56457
1.39985
1.9254
1.27566
1.41885
1.74682
4.41927
1.80008
1.77608
2.18929
1.68185
2.03727
1.69934
1.76642
0.575185
0.921291
1.44599
1.25341
1.33343
1.45273
0.417335
0.475212
0.658727
0.578737
1.11142
0.921726
1.01852
1.57858
1.07078
1.15279
0.747955
1.04278
0.772703
1.51998
1.27142
3.22678
1.94749
1.67836
1.90978
1.56195
1.3542
0.884733
0.849968
1.70712
1.02763
0.695255
0.623544
0.688566
0.46069
0.698726
0.636046
0.494132
0.494443
1.21786
0.995693
1.10427
0.960336
0.900348
1.47726
2.97199
1.22243
1.77385
1.01981
0.875497
1.84895
0.378574
-0.0656996
0.972532
1.69569
-0.190565
0.168464
0.25411
0.274213
0.23024
0.126521
0.248716
0.0454042
1.00269
1.78323
0.438704
0.333282
0.0383113
0.098798
0.213857
0.173346
0.17173
0.500138
0.169287
0.136189
0.217396
0.0631402
1.00111
0.0769995
0.0356874
0.165781
0.455278
0.134758
0.126072
0.136572
0.230783
0.617953
1.25377
0.529534
0.475706
1.76232
0.784499
1.56756
1.33785
2.41797
1.4355
1.77449
1.677
1.17088
0.886342
0.418641
0.361301
0.0024569
-0.0478514
0.351441
0.0614939
0.124617
0.701065
0.11378
0.239051
0.0865566
0.554199
0.428356
0.331755
1.26084
1.03515
0.986512
1.51634
1.19602
0.986856
1.20201
-0.177821
0.00590345
-0.192654
0.0251712
0.568645
0.0594232
0.285813
0.0370909
0.361553
0.0834087
0.152366
0.256319
-0.180704
0.280358
0.201086
0.277982
0.158762
0.38137
0.2213
0.0667712
0.169323
0.438117
-0.184767
0.719325
0.037966
0.24564
0.251853
0.426668
0.142967
0.110502
0.0583249
0.0974308
0.345097
0.75005
0.2996
0.573863
0.127519
0.169416
0.566439
0.329898
0.221422
0.405675
0.465139
0.229923
0.329417
0.186888
0.329888
0.199213
0.329752
0.555128
1.01858
0.460645
0.357036
0.205684
-0.0714062
1.62401
0.191408
0.502834
0.14944
0.409674
0.265095
0.133904
0.246649
0.324037
0.59686
0.331642
0.23437
0.351713
0.836011
0.271599
0.505084
0.33179
2.61129
2.30361
0.246549
0.394019
0.838505
0.114008
0.232615
0.917897
1.35457
0.166093
-0.0584772
-0.031541
0.353584
0.279881
0.0620297
0.13736
0.0635268
0.4484
0.81986
0.532524
2.92104
1.43263
0.667453
-0.0607753
0.459473
0.0309128
0.00265401
0.0995755
-0.0165019
0.0710662
0.11494
0.314512
0.608406
0.234683
0.118556
0.330968
0.405899
1.49612
0.431888
0.464927
0.316074
0.0773801
1.7749
0.388128
1.05339
0.65981
0.190746
0.725834
1.02549
1.06867
0.774654
0.298493
-0.109269
0.309648
0.137323
0.0711866
0.0809982
-0.166566
0.133377
-0.169614
0.464893
