546
0.751611
0.419028
1.839
0.34386
0.153929
0.529726
0.51426
0.319991
0.0163722
1.41656
1.58176
1.52594
-0.214646
1.64626
-0.11062
-0.191318
0.476823
0.355107
0.354968
1.72606
1.96188
2.06277
1.21375
1.49017
0.933409
0.544194
0.512462
0.451253
1.51517
2.0178
1.97874
1.80405
0.459048
0.151114
-0.17219
-0.587524
-0.484071
0.077664
-0.204187
-0.228546
-0.197877
-0.127458
-0.0128634
-0.0754288
-0.0981787
-0.0656786
1.20763
-0.0739981
-0.40788
-0.518812
-0.288697
-0.259634
-0.22517
-0.122996
-0.563833
-0.50547
-0.215133
1.4811
-0.412085
-0.273705
-0.186104
0.11692
0.443761
-0.166335
0.156451
0.124648
-0.128479
-0.0365101
1.28795
-0.0211155
0.04474
-0.362838
-0.397338
0.782637
1.2594
1.07778
0.0104745
-0.0846455
-0.377475
-0.584123
-0.305895
-0.362178
-0.402162
-0.67555
0.160893
0.212896
-0.153308
-0.289849
0.0128881
-0.0243668
-0.517207
0.549268
0.70582
0.288846
-0.643345
-0.378296
-0.334351
-0.510285
-0.310309
-0.0542404
0.197945
-0.2472
-0.0501953
0.275741
0.376736
0.28168
0.119053
-0.210956
-0.475151
-0.533043
-0.575691
-0.25496
0.973743
0.18375
-0.544526
-0.257479
-0.195003
-0.18899
-0.196868
0.165012
-0.0732655
0.471955
-0.199576
-0.26152
0.313149
-0.511057
-0.41468
-0.347701
1.38958
1.51828
1.74973
-0.413423
1.33034
1.54371
1.3583
0.310968
-0.396454
0.455642
0.68646
0.733863
0.443271
-0.369436
-0.356809
0.140556
1.65232
1.77694
-0.232755
1.78153
-0.622017
-0.218805
0.282254
0.408584
0.509614
0.44375
-0.0590649
0.007783
-0.113875
0.289598
-0.0327217
-0.0113114
0.759949
0.805387
0.250823
-0.119618
-0.529187
-0.355179
-0.192482
-0.441849
0.126958
-0.065216
0.631699
1.64635
1.90705
1.86582
1.50164
0.772616
2.54688
2.53666
2.32424
0.716484
1.00849
-0.161943
-0.167794
-0.17991
-0.207899
-0.197405
0.256895
0.344441
0.100365
0.329305
0.910748
0.259222
0.449641
-0.454482
-0.504005
-0.753071
-0.479581
-0.517748
-0.572685
0.326128
0.426622
0.554878
0.503217
-0.453885
0.0758804
0.125055
-0.0704915
-0.21904
-0.635516
1.31848
1.36788
1.68111
-0.414183
1.67665
1.63443
-0.899094
-0.948576
-0.768947
-0.676645
-0.385681
0.156903
0.181737
0.294695
1.06783
-0.468583
-0.472672
-0.538219
-0.789214
-0.640639
-0.536281
-0.134044
-0.443941
-0.174064
0.24067
0.336222
-0.569612
-0.129899
-0.48746
-0.358281
-0.296733
-0.669315
-0.0198824
-0.0640509
0.00867904
-0.437418
-0.134282
-0.537211
0.134865
0.532445
0.194272
0.33336
-0.146705
0.0619434
-0.323033
-0.185836
-0.238988
-0.528149
-0.0235326
-0.469391
-0.359565
0.04007
0.396895
0.481186
0.322623
0.166154
0.5025
0.27472
0.0950649
0.165726
0.213987
-0.24548
0.670301
0.814848
0.566013
0.225153
0.182439
0.134456
-0.0987782
-0.391526
0.815866
-0.369023
-0.158503
-0.15971
-0.0884069
0.862263
1.26492
4.16148
4.1051
4.2428
0.361818
0.915783
0.110397
2.24235
2.45147
2.48401
0.460652
0.31805
0.396016
-0.127748
-0.266936
0.0769511
2.96736
0.144485
1.15635
1.28533
1.19509
1.13275
2.32128
2.25015
2.19201
1.37038
0.688059
2.80369
0.626463
0.961249
-0.084139
0.0584374
-0.0804694
0.843832
0.995092
0.577941
0.161192
-0.18793
3.24426
-0.0230156
-0.395182
-0.338634
0.16927
0.774048
0.772129
0.415479
-0.514428
-0.422303
-0.378605
0.897791
2.07434
-0.591868
-0.263021
-0.37399
-0.219912
-0.298512
1.13311
1.50764
0.933177
0.412266
0.0240883
1.96907
-0.0150289
0.0693787
0.4652
1.37464
1.34591
1.44124
0.459363
0.506468
0.64687
1.3614
1.26178
1.41814
1.40957
1.38924
2.43218
2.28548
2.29079
2.19719
2.02472
2.36768
1.62618
0.981762
1.84799
0.050489
0.06627
0.132046
-0.367804
-0.852515
0.462009
0.299599
0.983164
1.27533
0.459047
1.08
1.03918
0.11263
-0.418686
0.0312901
0.124004
-0.0063851
-0.180813
-0.259056
-0.301605
0.459327
-0.195026
0.134283
2.71686
2.65147
2.87373
1.68558
0.432124
0.424288
0.41266
0.37487
0.360907
0.197623
0.30867
0.431653
0.68841
0.788318
1.759
1.57248
1.75573
1.54924
0.808508
0.089171
0.80396
0.000312699
-0.072056
0.466857
0.297312
0.203593
0.421945
0.562391
0.312529
-0.366577
0.201451
1.23724
1.26643
1.62537
2.14533
2.24245
2.34625
0.0273586
-0.330814
0.778187
0.783265
0.427023
0.270553
-0.651486
-0.406693
1.03457
1.07645
1.31595
1.18501
1.25669
1.05361
0.296002
0.526376
2.87063
1.56054
1.80203
2.13307
2.23346
2.23662
1.99989
1.75037
1.94845
1.90144
1.84527
2.88985
0.89327
1.26501
0.993055
1.03538
0.280835
0.193103
0.498244
0.69794
0.451208
-0.237896
3.06778
0.121532
0.401258
0.387863
0.629363
1.37356
1.23048
1.35141
-0.0970164
0.0664959
1.769
1.28307
2.20528
2.17989
2.03732
2.11528
1.90979
1.96887
1.28029
1.26933
0.410781
0.30952
-0.243991
1.27777
1.17013
1.75638
4.48836
4.41619
4.48961
-0.407443
-0.334648
-0.326195
-0.380117
-0.722391
0.40625
-0.0841497
0.11568
0.386441
0.718243
0.790941
1.823
1.7568
1.75117
0.870969
0.611045
0.224975
1.08114
1.00543
1.03145
0.456068
0.456064
0.171947
0.38719
0.434978
0.526291
0.38021
1.44411
0.0757448
0.0134203
0.494021
0.51388
0.438793
0.425527
0.50651
0.655063
0.731745
0.703532
1.79445
2.88379
2.72378
3.01902
1.13928
1.06208
1.06496
1.13675
0.925063
-0.299344
0.52208
