546
0.714756
-0.518047
1.63481
0.551932
0.373614
0.306401
0.723067
0.790234
0.621796
1.6941
1.65372
1.75065
0.239941
1.18275
0.268602
-0.326141
0.454828
0.78826
0.565734
2.68305
2.38945
2.33051
-0.351243
0.297431
0.853607
0.0368582
0.636091
0.0646191
1.05067
1.48024
0.879379
0.278952
-0.0318359
-0.0948357
-0.825199
-0.00290579
-0.678026
0.0114568
-0.43474
0.137506
0.550054
1.19178
1.44255
0.645304
0.970918
1.19713
1.15354
-0.057179
0.62355
0.992701
1.11134
1.23432
1.12673
0.674587
1.00866
-0.143141
0.743584
1.35093
0.61706
1.19346
0.635512
0.540464
0.576801
2.40221
1.18766
0.928124
0.0817551
0.814887
1.33549
1.11376
0.67964
0.54199
0.356199
1.25912
1.31691
2.00057
0.815762
0.726547
-0.48641
-0.133526
-0.14526
-0.291934
0.446854
0.702788
0.849533
0.655419
1.03756
0.638609
0.663165
0.762044
-0.869637
1.58087
1.0681
1.24817
-0.229268
-0.16198
-0.0589388
0.475485
-0.0916597
0.435508
1.0832
0.222909
0.102582
1.0294
0.883616
1.2475
0.056275
-0.0429383
-0.159288
0.11971
0.921201
0.711437
0.195674
1.23613
0.867785
1.21716
2.33122
1.85475
0.985408
0.691025
0.271441
1.07091
2.10789
0.968597
0.312025
0.38238
0.303122
-0.64106
0.719742
2.25919
2.61135
2.51363
1.42151
1.627
1.81042
0.449546
1.11873
1.09214
1.50398
1.12957
0.457373
0.222077
-0.0477392
0.430477
1.99073
2.13324
-0.655636
1.11946
0.636578
-0.349971
0.16269
-0.388395
-0.0220089
0.565205
1.04579
0.67767
1.20596
0.650724
1.9799
1.59455
1.69334
1.16046
1.1162
-0.410506
0.0870283
0.791461
0.351144
0.168255
-0.198539
0.389238
1.18456
2.08603
1.66166
1.41825
2.11288
1.93684
2.24548
2.36781
2.07309
1.32045
0.568521
-0.183963
0.0777707
-0.0592542
-0.0547431
0.511798
0.394414
0.740061
0.846301
0.775796
0.871977
0.626087
0.901575
-0.705445
-0.0646995
-0.561684
0.358261
0.377761
0.661497
1.38169
1.46249
1.1848
2.26428
1.56238
0.778969
0.697725
0.942715
0.820234
-0.660748
1.37611
1.15641
1.88304
0.0584561
1.44762
0.947089
0.680712
-0.119151
0.283378
-0.231199
0.247965
0.545197
0.534588
-0.0661004
0.590025
-0.217932
0.936444
0.00514563
1.0511
0.43657
0.279384
-0.031026
0.835059
0.306211
1.54467
0.887761
0.170672
1.49833
0.0554117
0.45479
0.695913
0.892976
-0.121718
0.349352
0.260537
-0.40321
-0.191628
0.314047
1.31876
1.28786
1.26751
0.248739
-0.16537
-0.0865358
0.265773
-0.172388
-0.336252
0.076126
0.857434
-0.326939
0.0808577
0.206099
-0.193821
0.741702
1.23917
2.24262
1.34666
1.0158
0.180096
1.33287
0.935167
0.579447
1.13349
1.66655
2.11971
0.81096
-0.0672006
-0.260571
-0.290789
-0.235869
1.64505
-0.677643
-0.145272
1.06989
0.91592
2.35484
2.12863
3.06957
2.75752
2.29989
0.915862
0.654822
0.247682
1.4919
1.90251
1.37419
1.05618
0.985315
0.76288
1.38546
-0.397976
0.483415
2.12119
0.437663
1.41389
0.973579
1.66739
-0.464803
1.30842
1.33102
1.1948
-0.00531888
-0.121539
2.05453
0.598562
0.528605
0.86173
0.863407
1.48964
1.10638
0.611561
0.657889
-0.382751
-0.396772
1.96327
0.137248
0.0403483
-0.0823867
1.89254
2.34934
1.56364
0.473318
0.75407
0.565068
0.430064
-0.227869
0.828565
0.151571
-0.1734
0.0615831
0.625546
0.724955
1.72208
1.49355
1.35762
0.237758
-0.64196
0.811551
-0.658693
0.0990887
-0.384604
0.740718
1.19773
0.85044
1.59675
1.19203
0.996116
1.55967
0.617624
1.82709
0.998991
1.55315
2.0389
1.93623
0.0302752
0.0951421
-0.175592
1.43335
-0.135406
0.350213
0.281096
0.0666338
-0.0701112
0.231424
-0.323429
-0.700438
1.11237
1.30788
1.84289
0.684561
-0.269365
1.40957
0.137586
-0.295732
-0.147296
0.760934
0.598796
-0.317354
-0.658041
0.227538
-0.235162
0.179508
0.661242
1.23374
2.84656
2.67819
2.22663
0.314594
-0.45738
-0.522046
-0.3983
0.407628
-0.127591
-0.412571
-0.0450981
0.0605156
0.956888
1.25285
1.58405
1.04862
1.58826
1.54653
1.61774
0.20794
1.86136
2.37294
0.88794
1.33883
1.0752
0.301514
-0.517279
-0.107522
0.470018
0.207268
0.775311
1.21885
1.59768
1.0243
0.925441
1.49674
1.89367
1.80882
0.594417
1.1986
0.390178
1.72087
1.24109
0.0186187
0.347598
1.06133
1.61667
1.32838
1.27891
0.885825
0.766039
0.215842
-0.0475449
2.69962
1.41252
0.369611
1.47172
0.390231
0.493507
-0.0625757
-0.177853
0.39459
0.916661
0.704194
2.50745
0.520188
1.31479
1.08904
1.17169
0.0564576
1.06615
0.950729
0.782006
0.590517
-0.0787937
1.98393
0.481262
1.06461
0.726148
0.543474
1.22048
1.61866
0.90882
0.250071
0.0284195
1.82376
0.50086
2.32859
0.927208
0.164567
0.650997
0.14606
0.967645
-0.102857
0.205837
0.224447
0.399136
0.0866914
0.274277
-0.0565333
1.29149
3.07976
2.91646
2.35086
0.305467
0.353258
0.171099
-0.502769
-0.471313
0.021341
0.565669
0.915291
1.34467
0.827916
1.57384
2.44211
1.91175
1.41245
1.49851
0.38719
0.284032
1.26535
0.781865
0.588313
-0.217772
0.103392
0.173657
0.519588
1.27322
0.079709
-0.248892
0.895061
0.30586
1.09189
1.75347
0.993495
0.0523776
-0.527276
0.163121
0.7485
0.537677
-0.0474536
1.45161
1.94165
2.29577
2.17297
1.21958
0.64387
-0.112546
-0.224936
0.121951
-0.0884291
0.239275
