109
-0.327014
0.604971
0.738364
0.578827
1.50158
0.999147
0.226367
0.833799
-0.0197781
0.494594
0.0418827
-0.594201
-0.0716946
0.326456
0.797372
0.872997
-0.411331
-0.164045
1.10305
0.488159
0.300195
1.4094
2.26728
0.528675
0.895654
0.854474
-0.0871436
1.222
0.891566
1.71936
-0.327007
0.378684
1.21957
1.59342
0.960528
0.531596
1.22409
-0.448772
-0.154417
0.545173
0.722162
1.335
0.397034
0.637716
0.590246
-0.0439741
-0.129538
2.26714
-0.581241
2.03522
0.116879
-0.676193
0.837115
0.0315531
0.289277
0.611852
0.331558
0.587079
0.525324
0.76897
-0.42046
0.32432
0.798796
0.963729
-0.447621
-0.825866
-0.589123
0.0101986
0.53217
0.360974
1.36322
0.917246
0.639503
0.683518
1.72836
-0.148447
5.41217
0.19685
3.03483
1.88975
0.847001
1.18506
0.525901
0.774108
0.550202
-0.0391543
-0.262551
1.49886
0.0808719
1.16568
0.887983
-0.78994
2.00322
0.301268
0.214387
0.404172
1.90527
2.40971
-0.662098
1.42301
0.0975383
0.494283
0.749606
1.48248
-0.00170113
0.162968
1.86395
0.237726
2.05066
