544
1.2527
0.652896
1.19831
0.94897
1.15197
1.35734
1.17135
1.95343
1.95793
0.686187
0.846164
0.836699
0.667973
1.88131
0.603313
1.20849
1.41623
1.29126
0.724491
0.716132
-0.425529
-0.539733
-0.210697
-0.594609
1.2152
-0.0351964
-0.708833
0.568422
0.519877
1.38805
1.39208
1.14163
-0.032803
0.830831
0.960608
0.0904971
0.72912
0.735988
0.219775
0.556957
0.90527
0.810231
0.782413
1.09156
0.716946
1.09436
0.353745
0.951769
0.98052
0.195648
0.132793
0.215692
-0.209354
1.06756
1.03547
1.10994
1.4794
0.66159
1.87997
1.2917
1.67109
0.965404
1.03172
0.393584
1.00402
0.0266074
0.38867
-0.012143
0.772204
0.410113
-0.0532242
1.3868
1.24005
1.09018
0.949434
0.968743
0.0634257
-0.087139
-0.36283
0.817715
0.116899
-0.192269
-0.141211
-0.126735
-0.25156
0.0308332
-0.0463767
0.204391
1.35874
1.43417
-0.012049
1.33568
1.40518
0.471006
0.7748
0.482355
0.778561
0.895776
0.670344
1.02553
0.952463
0.908769
0.346474
0.509431
0.443247
1.15154
1.45476
1.66838
1.39564
1.16552
2.00502
1.50294
0.924877
-0.202363
1.67906
1.09365
0.561872
0.274666
1.52517
1.78465
1.30891
0.902386
1.19446
-0.455625
-0.26922
-0.467266
1.2258
2.3707
2.1363
1.98774
1.8822
2.11862
0.471269
0.793971
0.617798
-0.679592
0.42472
0.0958684
-0.315329
-0.183845
1.51262
1.6685
2.18186
2.3248
2.66529
2.2992
-0.494728
2.239
1.63463
0.927862
1.25299
-0.378592
0.0549508
0.325173
1.05575
0.915895
1.00442
1.0279
1.20651
0.615799
0.55628
0.400652
0.257897
0.220196
0.215039
0.686833
1.23046
1.24701
0.980858
0.577687
0.972889
0.848542
1.07397
0.97911
1.03367
1.45399
1.28088
1.35598
1.50158
0.956772
1.30875
0.812292
0.227769
0.934899
0.877867
0.703264
0.893484
0.629577
0.267974
0.34641
1.43722
-0.290176
1.22778
0.899473
0.874505
0.42209
0.801952
1.23031
1.01375
0.981501
0.963881
0.854727
1.14472
0.590014
0.135348
0.00447801
0.165766
0.0613235
0.417263
1.0865
1.27278
1.33677
0.578598
1.25672
0.770633
0.222366
-0.361299
0.24559
-0.0987847
0.0559771
0.213852
0.567929
0.104045
0.999841
0.641651
1.07478
1.28342
0.844986
0.227091
0.614202
0.15371
0.833537
0.619918
0.853368
0.306882
1.17316
0.421423
0.12064
0.286842
0.370182
0.0355557
0.258721
0.798734
0.77123
1.24444
1.7569
1.31706
1.27637
1.215
2.02319
0.691008
0.0770385
0.222523
-0.282609
0.482613
0.718509
1.16646
2.02344
1.2141
1.47203
0.997593
0.768161
0.397986
0.189062
0.613444
1.31434
1.40976
1.20161
1.11542
2.0678
2.29812
1.49594
1.6911
1.205
-0.0638894
-0.0856826
-0.380963
-0.278344
0.0321601
1.98457
-0.342403
0.0686168
0.481732
0.209978
1.38217
1.23685
1.4311
1.44133
0.458057
1.80576
1.83545
0.93487
0.965362
1.3012
1.78725
1.29112
0.818261
0.93743
1.5376
0.441811
0.283147
1.56528
0.664907
1.21135
0.333237
0.724415
1.08652
0.692544
0.799634
1.18275
0.982584
1.40715
1.20152
1.84954
2.13296
1.76811
1.25429
1.54056
1.01019
0.219122
1.00133
1.06275
0.778538
1.62178
0.70471
0.359619
0.338807
0.189325
0.558809
-0.259535
0.534049
-0.160724
1.2728
1.22476
0.716338
1.21818
1.36205
1.33087
1.44564
1.60875
1.93628
2.26888
1.60952
1.8093
0.928062
-0.446819
0.330534
-0.332632
0.126322
-0.211398
-0.451867
-0.540057
0.0920008
1.01006
2.12785
1.76225
1.73928
0.554575
1.56808
1.08979
0.305212
0.0932845
0.0923253
0.183943
-0.129446
0.293438
0.625542
0.114826
-0.284649
0.38127
0.589011
0.391834
0.187654
0.839861
0.738827
0.60001
0.583425
0.658496
-0.664343
-0.441932
-0.41294
-0.76144
-0.441808
-0.174576
0.559447
0.273148
1.07218
1.30474
1.09552
1.53945
-0.352141
2.77964
2.18205
1.77934
2.03552
1.11721
-0.628703
-0.966887
-0.441067
-0.228147
-0.571442
-0.552549
-0.234357
0.803686
0.364468
1.22918
1.08609
1.49863
1.52377
1.97763
1.43414
1.51796
0.035125
1.18661
1.27752
0.0899953
-0.226762
0.311355
0.282431
0.487257
1.2833
1.30411
1.90386
-0.0428853
1.53361
2.5977
2.22015
2.55741
2.57354
2.44009
1.58365
0.445254
0.803768
-0.164864
0.172244
0.47829
0.192837
0.450453
0.462749
0.564614
0.212858
0.142135
0.675373
0.439133
0.106319
1.75381
-0.143575
0.385551
0.350569
-0.00222714
0.520831
0.233162
0.641018
1.12742
1.49647
0.407424
0.492971
0.820604
0.605343
0.178112
0.32284
-0.174141
-0.129038
-0.0258376
0.646653
0.698389
0.907735
1.28052
0.120124
0.7761
0.710053
1.05457
0.841374
1.48987
1.00552
1.64596
2.08155
1.68162
2.03301
0.332125
1.60277
1.24691
0.949757
0.342026
0.647985
0.952196
1.01006
0.610844
-0.26394
-0.0263963
0.388067
-0.0496911
1.81359
1.41773
1.31915
0.607364
0.670771
0.840813
0.496235
0.217637
1.34293
0.233145
0.561232
1.08252
1.96486
1.84199
2.14905
1.98681
2.22121
1.41379
1.14786
1.5265
0.997804
0.853664
1.17617
0.517222
0.820917
0.0197858
-0.397874
-0.00989031
-0.157607
0.341918
1.60618
0.390495
0.677111
1.08849
1.06883
0.512582
1.11895
0.988453
1.09991
1.48418
1.89706
1.65382
1.47465
1.15267
0.483978
0.376349
0.210416
0.0514487
0.235393
0.11702
-0.353644
-0.192271
