182
1.7193226508319153
1.3078042679864275
2.3288860837004157
-0.8843321028707105
-1.3201696794933742
-0.4069320921239747
1.7784995202222782
-0.5565426438123322
-0.6647495447100155
-1.0309618183809885
-0.0288104935431883
2.3124304328543515
-0.8529106721411198
0.002923105309002384
-0.8357877002194171
-1.0307839132936318
-0.8948307072386653
0.06082879571787483
-0.6800303673960041
-1.0994392432901658
1.3783643100576224
3.701736139063966
0.038235479420094934
1.6674704202066877
0.4334814855506342
-0.6331432198667115
0.8157515903270139
-0.310504846736674
0.2771542050055934
-0.5161993987897066
-0.09199816431582283
0.06418050342655272
-0.9236458395071356
0.0034659218411400186
2.7841303620965117
-0.036465723359742803
-0.011967277352144614
-0.7066453537750004
-0.9777740465965997
0.36475259296399165
-0.3857607411011485
0.648632528815121
0.02386763615062162
-0.5321852234135707
-0.6875070703533688
0.11379202888954423
-0.08814658429086294
2.647075889934126
-0.7816732464084055
0.7386438665766388
-0.44867541587783705
0.10745679287737737
0.04302796833089023
0.3450944482445006
-0.3742872118250618
0.08108322959159013
-0.05572210561822277
0.03848880557085922
0.05788914244951421
0.827008081128049
-0.7957883620254727
-0.496770834527778
-0.6774859241827422
1.0407813902272092
0.2066804050736342
0.11789325906259931
0.3527778057126451
0.6805322317536057
-0.005608812037311798
1.6016325902710242
2.821752024211175
2.1148358917888594
1.2952543843211317
0.4385653525666133
0.9586813909497791
-0.1483072268913981
2.413671203498054
-0.8434993206599076
2.175486696040847
-0.6343333594640064
1.443899237289619
0.10842762223828026
0.5569290912946693
0.23671321322090047
0.20123813136563476
0.17768420778080893
1.442692594354944
0.4568192300080848
2.1167038592695424
1.3235278937955322
-0.3268583952896138
-0.49083934368445925
0.2728082571927628
0.5173891971527269
0.9956162101538758
-0.7894757579392685
-0.8749576430168741
-0.6099693880582059
-0.3726560320573491
-0.23089346776155611
1.0748016746496656
-1.4029840830589846
-0.9318914567021764
-1.0693627718760195
-0.7909978861824036
2.170394649760598
0.09472146291415577
0.4897163360014524
-0.4889342262994246
-1.1084082400208475
-0.7245691558973962
-0.7616294355001939
-0.9956237222832984
-0.40136165298082843
-0.19790943735899263
-0.9822772919964321
3.1212200275432957
-1.1167174683426004
-0.04699740740557246
-0.7980260311709583
-0.8725762970313886
-0.8103578770178517
2.083002717764471
-0.020620854683225606
-1.2612988509508618
-1.0009359940958003
-0.8805336641182265
-0.058473078658830425
-0.22831839175070076
-0.45436934606656026
-1.1036468417192125
1.7287801909290637
-0.6190922689462839
-0.08634675707023746
-0.6706327827898584
-0.5236467610535153
-1.0715400062721805
-1.0302426754252108
-0.3208344777989652
-0.7441392822565067
-0.7272790264501189
-0.7809481218550833
-0.8005104352782212
-0.5732799332293127
0.23905753834904553
0.11625616276766265
-0.36941695053380064
-0.42899719281120474
-0.6187305943109834
0.1348667215818311
-1.277964006163094
0.046576856874606776
-0.8238397648232748
-0.8783406899061008
-0.020949552191378448
-0.8435598913213789
0.3831260970119232
-0.18143361478550868
-0.6091695080100125
-0.827431178951757
-0.04510198437534692
1.0049336976344418
-0.6677151423924919
-1.2921624156683649
0.33568631431757334
-0.828147547347469
-1.074005227358259
-0.4094221642630029
0.4660234388994887
-1.0116889687883035
-1.0575682333280692
0.19468021358780385
-1.224614652105595
-0.5301597382145491
-0.6585914297249228
0.7115698695083801
0.6029987931159044
-0.37577340567341494
-0.6754234550322341
0.26142184452640155
1.0675258318988197
-0.7742844803996436
