182
-0.198872
-0.192715
-0.316984
0.300569
0.235402
-0.0207682
0.030244
-0.0672445
-0.347389
-0.134496
0.729407
0.382268
-0.417346
0.704746
0.687963
0.206006
-0.18463
0.804205
1.66385
-0.447116
-0.376119
-0.112008
-0.448998
2.40073
2.40902
-0.509428
2.76792
1.4175
0.335442
-0.155885
0.0115535
0.173493
0.736881
0.844226
1.76955
2.81805
0.594317
-0.102856
0.36506
0.716579
0.926823
1.04958
-0.32452
-0.802383
-0.478194
-0.226149
1.37414
2.90477
0.464806
0.376107
-0.474343
-0.505976
0.451019
-0.445511
-0.203618
-0.38797
-0.584519
1.11132
0.0935085
2.38203
0.582026
0.398117
-0.271267
1.83687
1.33853
-0.0808567
0.424043
0.154186
-0.11287
0.735875
2.51177
2.41709
0.249584
1.18199
0.584364
0.504225
0.475358
0.456452
1.23619
0.356816
0.986536
1.06545
0.490154
0.928067
0.820857
1.79436
2.15627
2.21663
2.44419
2.14636
-0.174576
1.30603
2.79937
-0.691458
-0.62784
-0.721741
-0.678579
-0.0620457
0.164045
0.831154
0.17488
-0.781401
-0.223989
-0.246334
0.0962308
1.81623
2.00927
0.456036
0.490708
0.210983
2.44395
-0.607609
2.45087
-0.551469
1.75121
-0.644782
0.608126
-0.663489
0.0722729
-0.414477
0.462611
0.493808
-0.00173306
-0.367147
0.290909
-0.511886
-0.695704
-0.0797891
-0.0667503
0.618111
0.068051
0.0798248
-0.590801
2.57351
-0.170757
0.232014
-0.783672
-0.434194
-0.0863277
0.270808
-0.454892
-0.409806
-0.228936
-0.655915
-0.351139
0.34475
0.417229
-0.557894
1.50828
-0.064018
-0.735983
1.85108
0.704612
1.33704
-0.0082352
-0.455102
2.6452
0.473226
1.06604
1.54435
-0.314928
-0.269477
-0.3203
-0.246606
-0.0167477
0.409108
0.760737
0.947344
0.185724
1.19139
0.627248
1.4312
0.233589
0.339002
-0.274224
1.78619
0.810873
0.0983245
0.63719
2.67262
0.393895
-0.0254857
