182
0.669191
1.09539
0.0194902
0.265711
0.821281
-0.0797201
0.469708
-0.123836
1.02147
1.12404
1.878
0.250458
0.0662487
0.788629
1.20698
0.97606
0.499508
1.35749
1.79938
0.617502
-0.393317
-0.0690674
0.208438
2.67266
1.81605
-0.634573
1.20634
0.923881
0.953674
-0.32265
1.22178
0.888785
1.60883
2.00417
1.27993
1.6365
0.579095
0.0119536
0.491462
0.581301
1.25837
1.62706
0.524921
0.112331
-0.141232
0.196612
0.563263
2.26877
0.282256
0.203109
0.0957666
0.613811
0.173266
0.843681
-0.208543
0.269008
0.595208
-0.533515
1.34004
2.64017
-0.641351
-0.0206591
-0.281852
1.44836
1.9479
1.54759
0.0434867
0.483912
-1.02119
1.61292
2.08601
2.22438
0.260462
0.38682
-0.23877
0.409592
-0.667947
-0.111686
1.00227
0.521069
0.942898
-0.0276981
0.129091
1.25791
0.585245
0.78134
1.85793
1.21445
0.572769
0.306634
0.32434
0.375835
2.14514
0.966771
0.462542
0.368126
1.38329
2.02729
1.4557
0.612966
0.608706
-0.702687
1.25739
0.0684484
0.838458
1.74477
1.59745
0.648432
0.466402
-0.986813
1.45597
1.10484
0.834635
0.166452
1.74892
-0.3913
0.77277
-0.247427
-0.47184
0.813349
0.179673
0.297019
0.372739
0.367078
1.43128
0.33355
-0.38885
0.47056
1.95482
1.17992
0.657022
0.298516
0.538965
2.03752
0.394337
-0.584725
-0.130034
0.753205
1.00586
1.65069
0.819647
0.436789
0.840932
0.257008
1.14139
1.54072
1.07494
0.653479
1.69892
-0.0196117
-0.555824
1.87041
1.65524
0.838808
0.323621
-0.728363
3.0813
1.99945
0.310084
0.558052
-0.782621
1.09677
0.711466
0.0181208
0.568582
0.903173
1.33574
1.78613
-0.0153975
1.04705
0.414317
1.50768
-0.11271
1.42546
0.290838
1.7105
0.495794
0.197906
0.793152
1.42613
0.200636
0.534723
