546
0.8829912525814959
-0.23920083816721258
-0.08480063794692354
-0.13454131703828326
0.8060625747680165
1.3381676635631539
1.5070965481058893
0.41526449204516164
-0.2386603502536755
-0.7810972278923101
-0.6368293443835007
-0.791578899447554
-0.9433919281927294
0.23845656220796801
-0.6080194339890626
0.37470443607197307
0.8462914894194096
0.35121744234212604
-0.7074241552415309
-1.2407984352439465
-1.3600157795144037
-1.3224763068261625
-1.1257907156086706
-0.5766877521168925
1.287926792197785
-0.36381789469933357
-0.13390487544542043
-0.40044034665188805
-0.2067171335803984
0.25021911013305564
-0.2272509599277214
-0.6498270060080242
-0.7934580383903889
-0.4430541365883607
-0.7567769741706275
0.9629771895384688
-1.1101448369785756
-0.9543463324753236
-0.4632594571386011
0.12675309489058123
0.6113928173771119
0.37276921193129814
2.7609914303118566
2.853669491221727
2.786315624394446
0.06115374927754508
0.49512721204700577
0.012007490434784373
-0.7860903063242315
-0.5761644098563491
-0.4599087950007745
-0.878421235057154
-1.0399338148243118
-1.429987195102823
-1.4758723073529247
-0.4468212793964887
-0.41041968283236385
-0.04256545818737103
-0.726107810199964
-1.1957724354423955
-0.4573786541794435
0.4050992277576004
-0.24524171053021207
-0.8700213652774471
-0.5705863480717238
-0.8545848327975032
-0.6784554802317181
-0.97439160234726
-0.7191049934758252
-1.0061812074875933
-0.8860379486730717
-0.7079236126222106
-0.7516413883203412
1.300983390241572
3.2617759692321635
2.133996938274454
0.32865877376615976
-0.15258404230528516
0.648664723062391
-0.5225464479439706
0.03360351321139274
-0.6527832512848316
-0.6653535881722046
-1.0003540233066222
0.4228764951866825
1.1007851764672738
0.9025213322743942
-0.10258952790306575
-0.1817751071474278
-0.8090293609508895
-0.356631524870468
-0.9615969769462339
-0.672079488487956
-0.971372891732362
-1.0130809889657535
-1.070089438722185
-0.5878252702574644
-0.9364733577331723
-0.5038691408204515
-0.30768610172849276
0.4339746667168342
-0.46154753483597444
0.7393757670787371
0.5104782711250249
-0.031024805214882368
-0.6099240967316444
-0.4684879446493923
1.4415349096568781
1.4460156510649136
0.6415887845069183
-0.3531101297693109
-0.47169023113457337
0.2637228444467539
-1.0312259946132725
0.7084624067706337
1.0235499861140913
0.9918189352045033
-0.18532095564807188
-1.0144552177203339
-0.2980002653275718
0.6428604808961899
0.3464634659471417
-0.5086103380887886
-0.7588734775906092
-0.01139173009325412
-0.6879409404017751
-0.9527796483045926
-0.8639910609670515
-0.20972245345197793
0.9545889245948165
1.3667592520397243
0.509033763295267
-0.4930166300684755
-0.2355671970897025
-0.4294687306767797
0.6085033174597739
-0.7247649278066443
-0.6929556504167523
-0.8513075345915557
-0.436613228037608
-0.10456863865042472
-0.1465594210057324
-0.44211061540443164
0.43957471552734845
1.4481168644797127
2.024288810568198
0.11827757968469188
0.004779457186983714
0.4914112925818731
0.006984497503026989
-0.3614284423975928
-1.0269376166705984
-0.5861606598655565
-0.3367350772091762
-0.5039171291913442
0.4049801659191143
0.32361829530477887
-0.6167159808017136
0.15242948679173463
-0.26130242884757593
-0.20146184450765378
-0.7666521747214822
-1.0363617099978637
-0.12304150287095053
-0.05655431095854754
-0.17390427104901568
-0.9086732747135495
-0.5663385627610813
-0.8630959919466162
0.15671251484531537
0.03482912302981001
-0.19765552895196078
-0.22152373590514426
0.2664870669964094
-0.49446635421846286
-0.3053591747298727
-0.4336259449060809
-0.18591052426883056
0.20665251189827538
-0.6896417178951024
-0.08193801804657383
-0.6587373076873672
-0.8508393045239548
-0.4577896034704804
-0.5530033221986784
-0.8165019151924797
-0.7601317320453339
-0.3859254127038248
-0.5014850663758579
-0.02362688274833081
-0.6773106550318201
-0.5738628000106628
-0.8410228600859506
-0.9781674870947308
-0.02053933697296169
0.001518806120322284
2.096312002348009
2.4309218382895783
2.372915221492592
-0.12670870209324098
-0.4841781545317738
-0.13641865326194785
-0.6458941606896731
-0.5753024531831628
-0.6960206981678962
-0.9883939777640441
-0.9693895893815047
-0.9804342086239823
-0.5721137755544901
-0.2763090664891026
-0.6206313197061909
0.7027869320709363
0.6907885837620483
0.8092772532714001
0.5703850283240705
-0.08279874907613125
-0.16574134007775643
-0.3703874634058124
-0.31502395910861386
-0.504250299856102
-0.33842405312654333
-0.5624446886326567
-0.054854100745392494
-0.4606553161510394
0.7161244036584613
-0.38606909648583293
-0.7010032533955521
-0.2583555678163334
0.13222690454690025
0.40406657067399543
-0.6922836688622728
-0.3323886323123664
-0.45708239092314684
-0.15133851627498182
-0.21133231480186804
0.9118662309452494
-0.27394550696977293
0.3592989607237858
-0.5887344457597264
0.9177910052669304
0.5408159653478896
-0.28188731313385107
-0.7634034766885199
-1.0660310538984104
-0.8409205869768556
-0.9182318001734386
0.5717956281629978
-0.3079053700431828
-0.5269539054247009
-0.6067435200095915
-0.46642347779190785
0.26149714178797007
-0.2149390021893534
-0.5903352533550827
-0.8387561697668979
-0.468236032691876
-0.7891618098980008
1.7552955804127748
-0.5602037795438476
-0.9663876683717927
-0.767258413588114
-0.6820670251281441
-0.28878389157800605
-0.008576801847707344
-0.49206599214173535
-0.060571941169562306
0.8905791305212974
1.8417938049526352
0.9137269842651691
0.8040521089736957
-0.297286367502813
0.2978587337354483
0.796830563215132
0.5603097754957632
-0.23760978359900534
-0.013311997224829024
-0.9443046272079438
-1.0230597141020596
-0.42482841553634604
1.038032290963906
-0.613459498437667
-0.8815659797965115
-0.5180928811416614
-0.46926526391498996
-0.3376064790242971
-0.7911678054238707
0.04244446589669396
1.7765650735140317
1.394649077299307
0.08344113333646054
-0.7069871067162978
-0.812879552740103
0.03327609787254966
0.934886721887569
0.6608582946865947
-0.2560042975357271
1.162077659770814
1.2828560439927619
0.1619505333194619
-0.7231321122265721
-0.4849161560800971
0.271443270020347
-0.08751378982881074
0.9117741944150995
0.3639730706723164
0.4869284395113282
-0.021479757024698357
0.8812803163500192
0.999482291905964
0.5976518508516486
0.16477600855857946
-0.4671636027577101
1.6812592361518675
-0.8166733819755828
-0.9215360341801713
-0.42189585739302665
-0.5319078353474956
0.21259865975691997
0.8531695065192892
3.190507578597802
4.340532435652393
3.151606349064882
1.2862539010866514
3.7087651124186025
-0.3823585937489677
-0.9878732731024641
-0.9945936600324907
-0.4167174134167181
-0.6566923655607906
-0.6288816821059513
-1.2116163290414037
-0.8962398354558185
-0.6598559313337097
-0.715250938891589
-0.3727614453196577
4.683468025169411
-0.5243045228030355
-0.72404992615415
-0.2658863744965356
-0.4910981245762498
-0.469892263701783
0.26705448015682287
0.5007816548071264
1.1175899224285422
1.837214606463492
2.835622846664779
3.189341709706727
1.6843856639807537
-0.20009634493354597
0.07408792170878238
0.5613636666055188
0.14523775056738825
-0.5391433661575528
-0.5192951951628622
-0.7014323098812342
-0.640767523248016
0.62886137154405
1.488465666904664
1.5030016069682552
0.9341189886223947
-0.7036460623223992
-1.0941985041343316
-1.063163692819542
-1.0051543405765413
-0.530870662665851
-0.9990654568081012
-0.946821473653115
0.5266499255806683
0.29726191026381943
1.4517555519093563
1.487889434315279
-0.10873368475373864
-1.046461627545738
-0.48711664240783054
-0.5750402090644395
-0.60214712456274
-0.7998720586277854
-0.8357225541973476
0.5976944972574091
0.09488433514557534
1.1454155925508727
1.1873450941721733
-0.6655795852136609
-0.675535373065879
-0.5318767987490584
0.22851692602519202
0.257373595484869
-0.2350383945285233
-0.511756820334761
-0.5511863300351794
-0.7241925655138102
1.2489324459027198
2.049968266096258
4.106660562115251
2.7097677884049536
2.0547663596331778
-0.2586970301885714
-0.9809453319059096
-1.0129739868033203
-0.9962582711100797
-0.6378564079113165
-0.5903796651844669
-0.5086066016115101
-0.8984385141957454
-0.9779374614772349
-1.039861604080653
-0.4014449716144897
-0.8337940784459771
-0.6419923044985781
0.0597702567150309
0.5542243257813956
1.4263040523937767
-0.7472530888393231
1.6291046693920943
0.8532622657742012
-0.23534493969674172
-1.2096634221987022
-0.6707433216141645
-0.6986315700089051
-0.685519354945044
-1.221819124018018
-0.9176809043014565
-0.401828080332476
-0.6897716619726358
-0.49590627243276086
0.2831901890430742
0.9407032615125482
2.7804274624585306
2.3777400111589584
2.789286660240366
0.09151015886129202
-0.5380032172452657
-0.708583978590112
-0.5828687126221416
0.12776075695269182
-0.8725855086657766
-1.0670006203547164
-1.0177353429979608
-0.7865573261070367
-1.1174801456598584
0.14452417114247582
1.085005860630183
1.5561770461812312
0.5651637258274012
-0.15866515620472532
-0.8026063866454812
0.1954382222221765
0.8951496352950329
0.32700276705469156
1.001009230677225
-0.024452146835401867
0.2640227964568846
0.708724829998262
0.9666704721387706
0.6255575053073623
-0.552772355521447
-0.141092794793423
0.08083055603011251
0.8389817532583015
0.5357207724666744
0.28535308183174135
-0.9857586671084482
-0.8112455571826009
-0.8864281787853407
-0.6887909252950069
-1.0659111638301304
0.1219263294934961
-0.161642636012765
-0.7478919482201049
-0.06934912079190753
-0.8459601385934579
-0.9019309083745728
-0.00692639579009117
3.697900905080439
4.453447651537731
4.0225020668156874
1.201348770154079
1.5149612487295852
1.1320299059987933
-0.7321595071957605
2.314769351542159
1.5608123440782506
0.6068494241180211
-0.8852046178073618
-0.24167609817774702
-0.07620244131592643
-0.25770180457634156
0.10701635732661807
1.899855743898462
1.9157156333876602
-0.86765461124525
0.752200948826632
-0.36889611654870125
-1.2819141337206692
0.3254696807495569
1.1135279312346649
0.5466646539940192
-1.0168772614160513
-1.0364555877920363
-0.7617684421047894
-0.860137299258785
-0.013598976586757992
-0.865196549151079
-0.6999692303073779
0.3311504143491613
-0.21583615627636818
-0.20945948072725462
-1.2625924327846074
-0.7686788321263713
-0.15471474939156515
0.6002742427235025
0.3783830656222008
-0.5886244931707965
-0.41165521446576053
-0.08103492628409756
0.658538139218781
1.3024719319503442
1.1735711249828555
0.6479441881877389
0.14651510778498372
-0.13648223877197874
-0.7084299671739017
-0.9585421093785095
-1.1093448431491908
-0.46941903102477955
-1.1427706040205494
-0.4859685263596743
-0.3491280719849588
0.16021586608691027
-0.17864612507976244
0.5410145467367425
1.0108521455205166
0.7202390736229042
-0.4363755549277854
-1.0142344079244054
0.06885567084757817
-0.2687628160082004
0.554090138986269
1.0497366506373813
0.1485037608340744
0.19380814232379517
-0.803567749525561
-0.6073991054659726
-0.8021068071073216
-0.7348743095411052
-0.8044704211423863
