546
1.0555759044781605
1.0878961078474294
1.7555237186504105
1.061566210592664
1.0335343821524712
1.1650664318132424
1.1263390676819567
1.1209121604885843
1.1163131932737387
1.1097432470974813
1.123865500569405
1.1548301483803054
1.0717464331964766
1.9485623776666494
1.1986291591224316
1.1329825570751257
1.669829971480985
1.7148596024964256
1.13132331030421
0.995031661567857
1.020593487782863
0.9939601680198329
1.0736449215273298
1.1729949227759602
1.3540614539329796
1.1013239572516524
1.1159849031133158
1.143926131662486
1.1252239806901363
1.047471704486397
1.437827978714441
1.5704773792256668
1.6777989344980633
1.0834382869696673
1.2241008429063613
1.194089904607544
1.2425881804274908
1.1700433012046525
1.027810345217839
1.2679726071801283
1.3892524050498463
1.62650466534879
1.5169710987002372
1.4693214353462167
1.1640146711864954
1.1438891436762415
1.3282468081426695
1.01329083127867
1.0593463766139728
1.0354081562343276
1.0373691035329817
1.0758504292188023
1.0364101972519046
1.050060727976685
1.0860791416903695
1.1716866501940877
1.811292663211652
1.3202723265873453
1.7905818188537705
1.797073637013289
1.2977490423230482
1.1027920783087188
1.069528575342749
1.07993269364587
1.0398379068026746
1.032856478506948
1.0936241308673806
1.0709058242039269
1.2977526349083286
1.064891931841561
1.2367849587509558
1.269988160229686
1.1995862902242425
1.1947285816001578
1.1912624835160295
1.2174304042453203
1.0154242239958315
1.0048816617530156
1.046406672833679
1.0729193703767002
1.0161347213822394
0.992685094258418
0.9860561865162824
0.9812104361866325
0.9698246928519838
0.9735087736751817
1.0010018002836272
1.0043595722146912
0.9864713424738278
0.9892446624557255
1.112801373167053
0.9677976045233958
0.9664794105568593
0.9780976876776195
1.0262243419445396
1.0468384738183443
1.0292351705544336
1.3052013701106902
1.2438578857200826
1.1063617590153894
1.0231668319825278
1.119641751955132
1.0099979907416063
1.0020221796319229
1.1967256823574004
1.2022653727336698
1.4128582709737851
1.3129807709046268
1.157818518019927
1.0631228303962632
1.021910474696622
0.9805126510054254
1.0919169040937398
1.0087834857814246
0.9863281467859251
0.9753028720206419
0.994806740700222
1.1219660397991937
1.1102649036098537
1.019254472774732
0.9634734671686529
1.01166385302195
1.0423710209338566
1.0628377240756641
0.9998563760919966
1.0359251255114341
1.1628805262623745
1.255802459009737
1.6270660619465993
1.7756383331197896
1.099261323953915
0.9511826050510142
1.0576253945671403
1.1060453671479673
1.0620720672954405
1.0299432465593379
1.003313690929219
0.9840563231236393
0.9895878769086484
0.9921527964547086
1.0924219280608933
1.122695032273308
1.1167600001323343
1.0710938297373853
1.379081193632579
1.4249269394960542
1.71478959667126
1.3816685917125553
0.9944047412164613
1.0655567242961168
1.0566369479933413
0.9914619795591498
0.9870144614865695
0.9978549844908093
1.113755636873882
1.165683526214632
1.010987167464529
1.5377168105415517
1.0332820291367248
1.0461969308273185
1.2461154518938025
1.0901642500280875
1.0734660981063442
1.1348045940551936
1.2620506806020018
1.1822832047044998
1.0497159098545306
1.0092617763880696
1.5422959584529514
1.0280012387542732
1.0524491102750384
1.1860482451635352
1.176723360993869
1.196385868501076
1.050021302405531
1.002892007688049
0.985436368239393
1.0782550053723017
1.1016919605347633
1.0205103938014657
1.450665729733972
1.177139936227929
1.111211768041326
1.0614234697873486
1.0887578861770189
1.0060553524709592
1.0785894016262816
1.084135794321602
1.049084211876265
1.041723594298261
1.0081491476896562
1.0178158156507304
1.0642383906987931
1.0574707421967555
1.3221705371376022
1.3607654580607553
1.3050725149192441
1.24904586777755
1.0131122651983382
1.2037919917005682
1.2003071412640307
0.9969629471341366
1.0829470148443578
1.1006567839244035
1.0582465287641172
1.0517935202282978
1.638334682579377
1.6152740036128417
1.6960163999716111
1.0758839804612261
1.0579540577288529
1.1037645981541733
0.9901872498796751
1.0890623196001943
1.062945482035285
1.0747984101630355
1.044373617334649
1.1161237915343214
1.1188487615821887
1.032870477342684
1.039546904036115
1.0893393683254655
1.0468265003240618
1.109813276667603
1.0001496464224755
0.9932928392849366
0.9952317720669077
0.997794033479755
0.9883893169794657
1.0780773141931088
1.1516715071996442
1.1361059812318155
1.018375618871198
1.0713814728611257
1.0691246249791162
1.0397725270919236
1.0452703863099635
1.0639597831794734
1.0653116365756845
1.278512523930607
1.2581591439744872
1.228903410544111
1.024294021129259
1.1934976563443822
1.1563349376024148
1.2732397108513402
1.0551509323552202
1.1806647275786868
1.1105805956156838
1.2092357684950963
1.4086291495239585
1.3424570399958191
1.4400307464438435
1.048498780648496
1.0416832866435601
1.0022646659066017
0.9849068543231227
1.0086997945290848
0.9870092171652093
1.0723967820579197
1.0616774696807971
1.0238485341806862
0.9888661446159623
0.9913587889171177
1.1296696920457046
1.2530859117674833
1.22058146857452
1.4564952970115808
1.0450158534339953
1.1337591182466589
1.050351573092398
1.0458835972509894
1.0865055530459813
1.0598799902847076
1.0485587733103514
1.0613671637476574
1.1226351295462496
1.314852339886047
1.6542592606620778
1.0633123976055607
1.9662387117483742
1.9696994022256091
1.7644022594173987
1.1113323126563848
1.0402924841234555
1.2188722766018223
1.7777834566849955
1.51831064372479
1.6477823545333503
1.0027115706505887
1.1509017264203536
1.0877481787879004
1.187598842277791
1.0989864255521429
1.096274941392495
1.036810824931387
0.9762813608767578
1.0064763739711513
0.9943543163712804
0.9739462797508927
1.0710132596056268
1.1673682655604467
1.079412007458161
1.1053734330741356
1.0147259945181764
1.2003779379071537
1.1576313570343089
1.1300442621451898
1.0246991465895856
1.0709660940022414
1.1475204544909074
1.3400739566906985
1.1392901726318407
1.1463499126849568
1.1782988634141751
1.1375061542065743
1.2785978507310287
1.0145397730674286
1.1885828340054005
1.206725453423982
1.3754461026608835
1.122173151293303
0.9611139868554337
1.2279823325136268
1.038715315244612
1.0032495447705743
0.9742670336273471
0.9908219136447899
0.984686208761112
0.97949447759426
0.9843293357325293
0.9698817637705124
0.9677757221057119
1.0619620088559016
1.0723758402004913
1.2645917266279674
1.045518744203465
0.9967682393459338
0.9731174487903489
1.1198252310119436
1.1327000001511365
1.0539286881207597
1.1320831631706219
1.0605825481157578
1.0864102264746884
1.054321691974262
1.293658854965094
1.1225901886183312
1.105115596234307
1.1310471702967868
1.1483125019167955
1.1506891330585574
1.0581581510188711
0.994376300635426
1.0126302867402255
1.019564318780912
2.395349705688495
1.0848521508042723
2.5128312475194106
2.7279435320248004
1.1068516094010374
0.987490023117099
0.9724298066243892
1.007414901287032
1.0141982615659773
1.036306675068166
1.0125479945276268
0.9902921105638376
1.0914179431550273
1.054847128417341
1.0333799987600005
1.000221566823382
0.9902866960603737
1.0546246896353646
1.0688671172531719
1.3218892764973944
1.1084911059211373
1.0195626118600298
1.1196624097936516
1.122125115595798
1.079019534285492
1.0673642625744137
0.9947126649789553
1.127373484746167
1.1335487472262065
0.9833696822978257
0.9990023872177746
1.1504410586533833
1.4777710546082086
1.5186604364724432
1.0597740683611467
1.3168610321924903
1.1747322806695224
1.1242076393668712
1.139431685484817
1.065432302255745
0.9904714624132496
0.9772513185272096
0.9757782929821893
0.9696022272045489
1.1160218198583374
1.009608407496151
1.1111778587273329
1.0604774694475743
1.036466336206265
1.139497579708481
1.2434271810344064
1.292833058943091
1.2081936778786404
1.1599327852478756
1.0630479652809082
1.0827761860246121
0.9995925760230964
1.0699989481297985
1.010395330759683
1.016515609324592
0.9918520168299665
0.9784535383831369
0.9791630300279651
1.1219354161053725
1.1832748002927107
1.1705691800871656
1.0873265567013672
0.9955309206127063
0.9901375804770376
0.9820507168139979
1.0099974829884135
1.6498011905446082
1.7173769564651518
2.1157647834197726
1.529400530558641
1.5478746202178453
1.2475829603446416
1.0122861675076655
0.9828438726391528
1.0025569552641778
0.9992163499470175
1.0049489767863262
1.061973636380815
1.0704451788729628
1.0925471852764317
0.9791568489979376
0.96517118569543
0.9685526394792877
0.9725316793301815
1.1097199990918873
0.990411708120633
0.9782513853434522
1.1592222126420804
1.2499099393101278
1.3266964707276183
1.198635430658198
2.3878257717955753
1.7591399400372425
1.1559606082383937
1.0860581801087241
1.0775449673615083
0.9659758343635441
1.064027048212913
1.1096365834393283
1.0987946066382221
1.0155208032024858
1.1262007162912595
1.06458459724313
1.0594864697845274
0.9825993701849143
0.984136162572101
0.9768774730409282
1.04006336409315
0.9820628584312081
0.9819150214106938
1.0665656805204151
1.0961717558508164
1.1750929574070024
0.998061527453231
1.0070699737321864
1.1238432984423414
1.0646806349856393
0.9730689298596277
1.066761082403683
0.9629959642360133
1.0576868814828062
1.0364598919766297
0.9967264689880098
1.011197815449757
1.0251525353522806
1.0177268206602685
0.9888796468702237
0.9867578696456814
0.9880479959433327
1.0074717501064467
0.9792781127416488
0.9823783173981303
0.9823638830575787
1.1467707053746916
1.168119211992732
1.316193154514414
1.0036450662754253
1.0547020267805167
1.0561589697528382
1.004168503482556
1.0186592440124684
1.0603044498309195
1.1623397165522773
1.2556203505241716
1.1467827156852057
1.0259306435130813
1.0300067508193362
1.0485743422585387
1.0892406238185912
1.508531069116784
1.6682444459176047
1.5091949282609156
1.0019876877645746
1.2836880606431564
1.0647421513633581
1.0189581189064234
1.1092299112913602
1.087271174451917
1.0433175024601635
1.0336828850880648
1.1679668054144383
1.2269884376228397
1.1408994160604404
1.0383884854400558
1.1404228027854624
1.1161131033640752
1.1117469323097176
1.1993778250413156
1.2421982463909964
1.0165656203832119
1.2287730530863106
2.82846225335473
2.5171048929780007
2.743304990351693
1.3864278965056258
1.6791856773998162
1.5490506628709728
1.3554826047452724
1.1321913733258273
1.0706355933855791
1.1400138115593943
1.1011809942875663
1.043033414524642
0.9618791238423492
1.1252288374579478
