546
-0.0189698
0.123335
2.61174
-0.675572
-0.634531
2.20038
2.39915
2.20265
-0.771733
1.912
2.10009
2.04594
-0.588886
3.05656
-0.700627
6.81737e-05
0.609479
0.916542
0.444943
-0.401803
-0.418192
-0.34194
-0.520307
-0.283184
2.20897
-0.0617637
-0.183682
-0.564607
-0.523751
-0.258257
-0.31391
-0.341963
0.364917
1.9043
2.04144
1.96266
1.85638
0.208828
0.133535
0.212918
0.0977313
-0.632249
-0.781682
-0.232011
-0.0345527
0.0630256
0.185781
0.020014
-0.236363
-0.151936
-0.244198
-0.411416
-0.37083
-0.612135
0.0299646
0.213068
0.406034
0.238569
-0.113767
0.111802
-0.160809
-0.475345
0.348007
0.590831
0.630367
-0.526489
-0.508136
-0.480576
0.129606
-0.0624062
-0.296532
-0.451196
-0.670283
0.036625
0.0733187
-0.0813124
0.027387
0.314721
0.0880438
-0.293929
-0.0564868
-0.842765
-0.829886
-0.609362
-0.581045
-0.430207
-0.382614
-0.0636388
0.365793
0.32092
-0.289036
0.51252
-0.327884
-0.0726145
-0.169877
-0.0840178
-0.503301
-0.558914
-0.428087
-0.34243
0.826383
-0.367401
1.6952
1.82279
2.21908
2.27447
2.2768
2.32279
0.915844
1.11976
0.429924
0.509611
0.072921
-0.361183
-0.157508
-0.443289
-0.596999
-0.708294
-0.721927
-0.728869
-0.0592969
1.05814
1.16262
1.02369
-0.294274
0.380028
-0.077204
0.0120371
1.04257
0.568059
0.623304
-0.513575
1.08721
1.39568
0.938334
0.847317
0.269147
-0.554609
-0.524139
-0.618465
-0.671693
-0.239078
0.208854
1.79774
2.15353
2.28756
0.86557
1.92075
-0.587324
-0.766428
-0.11296
0.0307364
-0.0111501
-0.0475013
-0.0993475
1.013
1.17939
0.831826
0.378352
-0.0444003
-0.314834
-0.34905
1.91103
2.07893
1.75856
0.27028
-0.275293
-0.585963
0.385025
-0.267735
-0.0284504
0.506475
1.58966
1.84936
2.0713
1.68884
-0.35595
1.69184
2.27547
1.76479
2.17112
2.31166
1.9492
1.95393
1.81141
0.690279
0.271737
0.169556
-0.216688
0.5644
1.91079
1.19504
1.30355
1.35226
1.29978
1.15825
-0.352171
-0.268583
-0.0292353
1.53976
1.71213
2.80988
1.38882
0.315567
0.353919
0.212886
-0.227456
-0.539688
-0.472694
-0.475581
-0.0839663
1.74447
2.7401
2.00229
1.68958
-0.391427
-0.394007
-0.718649
-0.79571
-0.666728
-0.803846
-0.581897
1.76617
0.268697
2.76766
2.05104
1.88611
0.902798
-0.0587821
-0.548476
-0.634702
-0.547573
-0.680559
-0.669755
-0.788883
1.19507
-0.94729
-0.706476
-0.473149
1.45546
1.71706
2.24193
2.15122
1.9206
1.47558
2.43405
0.599154
2.51979
2.08527
0.0664367
-0.775615
-0.789812
-0.644851
-0.621719
-0.582449
-0.538718
0.406512
-0.271601
0.670023
0.274081
-0.164873
0.927187
0.98105
1.31468
0.576143
0.438604
0.343689
0.44541
0.435964
-0.0318905
-0.105835
2.02025
2.1959
2.14525
-0.468893
-0.456731
0.680143
0.46102
0.377411
0.804716
-0.0865324
-0.0404613
-0.584795
-0.712329
-0.624608
-0.642532
-0.55482
-0.285038
-0.19485
-0.491844
0.925193
-0.501536
0.809308
0.802105
0.973704
0.0319421
0.186128
0.0189119
0.0683036
-0.263677
-0.189451
0.854313
0.0683421
1.20573
1.33547
1.05869
0.105181
-0.24855
1.09635
1.84089
2.01365
1.89105
0.640625
1.17645
1.5604
1.57753
1.40123
1.02186
1.28369
1.18217
0.985149
1.13205
0.403382
2.21888
0.430811
-0.42198
-0.672548
-0.242118
-0.159946
-0.269035
-0.661088
-0.060206
0.005173
0.129758
-0.0853335
2.10854
-0.0506315
-0.0298562
0.0137105
0.0185417
-0.132918
-0.099298
-0.419019
-0.256536
-0.332624
-0.17823
2.46102
-0.335418
-0.353011
-0.0623243
-0.0476503
0.0918547
-0.221254
-0.0983054
-0.033032
-0.0415781
1.484
1.7607
1.6065
1.23296
-0.417678
-0.581494
-0.662631
-0.29889
0.183021
0.333373
-0.0778516
-0.0729437
2.40262
0.234194
0.0830046
-0.0180933
0.123701
0.0973227
-0.00485046
0.169877
0.0792743
-0.0289271
-0.343735
2.24124
1.15782
2.06856
2.15696
2.06303
1.17577
0.975524
-0.129123
-0.263647
-0.431479
0.108622
2.34238
0.46061
0.439203
-0.310506
-0.0921943
0.544968
0.673161
0.00354304
-0.101835
0.00289906
2.26758
1.85501
2.40903
2.12822
-0.425866
-0.477234
-0.452244
1.28853
1.62017
1.34229
-0.064044
0.107548
0.775543
0.243902
-0.00127197
0.0625824
0.220519
-0.079214
0.0334706
0.170441
0.0252401
-0.185911
-0.247207
-0.43097
0.250361
0.47556
0.7257
1.09366
1.50472
2.10281
1.45497
1.30606
-0.043507
-0.134303
0.120714
0.0895362
0.300486
0.347034
-0.283053
-0.508874
-0.165078
0.0471149
-0.126258
-0.236332
0.037182
0.242833
0.235822
-0.160198
0.32481
0.13242
0.284998
0.670826
1.43107
1.7571
1.9901
2.3839
2.36007
-0.0690989
2.28348
1.42932
-0.267305
-0.0812479
0.251348
0.977581
1.14139
1.21349
1.03077
1.30064
0.448277
0.916932
1.244
1.05388
1.0659
0.559384
1.55683
1.65561
1.60171
0.839182
1.26593
0.381675
1.35116
1.5306
1.50079
1.30897
1.12123
1.34122
1.56616
1.53879
1.65975
1.47896
0.442181
1.28995
1.67519
1.61166
1.70837
1.32953
1.28947
-0.278562
-0.293077
-0.629007
-0.853768
-0.4638
0.0214209
-0.0795254
0.882558
0.933852
0.712684
0.457867
1.7821
1.83761
2.37739
2.38626
2.21876
0.568405
1.3198
0.440457
0.446938
0.43123
0.539027
-0.00986126
-0.562727
-0.16869
0.181708
0.268164
1.30231
-0.190654
-0.59018
0.0473831
0.0381184
0.333117
-0.428297
-0.581213
1.21248
1.45549
1.2933
2.59595
1.53367
1.72598
1.83323
1.11016
-0.210427
-0.545612
-0.591229
-0.694994
-0.91395
-0.774086
