546
0.0149515
0.162891
2.63936
-0.595551
-0.580204
2.32046
2.47019
2.18386
-0.729616
1.97998
2.22657
2.01586
-0.673595
3.07548
-0.730834
0.0369074
0.757549
0.73471
0.243839
-0.367401
-0.360003
-0.463828
-0.530756
-0.206265
2.23076
-0.0618589
-0.272486
-0.595088
-0.560182
-0.406859
-0.38604
-0.365932
0.366715
1.93114
2.14317
1.9916
1.92991
0.183512
0.237999
0.193596
0.0990131
-0.715026
-0.75175
-0.362855
-0.0848175
0.0917832
0.241174
-0.0850959
-0.2819
-0.124577
-0.23258
-0.438507
-0.468456
-0.50647
0.0795994
0.290595
0.360216
0.177554
-0.0773149
-0.0600707
-0.191581
-0.429327
0.429592
0.6015
0.520694
-0.475979
-0.505764
-0.443864
0.0941508
0.0162197
-0.376147
-0.46563
-0.670509
0.123802
0.0101413
-0.0514193
0.0716527
0.362678
0.197936
-0.342592
-0.0478624
-0.714623
-0.781422
-0.681696
-0.518128
-0.351466
-0.526379
-0.197038
0.469723
0.436833
-0.267082
0.484147
-0.304091
-0.145186
-0.183375
-0.0173503
-0.453123
-0.558409
-0.368425
-0.367985
0.819982
-0.429811
1.72612
1.97699
2.21458
2.29622
2.30034
2.27028
1.01896
1.07128
0.483923
0.52103
-0.0672674
-0.398321
-0.0903912
-0.453435
-0.673805
-0.723607
-0.645324
-0.762129
-0.018491
1.0719
1.24281
1.05665
-0.317754
0.358057
-0.0119259
-0.0484924
0.949537
0.613016
0.627413
-0.551436
1.19454
1.29217
0.870989
0.77306
0.185378
-0.538656
-0.453392
-0.568988
-0.65491
-0.276725
0.245176
1.81865
2.20928
2.24587
0.939723
1.7805
-0.642386
-0.755327
-0.136829
0.0997845
0.011522
-0.0401605
-0.0100304
1.0847
1.05693
0.743898
0.292316
-0.00443622
-0.34392
-0.409959
2.05293
2.15697
1.74087
0.292426
-0.196686
-0.519368
0.410285
-0.175481
-0.0144747
0.529289
1.5585
1.88996
2.02754
1.65287
-0.292663
1.68285
2.29004
1.72869
2.27903
2.24965
1.98297
2.00299
1.73913
0.632464
0.235789
0.0120458
-0.235685
0.636328
1.97793
1.23008
1.28725
1.26795
1.29656
1.17895
-0.308746
-0.230758
-0.156007
1.59408
1.69739
2.84964
1.345
0.292783
0.336951
0.159211
-0.300033
-0.523697
-0.325155
-0.387915
-0.097578
1.73109
2.75374
2.06782
1.79908
-0.367305
-0.433733
-0.721405
-0.771572
-0.724997
-0.804444
-0.524426
1.86259
0.372163
2.69505
2.15068
1.83825
0.890914
-0.0538204
-0.535112
-0.650334
-0.54151
-0.608256
-0.734313
-0.847586
1.06484
-0.903048
-0.623568
-0.401161
1.53709
1.77296
2.29016
2.22104
1.89153
1.51998
2.51353
0.575784
2.48143
2.13703
-0.024494
-0.709348
-0.735742
-0.590711
-0.691133
-0.552615
-0.579089
0.590442
-0.332748
0.567198
0.131987
-0.234261
0.961845
0.934614
1.32134
0.46703
0.404204
0.392995
0.336619
0.447997
-0.0550244
-0.119004
1.956
2.33596
2.04051
-0.468103
-0.479353
0.655746
0.574976
0.323588
0.851952
-0.108914
-0.128943
-0.609842
-0.61771
-0.501474
-0.642583
-0.543778
-0.284016
-0.469253
-0.511273
0.834357
-0.371881
0.778293
0.84334
0.882334
0.0522483
0.135428
-0.00825991
-0.0355893
-0.426471
-0.35397
0.767128
0.0374381
1.16161
1.19661
0.943401
0.0226076
-0.223569
0.96688
1.77616
2.00218
1.94665
0.745136
0.985976
1.49192
1.41762
1.38869
1.05258
1.18666
1.07324
0.919584
1.09887
0.302037
2.1377
0.319023
-0.495197
-0.800399
-0.248344
-0.12536
-0.356224
-0.707012
-0.122952
0.0867218
0.0279271
-0.137847
2.21531
-0.243373
-0.0578431
-0.131074
-0.0787691
-0.211715
-0.215222
-0.380608
-0.272872
-0.452098
-0.276697
2.32364
-0.272144
-0.343435
-0.135856
-0.220697
-0.0206582
-0.460917
-0.148977
-0.181512
-0.1281
1.56215
1.80278
1.54701
1.11762
-0.551978
-0.648462
-0.741252
-0.236816
0.251194
0.0845964
-0.177383
-0.138471
2.32916
0.137065
0.00336571
-0.152873
0.0419382
0.0265885
0.0369442
0.184458
-0.0289886
-0.171135
-0.368201
2.43124
1.31446
2.06884
2.21984
2.02873
1.22864
0.859878
-0.193262
-0.337472
-0.483443
0.161023
2.30085
0.471612
0.346919
-0.474076
-0.300742
0.465569
0.377386
-0.0645467
-0.211235
-0.0115636
2.34868
1.81644
2.4774
2.17411
-0.427124
-0.576491
-0.489765
1.38539
1.48612
1.27733
-0.169968
0.224921
0.563803
0.112169
-0.0447143
-0.0617691
0.0899853
-0.213649
-0.0465862
0.0898029
0.00466437
-0.285389
-0.329844
-0.462314
0.229544
0.42028
0.637988
0.980385
1.50195
2.01539
1.47106
1.21078
-0.182921
-0.265005
0.171203
0.0656643
0.282148
0.307509
-0.456638
-0.556325
-0.0834145
-0.121109
-0.252843
-0.243802
-0.0986186
0.177711
0.122091
-0.090522
0.367928
0.232214
0.102073
0.628493
1.3811
1.74638
1.96956
2.40146
2.44255
-0.0935038
2.18665
1.47495
-0.343878
-0.146514
0.189234
0.995128
1.00348
1.08421
0.93444
1.2671
0.590471
0.921687
1.21038
1.01521
1.17182
0.450025
1.56851
1.69534
1.56365
0.794779
1.25941
0.316777
1.37161
1.517
1.53839
1.31364
1.05904
1.39627
1.54074
1.58767
1.72125
1.5092
0.398222
1.26244
1.62329
1.67726
1.71106
1.39563
1.08228
-0.251885
-0.368556
-0.736718
-0.875164
-0.463881
-0.0722348
-0.218698
0.963169
0.78239
0.695437
0.426587
1.74444
1.88635
2.43309
2.41118
2.18991
0.528313
1.12877
0.416219
0.391631
0.517625
0.393393
-0.00830637
-0.558613
-0.146468
0.276962
0.192821
1.19851
-0.111901
-0.548863
0.0169574
0.0696773
0.324743
-0.462541
-0.54917
1.29969
1.31706
1.23862
2.66985
1.58649
1.81907
1.84082
1.1235
-0.222963
-0.526482
-0.614265
-0.719941
-0.885778
-0.828241
