182
0.9236425297302999
0.029211790222581364
-0.04936355944359385
-0.6140614584106772
0.4920705620311716
-0.8707793269915235
0.31652345029937196
-1.0665120757216813
-0.14463768810015826
-0.9148411204679602
0.5202849043148263
-0.5416998235919135
-1.4124150000016338
1.274078471440988
-1.0091724922468879
-0.8545440633280958
-1.2840606830327486
-0.31415054473457105
0.7281400846588633
-0.9191375897442083
-1.543838606600373
-1.3130288601831952
-1.1005025995980504
1.1360089206377049
3.424534405818417
-1.4056647575384644
1.9245069252873352
0.42259095713143385
0.1721190347899063
-0.5780473517025786
-0.16839395014600028
0.022120098491675712
-0.18141892437057794
0.7693767905467678
2.9091207259860576
4.059073211729062
0.5245404309428048
-0.7134277792933345
-0.6791566447605439
-0.21112238626190238
0.06388631407857008
0.5861467494652886
0.03409119512502874
-0.15874913923371964
-0.5688819070403224
-1.0328064002874264
1.5166792867607581
1.9144624536448709
-0.876139437847648
-0.7065913225578767
-0.7352473892931828
-0.39356129390460853
-0.3048461879892588
-0.11359782433318712
-0.5933244469782555
-0.6968647986839747
-0.3114748719244611
0.4451128356786027
0.3782611908543434
2.590592704269308
-0.8409085954529409
-0.12778665652735247
-0.8382908794534695
0.7289089606630104
1.029254413410815
0.732012822917093
0.39722732752070966
0.22846740918642333
0.15901499260383706
0.2076000357240128
3.0982474307776613
2.0732505450602217
0.3263887040259561
0.14734885950222587
0.7031937033094107
0.0024832215180278935
-0.3158741661370847
-0.006652745268465081
0.9993398852619878
-0.1582370124491082
0.24503890375040593
0.09343346584326793
-0.28104877645228854
0.18296560055605082
0.4895987097963034
1.5142009633249385
2.331847393955473
2.296238077882711
1.9701371777524457
0.7742475339591427
-0.44909563719689016
-0.009513918643476707
1.4150087470470731
-0.09482324268077469
-0.6034676266274075
-0.8186855392551823
-0.3944516289371934
1.067773426228337
0.5619187431311553
0.5360654204621137
0.0032368372708650845
-0.6378238570297481
-0.21700017924417267
-0.7796976737008554
0.1388038180243768
1.743285571370571
0.737248129168978
-0.1541856946631515
-1.1459712130190376
-1.0667065385023164
0.7919217763385037
-0.5161739468747351
1.4486980711951265
-0.8365782613067264
0.018542283014667302
-1.2411415879185885
0.23318130532878373
-0.9015854537891245
-1.1852475152656266
-0.8317484601563914
-0.5778064035832512
-0.369444532925982
-0.703254515668264
-0.8011217090989954
-0.6609107343497177
-1.0967515464865831
-1.1303169119216345
0.09816818551520823
0.26043426507820067
-0.050940840113431474
-0.46758710470302944
-0.9823493536666639
-1.0921809437177483
2.1510191047086904
-0.6583186163132023
-0.6170693562139482
-0.8308976213885961
-0.4380034140094257
-0.34935601742103756
0.35117452112001596
-1.230593356873508
-0.6253050930108202
0.05238388859456704
-0.701064620755516
-0.2757000776370704
0.7717457742982773
-0.7950354280694409
-0.24640544734455855
0.0633757434690078
0.2360483091881623
-1.5194590534095285
1.2098476465192936
-0.15562439100388445
0.24963062605020048
-0.9552773317001361
-1.1584300753099182
2.1438526206397976
-0.005008738367864893
0.14188235436712412
-0.11397388254499922
-0.34861942380018995
-0.2898316448480603
0.02872651015185058
-1.1316317945143795
-0.3013324336100111
-0.42290517863257754
-0.37473696397837997
-0.0312558653317294
-0.6811919886204464
-0.3968668669837797
-0.8661030700219242
0.9654109186809073
-1.0016049634305875
-0.016509901768409784
-1.2654512796476107
0.22849319644154006
-0.32937507767523777
-0.5616278881787549
-0.610143334892083
2.1161345611165907
-0.7716269664474577
-0.8278736438710657
