182
0.9455347698776984
-0.26749275370056685
-1.1769754162910895
-0.4010837159037125
0.4970004938389387
-0.032130196615686626
1.3541105713268486
-0.427884399373882
-0.7901639023733124
-1.1915831768554452
0.8785464277827915
-1.0694361382258657
-1.0641556056557167
0.3156599115287744
-1.158012952042411
-0.6987545530152148
0.6504240939709947
-0.9148789591437213
-0.1965074737548676
0.18551561013828427
-1.2140144070740522
-0.9791547026073988
-0.4705658262297155
2.025931115552449
0.28610453587020024
-0.8276510942549465
0.5149016704422315
-0.37357226005608923
-0.5395907326009864
0.7735407512287273
1.2541242577774754
0.12594637319442886
0.03533615309360087
-0.24788007668191558
-0.46714028647602185
4.170305937643127
-0.8581560905310334
-0.6934435861283265
-0.9037664863164726
-0.811261034106453
-1.0542577009561387
0.2504807238232976
-0.5681499570962388
-0.9738087833313528
-0.7329219402954164
0.24898614693402088
0.6887246436071305
-0.37043264869142806
1.739686432363016
0.8163802326092032
-0.37880178939914677
-0.2149678984873515
-0.6258882842853075
0.7006712058589559
-0.5742477673206181
-0.6494176109133515
-0.5828097308049801
0.14821809028276223
-0.34411412962496624
2.5233440486624223
-0.9084157186243859
-1.002653064289554
-1.0133924262717198
-0.22292216119966485
-0.29033780383500296
0.20668708615399856
0.6449091727432612
-0.6716765431024162
-0.9171481969541733
0.012580559487318968
1.13357421649912
1.0689273239731436
0.1648701344455111
-0.7073286473563707
0.5997733896988549
0.20650970467054827
-0.3482701704028594
0.812895847494207
0.11746685881542182
1.7882282274233288
0.2650853836122632
1.5113953345981868
1.1552115123258972
-0.13988876922540638
-0.04581185109525471
0.8857737574152786
-0.13091066630565576
3.0916716994766946
1.6262157473362828
1.170906160875511
-0.7302451368480068
0.9461684114840445
3.450035424100295
-1.2566900516315538
-0.7630666986043784
-1.1051394022956054
-0.6486420309100517
2.2423531358640165
-0.8360907000387562
0.8661884575972697
-0.5925373881832277
-0.5425300042101951
1.0053317504135215
-0.7797873861213737
-1.0037980413193135
2.033539078193433
1.0761481175118155
0.8107092784076168
-0.35847078830940177
-0.2042945657596372
-0.7130661128290025
-0.4004734196976374
0.6159542645895839
-1.393137754071392
-0.1654801968643707
3.316069409443392
-0.6554188462517805
-0.8963560939670041
-0.5653895076166313
0.3982774840493833
-1.3765504809448585
-0.753083074854094
-0.554532810819697
-0.2672131143155901
-0.4580585562430261
-0.6980311278801954
-0.9411652995154433
1.0789588187964982
-0.8593212801346031
-0.4674223732421572
0.8399687441079112
-0.242971389793116
0.39753337129282135
1.0635625522789658
0.8539622762813641
-0.2718901375933518
1.5652019156194983
0.33515995928730635
-0.8746980416132925
1.1492594047794562
-0.5520976307367292
0.47293564044001063
2.1382657580177713
0.6651541554674525
-0.717970501335015
0.3681089057174897
0.6296744480454699
-0.976702721255865
-0.3834464176196737
0.4206148170398891
0.38242616549257374
-0.4820411821622079
-0.43742070040960135
0.8795924278251006
0.13221405837874114
-1.3447272049893633
0.03914416037631916
-1.1018789685674262
-0.604691580015026
-0.5677667129588044
-0.5063237872639574
-0.30063101080044236
0.3396761075370777
-1.2396109793819736
-1.1322111526167702
0.7854866057472801
0.3261380851077423
1.6766580529482091
-0.641716841626975
-1.1882216846405902
-0.860969135202244
0.09448771505460819
-0.3167122747419196
-1.2488007344608931
-1.0089022071833056
-0.24706698112399544
-0.9593485412267592
-1.0285706190648098
0.8042898219371234
0.15796333470080093
-1.1279102054737378
-0.3542467551636018
