182
0.17860716286965483
-0.4066785688865077
1.2196113110042575
-0.17965897345466902
1.1004583230008778
-0.8764225494718713
0.17758908735048254
-0.6993631528635286
1.7295420062473852
4.1177337967187295
-0.3772587330410066
-0.9180744067916986
-1.3482600104693752
-0.23696274181403124
0.40663231247962706
0.7106982553810247
-0.8738983482295788
-0.646121745810957
0.1040431428335595
1.727078597143634
-1.070363865478235
-1.0398714236827882
-0.7634162070176919
0.6219573912760391
0.9638302160509925
-0.6702164537662728
-0.19286612594548203
2.005478458029618
0.43632667117595947
-0.7378114295256403
0.5648340328132719
0.38355520680250216
-0.5892598485467959
2.070358923713955
1.3510907487725372
0.20748919761810009
-0.2605237650564195
-0.9601587159909
-0.40132135104164196
-0.0685707118870689
-0.8504520448777422
-0.8401501565509697
-0.4227283994030393
0.5180387486144773
-0.515460032899282
-0.9403102731079453
-0.34256740052410656
0.9387295217653738
-0.9821831085629981
-0.6820006621180577
1.3659738226550235
-0.3343918020340422
-0.8286215206817875
-0.5804987106445706
-0.7825464850727855
1.8242860612955207
0.4611658223869732
-0.8519961472620268
0.46101599253397674
0.16838074856688962
-0.4945062668695754
0.2033125235709438
-1.1668958187386376
-0.7274682678223384
-0.9710432657131922
0.7928411461374055
0.6129440799217118
-1.064401209875311
-0.6579277294707353
-0.8070748616567339
2.5859476550562523
0.6222755679673996
-1.0036582051424532
0.6169676354577684
0.4230429014769559
-0.09056771351728303
0.0704565217561765
-0.36584385513150985
0.34857088866876235
-0.5900282854549516
-0.15254691759001543
-0.5380528013464031
-0.9216801742528694
-0.8524131256107684
0.7945200814912895
-0.017245540353768858
0.562854954667264
1.5309162640922964
1.02961158769916
0.769458986042244
0.0611142323374777
-0.023092715149000038
-0.5416604521086046
-0.4507419268127211
0.8170047576093369
-0.7863382049678131
-0.7638182532331838
1.1104761159082206
2.091198292961523
-0.43214491795274423
-0.9902914681294367
-1.0284546138323987
-0.5798189449376091
-0.7412659082578507
-0.22039604709000218
4.234443863330419
-0.5945682204676592
-0.3905971519331365
0.2670336347028688
-0.9355580134729717
1.075560397476223
-0.545753126865363
2.6044299805665334
-0.9078558728640539
1.5222630496793268
-0.7064901883725412
1.4327557303918044
-0.3459658905260118
-1.3563093750838002
1.6703150117911834
1.2852828537299823
-0.07095307213346236
-0.9698301980819679
-0.5318295280187345
-0.7696043538359624
0.7080280191190758
0.6882184293282897
0.34636890360149286
-0.14679984104195215
-0.02806959361553768
-1.1598547379527866
0.5172429067163914
-0.1346621093587774
0.9257173108449868
-0.776542002915391
-0.9016792919711293
0.7171847789211868
-0.30172098965798366
-0.9933072843286904
-0.18805804958089103
-0.957084815563909
0.1633068352192249
-0.29328380699888695
1.52972226257
1.2121094712059113
-0.7765556888073165
-1.0064140583583079
-0.5469102817475182
-0.6763467465591361
-0.012400324971603557
-0.5827224401299169
0.515658382610399
1.0134221637601482
-0.5561998279248784
-0.2153365341539871
0.5119763195779121
-0.8975314490744937
-0.49846559878153374
-1.115172300744878
0.14843434151259505
-0.900842195634109
0.0020846106223873454
-0.6337211442100232
-0.11912706802088038
-0.6371469961347838
-0.8801433896531525
-1.2850536003708772
0.036704720367582315
3.7803977653567835
-0.4849174252859954
-1.0034244961702599
0.8307127893891753
-0.41986719016141294
0.37973392265389433
-0.8335674517081735
-0.41602740520640513
-0.6836539329850715
1.2030282738471791
-0.6167101928487249
0.543779192371959
-1.027442882979737
-0.641494172393417
