182
1.05257
0.609235
0.770561
0.242466
1.64298
0.746792
0.00980197
-0.0202036
0.455804
2.76561
-0.00313229
-0.325691
-0.607391
1.31075
0.436986
0.781613
1.36896
1.69897
2.15692
-0.126147
-0.406661
0.204722
3.03984
0.538625
0.530655
0.325589
0.939107
-0.192637
0.920818
0.709854
1.20998
0.837038
0.00330547
1.99955
0.41183
0.690569
-0.29472
-0.0759505
0.12284
0.239348
1.04952
1.72919
0.480853
-0.0944748
0.630112
1.35587
0.815525
2.01965
0.676942
-0.720612
0.354782
1.23082
0.649404
-0.456887
0.624387
0.279215
1.69349
-0.443412
0.913002
0.248185
0.720114
0.674703
-0.390023
1.35293
0.501899
1.16388
0.754644
-0.397429
-0.254313
-0.57323
2.54845
1.1546
-0.156109
1.41398
1.27045
0.899725
-0.482305
-0.00621922
0.725915
1.65069
1.55859
0.891796
-0.761891
-0.114896
1.35318
1.69243
1.49359
0.107376
0.381596
0.476248
0.514117
1.52937
0.106912
1.08689
1.52521
0.621498
0.463516
1.61039
0.850723
2.6949
0.118562
-0.119012
-0.501456
-0.186723
1.05168
2.13205
2.15789
1.10847
-0.471647
-0.293412
3.44036
0.741527
1.61162
-0.319631
0.636954
0.620422
0.64407
0.0916694
-0.397979
0.205458
1.32973
0.307135
1.57495
-0.131089
0.411978
2.19414
-0.35723
0.0481275
-0.421668
0.542323
1.23626
2.43962
1.13404
1.47413
1.40119
0.346899
2.2556
0.0693072
0.702532
0.422351
0.799775
0.549325
0.225386
1.87703
0.108046
0.161359
1.17455
-0.446856
0.48022
1.48786
0.00443286
2.01228
2.06742
-0.360416
0.415865
1.05467
1.56314
0.833322
0.412604
0.684983
-0.126094
1.93302
-0.390021
-0.490339
0.188121
1.31837
1.15097
1.34346
1.89592
0.529334
-0.421047
0.834807
0.665694
0.436455
-0.745135
1.38931
0.245243
0.612846
1.06862
1.0425
0.207489
0.4419
