182
0.672626
-0.247585
0.341398
-0.725392
1.23766
-0.464501
0.152032
0.237151
-0.107188
1.89004
1.74268
0.0260817
-0.165282
-0.0689672
-0.23312
-0.231589
-0.60315
-0.018187
1.65678
-0.124707
-0.716312
0.131919
2.16831
2.95101
-0.140038
0.579149
2.2372
-0.0606572
0.539558
0.731931
-0.409315
0.685819
-0.446326
1.26866
0.217215
0.943055
-0.0842337
-0.340318
-0.396304
0.244608
0.395011
0.0630012
-0.365426
-0.422302
-0.491983
-0.670115
-0.0976136
2.38531
-0.382237
-0.66751
0.104134
0.140082
0.227817
0.00353946
-0.178314
-0.617703
0.166741
-0.620235
1.48621
0.06572
-0.522288
0.449205
0.552187
1.24148
0.284926
0.250485
2.5897
1.39596
-0.454332
0.135701
2.71145
1.14089
-0.289762
0.871438
1.64316
1.37486
0.180803
0.726637
0.174622
0.202341
1.90605
2.72704
1.45907
2.00875
1.47147
1.52194
1.44135
1.9373
0.694133
0.79392
-0.15508
1.36437
2.07541
-0.226921
0.256472
-0.294103
-0.409292
-0.139379
-0.540115
2.42051
0.851853
0.321423
-0.264576
-0.341756
-0.00223654
2.42824
1.99278
0.715984
1.00165
-0.240941
3.44731
1.46898
2.26047
-0.677351
0.472374
-0.122509
0.534179
-0.733185
-0.458123
0.10842
-0.22606
-0.199428
2.04486
-0.781435
-0.385016
2.1184
-0.308879
-0.301216
-0.677981
-0.471239
-0.485879
-0.0523537
-0.584954
0.669837
0.541202
0.272907
1.76297
-0.349101
-0.340838
1.37843
1.32743
0.393256
0.51857
1.97514
1.97804
2.52584
1.32799
-0.149447
0.00870549
1.0985
0.0451763
1.7452
0.043311
0.825578
0.925921
0.350119
2.00385
1.44619
0.364572
0.103989
0.170593
1.06594
-0.00692547
0.116441
-0.222268
0.121787
0.456143
0.22454
2.57199
2.06372
0.270966
0.298247
1.2025
-0.404445
-0.019627
1.6952
0.416198
-0.118674
-0.347581
1.17921
-0.528442
-0.126346
