182
0.676322
1.89447
-0.0665489
0.455466
-0.173386
1.30842
0.10381
0.530038
-0.152384
-0.783195
-0.126414
0.190709
-0.511615
0.122137
-0.395772
0.827309
0.774891
1.79151
1.5851
0.161783
0.605404
-0.327341
0.546103
1.95698
0.741119
0.0848062
1.27575
0.952136
0.186331
-0.02209
1.76708
-0.386097
0.188101
0.672307
0.245143
0.799589
0.312065
-0.255981
0.443501
2.07678
-0.365442
0.0638985
1.28348
1.2043
-0.377978
0.338459
0.127676
4.15572
0.760378
-0.688504
-0.153941
0.501595
0.179573
-0.325944
0.378976
0.421127
0.441166
0.0468827
0.152078
0.0808203
1.17305
1.1014
2.32701
1.23752
0.0939226
-0.0604525
0.0730409
-0.473683
-0.0130082
0.67306
1.26331
1.40245
-0.172707
0.0544974
1.95859
2.67626
1.5137
-0.092102
1.63334
-0.313027
0.140365
-0.376517
0.209353
1.29964
2.82904
2.19617
0.0729415
1.65183
1.3964
0.682437
-0.489261
1.69464
2.85038
-0.655878
0.313515
-0.550063
2.20804
2.6422
0.265661
-0.263269
-0.087743
-0.0136752
0.32241
-0.115339
1.6605
1.08396
1.46603
0.533355
-0.661434
1.42564
1.3586
-0.713364
-0.343381
-0.455864
0.879376
0.490463
-0.636651
-0.361165
-0.384685
0.185085
0.479782
0.424726
-0.307617
1.33553
-0.0821537
-0.242116
1.35722
-0.345275
-0.376772
-0.421997
-0.631246
0.194728
-0.0189104
1.22098
-0.57131
-0.433668
0.291466
0.0531715
-0.546038
0.820706
1.59593
1.26696
1.04392
2.45997
1.83939
1.91203
-0.539552
1.23296
1.09223
0.484471
1.26466
2.29395
0.272643
-0.148358
-0.520502
-0.0890264
1.91891
0.353804
1.00768
-0.143522
0.201071
-0.358872
0.578296
-0.553858
0.15987
-0.556808
0.0962003
1.43925
-0.582311
-0.374616
1.02948
-0.218894
1.48979
2.30372
-0.464541
1.36804
-0.101725
-0.174114
0.217618
3.21315
-0.254001
0.402858
