182
0.359467
0.445817
1.42468
0.47928
-0.745562
0.711995
0.21238
-0.110389
1.33909
-0.20261
1.01691
0.965394
1.31846
0.978425
0.276716
0.800654
2.39998
1.11162
0.486061
0.128982
0.476544
0.636613
1.79591
0.591903
1.03166
0.290518
0.550924
1.37963
1.03587
1.35374
1.58793
0.399698
0.73117
0.021445
0.862479
0.732515
0.542549
0.586887
1.18056
0.753486
0.272095
1.14795
1.10031
0.104946
0.0867523
0.560996
1.36054
3.11431
0.812668
-0.266981
1.13713
1.0583
1.4002
0.131874
0.920421
0.965458
0.832245
0.253036
0.380484
1.70627
1.03603
1.17068
0.818276
1.05135
0.520123
1.21616
0.479291
-0.519297
0.197514
1.42479
2.09586
2.16681
-0.029214
0.595128
1.41918
1.21121
0.0306733
0.561928
1.15443
0.773261
0.475415
0.0162921
0.871391
1.11804
1.94153
1.60516
0.936269
0.508741
1.44392
0.165751
0.0473092
0.666861
-0.171579
0.775863
1.2062
0.79683
3.08756
0.660671
-0.204825
0.367772
-0.010062
1.05022
1.62004
1.06019
2.84439
0.780784
0.2072
0.359035
0.640312
2.69509
1.16675
0.25836
0.0616306
1.13365
1.29005
1.08214
0.146743
0.726357
0.720784
1.02159
0.69866
0.269078
0.363861
1.8436
-0.310831
0.256467
1.9226
0.528768
0.995169
-0.639529
0.437976
0.414624
0.376643
2.30127
0.0389867
0.308374
0.30121
0.466998
0.544538
0.06269
2.65132
1.13079
0.197072
0.819481
0.760055
1.3664
0.224576
0.522359
0.781561
2.23604
0.986073
0.878003
1.71981
0.120707
0.469613
-0.428109
2.98015
1.6286
0.559161
0.0625014
-0.158892
0.640932
1.06729
-0.0423189
1.17133
-0.140241
1.80723
1.01443
-0.00955166
1.46773
0.468086
0.321877
1.50776
1.01692
0.455928
0.849576
0.788892
-0.27087
0.960388
2.2717
0.258956
2.1947
