182
2.819540285323541
0.7910438459938134
1.1094082312093436
-0.5772915861370224
-0.10191237407729374
-0.9566402761609734
-0.7896225271827153
-1.1682671579888033
-0.8725532849297499
2.8536179637922885
0.36191943443098
-0.727609893717178
-0.5671914361035165
0.6132243095086481
-1.1374032852816232
-0.9215941022206778
-0.9272262217614721
0.3718305220825844
0.1855817252935671
-0.7609176029783054
-0.5179170602558365
-0.4837383791944328
-0.6957798601850076
1.7175358695387102
1.3897565844789694
-0.056676922682542
-0.13130215435358014
0.6219870214601058
0.6382364357579767
-0.25586108231704446
-0.12277955579931163
1.2415573292636803
0.21051856135958388
-0.9781252839963864
0.756715675702627
2.688475523458859
-0.8483339545317282
-0.3129002620888719
-0.8870244347417172
-0.6161883907726301
-0.9886803725563336
-0.7938081694783274
0.16394290346602744
0.3121829473670588
-0.8074798652497812
-0.795426875707373
0.5062502022084979
0.7531552886997613
-1.0335427350437598
-1.0433140013283115
-0.5418910596300992
0.48148402317354183
-0.7316458955376124
-0.4517363336124792
-0.9728667259625093
-0.577804214165111
1.927204327604815
0.16703236917046324
0.06114396012838534
0.6599578396158277
-0.4767679792938992
-0.03451966906968945
-0.7247181944566339
2.0164404592383134
-0.3161916988161298
-0.8261245027770698
-0.7219146242626147
3.0992922577726727
-0.36410541495228693
1.0216635231546525
1.9792621348035127
1.7326039218655362
-0.0760724811375103
0.30101692663418084
0.5413378922808557
-0.051090425535505635
0.7846774228896769
0.2847553578743925
1.3884526200616671
-0.18845731391504553
0.9409852561866554
2.9862513332890654
0.4133084605633049
-0.4417718774161837
-0.5767278781392708
0.06762962558666122
0.01819083471385005
0.410493194610437
0.3575430642106909
-0.34619472963678016
0.7980422113603255
-0.37505511323071883
-0.6157373118934776
-0.2807556516990784
0.07524529207801733
0.1407364612038313
-0.5354266812162932
0.27699176507952994
1.0310616861600124
-0.059245911613928545
-0.18150108391135614
2.459634748605952
-0.36743115309374774
-0.5677801107349533
0.026980413902894764
1.643643936398691
-0.27307019199862564
-0.776255466941216
0.5968865047375029
-1.2027740796205375
0.41745181810969956
-0.20845868648222293
0.27140935835474206
-0.37701242723051587
-0.4229203560140478
0.24738074420817807
2.260111730065175
-0.07852192792949308
-1.1790682221466415
1.1397372380805018
0.5555340065786682
-0.7373538113742544
-0.5522554560350992
-1.0401837516645134
-1.1197141432481479
-0.4565184592951485
-0.6721177015765347
4.478992307408996
-0.07453871665702834
-0.3867286276321159
-0.5168310719160862
-1.181381159809082
-0.9528115801828589
0.7766125870378298
-0.17518402389212082
-1.0815923861027827
-0.920482058816105
-0.5618973025368066
1.382595169830985
-1.0118857591062145
-1.2454621250697786
-1.0452368223924948
-0.7093791001683895
2.102787103366972
-0.23495531878549292
-1.1458129973883493
-1.2345390126244984
-0.4087044769945975
-0.6193108898478962
0.9397883835976322
-0.5804653518631476
-0.3550389208914431
-0.6855215758034965
-0.17073167230522276
1.0987419256980924
-0.8777628299328498
0.2567356491279468
-0.3159756454454489
-0.5767833715901624
-0.24041925822381827
0.6964534794729051
-0.7661608141377905
-0.6300754881570239
-0.9906771598061448
-0.9377298051637076
0.038325417716436216
-0.8188788386786018
1.030397601631889
-0.40773948174336794
-0.7987042144878701
-1.0305580108278543
0.9418346635353574
-0.23490871491958246
-0.8851742123012158
1.2859366089297033
-0.29079012279934574
0.0018103464132246296
-0.8634363876481538
-0.282062892730034
0.9443833149771049
-1.0372606844307188
-1.0029932295956305
