182
0.05314654895943452
-0.8733118004935837
2.756998406770198
0.3519023444752962
-0.48763818403458775
-0.18564406582571
0.37581872098166796
-0.9323247686240949
-0.09060847917748081
1.746043533732573
2.0145946119214346
-1.1716642616478619
1.4950715145097841
1.0109422860569588
-0.6251130649489272
-0.9606117012081833
-0.8661604670301435
0.16011326494676786
-0.2923606385498522
-0.48197977986460955
-1.0478492803039787
0.5655405975871132
0.23891311690433803
-0.6531657591035692
-0.7418570500253484
-0.2866311094019159
0.12641538751254736
-0.2896717401264659
-0.3668913546118479
-0.12153615391916445
-0.7976437414892965
0.8787246029525853
0.2096998474816129
-0.24747108569869503
0.8608075335329681
-0.3241615587581669
0.25256406385065466
-1.0189964622962944
0.8741986178003996
-0.26930543085482456
-0.870815336240311
-0.38520240283280516
0.1503161517359803
-0.5324534735175586
2.2437920421871045
-0.48574612344872264
1.0513821443190596
0.0747050045876286
0.3894358234349363
-0.16612879521571194
-0.8283040025355796
-1.1261003755214514
0.984290385510597
-0.5843123753595156
-0.342583672177466
0.8316017209591531
-0.7136592178013171
-1.23796608654171
-0.7879073120961883
0.6422167001825025
-0.8463226438401902
-0.19762065739999146
-0.641912627490398
1.8054227274938757
0.36530653510159655
-0.20541611672241428
-0.8734664389567203
-1.1256506729235407
-0.9959411264010565
-0.20964391372475533
1.0475326083802516
0.35995219046043664
-0.8978080419808115
0.3422334683920176
-0.9504768772411099
-0.18158556331072698
-0.7628979730180114
-0.4008325014942739
-0.6628519990477401
1.386566460249129
0.6112254983185389
1.3952842409102126
0.5546311788679612
-0.7331944284942102
-0.8132620468251849
1.1234693106046771
-0.1429929049495827
0.9299965312733033
0.7152389285840259
-0.9775315996859505
-0.764273305992693
0.19621475033537128
-0.2850338757287588
-0.30777906532824517
-0.16751576870871945
-1.0224551390934786
0.007704788402294046
-0.22392997340682508
1.9970674087280669
-0.9033985750596112
-0.733716980692383
-0.3718444695932436
-0.6377333059170449
0.3530951125293021
0.45821694671282615
4.583542918489262
-0.5918770430352542
0.09167721147637
-0.7944513593203418
-0.09398731973745098
0.7263210682845419
-0.6908522101425622
0.8041705990805825
-0.2303103108466286
0.18006592278440461
-0.7175301353025367
0.3219829827888497
-0.5851369426427215
0.7655353132160292
-0.45121063792450233
3.2919082842397738
-0.23417419545310503
-0.6886844365057537
-1.006058032727762
0.39563524509638104
-0.09490988859744531
-0.31301924155730515
-0.025351736700264093
-0.11028224510966855
0.5106517831059947
-0.2598282944434232
2.7918367825708277
-0.44928108335881817
-0.11161962559128599
-0.6001807362030291
-1.0052826667281536
-0.5001430893988053
-0.6472936516119796
-1.0263040451621896
0.3920492201717978
0.6359355877036581
-0.6966071492782042
-1.0936269532997231
1.4288268202959777
3.623489838872031
-0.1986583682969513
-0.9691006976475786
-0.5338792556282277
0.5409603515442686
-0.3434789112692223
-0.2869992706877933
-0.6936246650625806
0.5795385286989814
-0.08924426297847966
-1.0118156862885044
-0.3571269070913065
3.9025660873511
0.6687824908559205
-0.7760926781292175
-0.4252284459869539
-0.920661221354797
0.8826408384222253
-0.32544888790222815
-1.0268958737633034
0.45911424352329544
-1.070271101786792
-0.16403481365102207
-0.39361649950712824
3.2539675461046955
0.6477346068606675
-0.4580180754075894
-0.41154357407205844
-0.7362900177127735
-0.21426388740748276
-0.7806112031169785
-0.37907963796855876
-0.12176056522637706
-0.22476582549543542
0.7582460188161138
-0.9419950079136773
-0.22172008165364676
-0.9004797905947657
