182
0.7930044501234594
-0.10237330841262643
1.2883964989594383
-0.44244756243877126
-0.5244238734571627
-0.08923976202549652
-0.8094031863555802
-0.4734729245396685
0.3871821467181521
-0.6694028986987108
-0.533410092871138
-0.12399595019916357
-0.7019800505308366
1.6960298421953905
-0.8831128096560994
-1.068399840730339
-0.7778354216954301
0.9856546618522319
0.375304157980241
-0.44513323823426143
-1.069657619433394
-0.6789383186485836
-1.0123105815893065
1.346495285817568
0.45939954807257877
-0.7419458400699158
0.46117404504988435
0.4245114154509558
-0.41973046574241196
0.4363859613756971
0.39124214844931104
0.6069543565408325
-0.9522655948693537
0.1847599845958079
2.892970731350375
4.325663709433383
-0.40158773969800193
-0.19780428067399763
-1.064347244874624
-0.562544997022196
-0.39400644853009187
1.3785682407329733
1.9975805862800715
-0.24520983498761834
0.27435237023322845
-0.5877762942660264
1.6499951134227497
1.0088419156369324
-1.09698257847928
-0.9059687620737126
0.25990920668700446
-0.024169001371252698
-0.5724551192054537
-0.2019474475593293
0.5716068816072422
-0.6548770590628834
-0.5011185792529451
0.2462211920375117
1.218625459125954
2.040644193589259
-0.8979611469394163
-0.21381346258517317
-0.849515857623955
-0.17408372637491284
0.7503414842380417
0.8514334268272606
-0.35277405327075123
-0.7759984961352431
0.24972542735564193
-0.2456161584948279
2.919907583835621
0.40291698465389875
-0.5409910291986281
-0.8468378143618543
0.8372457882033756
0.20870923279010595
-0.027475758924779922
0.9349375743539946
1.222766089005869
0.6168868263468972
0.11080649024924923
-0.6208265001520841
-0.1336254421817527
-0.07908510738978436
-0.013748390689036223
3.8490786786148488
2.1972818337123674
1.6452471392007433
0.9576123478723951
1.3286254292164952
-0.17351865807613745
2.3221215517062537
3.0268120616256646
-0.19778292596076755
-0.21146314387418003
-0.41341030643525306
-0.3838227638277003
0.02834830992056763
-0.5846107609526341
0.4554393283897734
-0.1902126847436751
-0.37173291465477015
-0.3406062780034004
-0.11207284245820101
0.595266770200368
0.5531926350381626
-0.06361417977907623
-0.19641818752043463
-0.6474799621789268
-0.592928005592561
1.2163261330068498
-0.7848049750972528
-0.5446071455757545
-0.16858599652361347
-0.504900120095552
-1.212179652737117
1.1954271082128514
-0.7355105215536258
-0.48733428486441066
-0.5365684658394526
-0.9308017040420518
-0.9118801385889524
-0.6232313529689436
2.3680042367346115
-0.9551524764931434
-0.6812781920395989
-1.2592588728982863
0.29820447450145476
-0.5851251962786516
0.24176348606588613
-0.73697455383718
-1.2126080707482019
-0.9081497650777014
2.092158296018142
0.21836130875234103
-0.5367155198910036
0.6073003505795369
-0.8323622405324508
0.10573198388147549
-1.1720221289904762
-1.1452232678496872
-1.1918165092067154
-0.09381599664356503
-0.5666704258181968
0.449203470357898
-0.6914005277746994
0.6741370632369337
-0.8775817455944495
-0.37450547695132286
0.9960010964857117
-1.1745279202660948
0.0024591883866433356
-0.7071454344742227
-0.07969708555925029
-1.0297306465047191
-0.7468833033060701
1.5602131725844826
-0.2622695715044609
-0.9953644915321391
-1.0365336613912985
0.26577175128733976
0.4610943089043632
-1.268058770004406
-0.48288416661940986
-0.8874792648678592
-0.4435582639290094
0.28272322917933107
-0.3145210250650784
-1.0693211174443937
-0.9849263121501313
-0.6484747518748288
-0.0047809363192789734
-0.7570294365843716
-0.4448078063127517
1.4953094213818776
-0.7203734971957345
-0.8628349524314267
-0.47591951100808993
-0.7915157315925412
0.8976052718613444
-0.7079703524038604
-0.8539978276059085
