546
1.4864197902696943
2.0851802260384766
3.3337376489636257
-1.2708682454392843
-1.3879354667952364
-0.9208470483092626
-0.4968177256496685
-0.7283708972462829
-1.0895189452569622
-1.0319050708396955
-1.0822327676350811
-1.0960422217572727
-0.9400378458194524
3.1293399931810266
-1.067909312569643
-0.3917375677667634
0.34250571341405855
0.8491850149113603
-0.5461526997748433
-1.14419889308961
-1.1238219249389878
-1.061516159991751
-1.170778767668357
-0.8426800591589078
2.4906285507318233
-1.0226671114163266
-0.5862731540392888
-0.8314276572428669
0.28550734203613026
-0.11200350865331136
-0.057253230143306195
-0.8069619734088435
-0.6854971947222743
-1.0207607972738724
-0.9311841001122222
0.9396627890528298
-0.9360771818902788
-0.816176468793696
-0.7534207860858444
-0.3337771146546523
-0.08843106252789928
2.302022853990895
2.1891323504442752
2.147804422363181
-0.0009563445006962057
-1.2775229742472485
0.35211853502592627
-1.4194138738031694
-1.1913664298770812
-1.150317172652448
-1.2589640815828242
-1.0793911221171737
-1.2214926249250349
-0.9385265128530638
-0.9561993382580488
-0.2749289234152305
0.13332142452207954
0.007279362881320283
0.19648157703504895
-0.40835818826672393
-0.704135153950154
-0.6308640313475152
-0.49966080261428003
-0.6804871525101435
-1.1073724115142363
0.9782328087679519
2.2117400854258404
1.9470767358120387
-0.19924691813824075
0.06507714845046408
-0.7193387152767938
-0.543188660192762
-0.5029324967871146
-0.31972683710071315
0.012741516674297305
-0.16317679331864002
-0.3812529648704472
-0.8072199788663508
-0.9750807664659389
-0.2578086831865774
-1.2953607747513853
-0.6108781579589543
-0.3615510392466577
-0.6454046913333313
-1.240269123672588
-1.0844111908116518
-0.9416010423998976
-1.1341096171753837
-1.2195043641286358
-0.9308686698582992
-0.387413919218114
-0.6810443225189604
-0.6263655053429069
-1.0868898173807402
-0.9066390246344784
-0.6166567458739216
-0.703960669019274
-0.875152440796755
-1.0988593109587195
-1.0844750424103415
-0.8888485790425142
-0.3255979584007698
-0.6895472571129717
-0.15951292554252078
-0.3173665049212302
0.19568410838484218
0.4021492305959876
0.4343062979607512
-0.5600273521720947
-0.30715891649121074
-0.06577359138592512
-0.16340967394325398
1.6596620032143181
-0.44075805275394525
-0.2958393872549233
-0.42984410252021826
-0.7375255089315178
-0.840266128226632
-0.7636464126063683
-0.28109895148719155
-0.3204428278437478
-0.5058740654408423
-1.2781872786678377
-1.394915755719185
0.10313388189511967
-1.3886954173321373
-1.100368040998994
-1.045494490107425
-0.23507357212805546
0.03493306467992749
-0.290261032757626
-0.7940102653982679
-0.9345696449991778
-0.6517043906160357
-0.8760601349699626
0.41771179050011764
0.36089760839581086
0.23730388401805075
0.19174259110211622
-0.8579086508895815
-0.7757962673501504
-0.6610148088956411
-0.5219155220811278
-0.6492778747966399
0.45961458437652974
0.36924510935031846
0.18640802985878888
0.7277740450030313
-0.45344986365644313
-0.7496372103479162
-0.8046498386685313
-0.5583967619007345
-0.6014633820402154
-0.5438067622294179
-0.4991805800843009
1.0282870586088506
0.9913981689887476
0.14601353745507217
0.9529925461284593
-0.9128741610220173
-0.6170713922758465
-0.7192788541519648
-0.6771600319152687
-1.3839908996824786
-1.3662587898202385
-1.129596356262192
-1.0434983861250655
0.229809845230291
0.2091022847894402
0.14782983414696352
0.3281182177686528
-0.8755684148280881
-0.9893882454944664
-1.1551371194096332
-0.9867660729427268
-1.1635175672836688
-0.8746991291726952
-0.5471600800916755
-0.3808222996372627
0.2376834561631431
0.3228233299050134
0.5667525475934568
0.7137747263547318
-0.398143716130141
-1.028159210186849
-1.2431930306989394
-1.2151628405967982
-1.242977967394579
-1.1695967983845363
-1.2448659807014921
0.19075182443095678
-1.186033376371105
-1.2820090883076167
-0.8560728792612657
-0.5372960678091878
-0.46658654748700823
-0.8689914198267765
-0.8321746345103452
-1.0272160799068561
0.7963511845557175
1.0766633921239017
0.1799843948088447
1.0491068169955182
1.1314251264579398
1.0652372369731882
0.07296307066333503
-0.473806930046262
-0.41475124061808416
-0.605217988815824
-1.0287083622479722
-0.8500233871475104
0.008861978085820019
1.4429606582965844
0.05335852944340854
-0.03762943034503314
-0.7000065636811519
1.689020061734293
1.230229682354623
1.0792862303559605
-1.065387720530586
-0.7857613350755661
-0.6186408810560283
-0.6836289130130351
1.6658508562825605
2.0951427248642602
-0.9590710976274675
-1.241457568817906
-1.3294999691265421
-1.1718885080032402
-0.8010285123808322
-0.8080241327322353
-0.20637133927813597
1.8907750137722523
1.9530312571271433
2.224987833561128
1.9763867227057423
0.46996922231850535
-0.3100904885122678
-0.480060287745321
-0.741610194594308
-0.6912632912913623
-0.6156515440263691
-1.0237590233329807
-1.1273227653006086
-1.0273230002520022
-0.17893690296680223
0.5288678742738222
0.501144011799747
0.3709389496869463
0.6036373552490296
2.701705736038736
2.011878951157979
1.643669213444684
-0.3875883493560481
-0.94693190080117
-1.1591616144357726
-0.8689352031500329
0.08726301755812556
-0.8008893115224075
-1.0002118646169118
-1.1229000861714507
-1.0224730633764914
-1.257526474912984
-1.2543649352879807
-1.0247460970392421
0.005297322121499976
0.7116221071323631
0.37496757855475277
0.0184943503319109
-0.5465702497271956
-0.6832279146226659
-0.544036108584405
-0.414957532299379
-0.5282495406556065
-0.9074767349900897
-1.1487180186533115
-0.7479873854157304
0.49022845449608365
3.690418425753293
0.5074929135975608
4.542557691250488
3.8715378857697282
1.621834435898055
0.3532531417027183
-0.0008361693266507518
0.5245455914219119
1.8400410911832303
1.7001223920868593
1.394407303680793
0.17928323886296077
0.5343977421051065
-0.5516877898811497
0.007968291348687389
0.7058137462208405
0.34949943694957675
0.2778473966596099
0.024386464215634698
-0.24109676376167988
-0.3099053392688204
-0.5242699630130645
0.14583448433128
0.4041973391289618
0.1913372761172191
0.11516082072876241
-0.47551589983493486
0.34889660632851643
0.6946515997499044
0.2872691069499891
-0.38090324854375857
-0.909530714921956
-0.09643863703955886
0.1996390274226031
0.11734704098727902
-0.12559794825517812
-0.7547364396107339
-0.721104631908552
-0.5451836347480841
0.021824754790118472
1.5441615167618168
2.9294271105790615
3.381305731830511
2.65675895261118
0.41266193004320206
0.4808181770718443
-0.026715878911048662
-0.4350844652299984
-0.4404031630826366
-0.6307476371989054
-0.7630058745982031
-0.955909121083394
-0.8101242307695897
-0.495338440655557
-0.34696175902255
0.529256358299305
0.7788739982794671
0.5607593405994388
0.10071138243043239
-0.1210880758116731
-0.5342562338515181
-0.45002189069996623
0.19223911716620434
0.3185745829803579
0.6581076193007691
0.5284351094425515
0.04828919991858888
-0.34865828585726033
0.02616585995407198
-0.18602063936027474
-0.2885455094912331
-0.2783329268470073
-0.4779751674976963
-0.4380098012889051
0.3949483200320732
0.46423480879327816
0.8511776295455353
0.7577452179587503
2.8216966258001426
-0.3003672399553104
2.533099983237783
1.9941466067393503
-0.7265264993958457
-0.895586577129392
-0.7848939338414689
-0.19881676837043677
0.6387100366177637
0.8249387059043096
0.13545935093672243
-0.3774246711655399
-0.472876662819143
-0.14519542824771026
0.2883139067353029
0.08384563184338722
0.11387849873951782
-0.22808484748611596
-0.054456354796710627
0.6269018859897715
0.9329029601851755
0.6010857484341886
0.012821082949561627
-0.2984700689650477
-0.38489819857659485
-0.25853354874877665
0.2572641534859965
0.43637139442408485
-0.07042728188321522
-0.36233995657107687
-0.5590461010502547
-0.08332578734533284
0.4232587773504669
0.5701650965153497
0.02689394802321155
-0.012157494298857088
0.22623379842495533
0.625113874504339
0.8744405963654941
0.08216500548401913
-0.14285501943908308
-0.7642980931288388
-0.8408614106841531
-0.6486072611804322
-0.5671259365088832
0.1266147929562636
-0.17009941528092218
-0.41637315598052127
-0.6434937611883987
-0.7248366230505119
-0.9095050441722277
0.9727369896296861
0.7522481166935647
1.2038060220723128
-0.18284761833738436
0.16434520340438424
0.38795642829998794
0.12399200677969303
0.25580079182344084
-0.03652068110596599
0.02008482965233961
0.4746384677494688
0.6153773971567073
0.6911708670619773
0.6948676740610281
0.5382009289042184
0.9022843899922682
-0.21976511709632016
1.2453399508254188
1.7245105933539442
1.5710429149785552
3.126912308713021
2.5445806883273026
2.6033698773388885
1.7110849568365767
1.6605967770501933
1.0791950250143159
1.1451513204603911
-0.2791992475653287
1.3301831022979684
1.0037988643759606
0.5507406161980412
0.25100924285360493
-0.14837330199986554
0.9838627981312286
0.8499095941328136
0.3551908081448204
0.1385208857063011
1.8138224793501367
0.7692009625169651
-0.3827759418358066
1.5844441847086714
2.019681279928046
0.8561464077190991
0.5723373216492061
-0.8118590884669142
0.7103087996057759
1.4230690365582148
2.03426862097087
1.0996974924110245
0.931790838420553
-0.4096536253461118
1.8693632454501905
1.6976600813171292
0.8774813716135755
-0.23066958661197465
0.32413776312081427
0.2824640621698648
0.642810330427919
0.31387938014729194
0.7891169270395577
0.3336030454416411
-0.6799648540074817
0.29988724369824277
0.13378265625554261
0.22372700370004525
0.3002794922805281
0.22961894823076087
0.4243086828086115
0.7150961261791533
1.2495468238082779
1.6752968932379253
1.1199787682032083
-0.7781938831486342
0.8767641035814816
0.10312718066743574
0.007007602374265089
0.24871574322384205
1.965144561360101
2.310848952129088
2.316055300608974
1.0846991588577028
0.9727846631820198
0.20252995776670954
-0.40842433977456877
-0.11479716350225452
-0.3538702860808681
-0.7100119073850493
0.530565248621846
0.33405161116473897
0.7607178493316062
-0.46804565422337074
-0.21804192052763308
0.4451447534250768
0.6790601344183085
0.5623282795861942
1.4648936781412936
-0.8072266584018906
-0.8979015380442021
-1.0366494476395567
-0.844070904572928
-0.6638368082237949
-0.4753584169424186
-0.9698198412138974
0.14310415899025608
-0.126179130430727
-0.0037789796924582396
1.2205497824401994
-1.1682292268317562
-0.9152910917346014
-0.23239342326251644
1.6307173827314199
1.0155974592507973
1.0901386800917119
-0.8506524801762833
-1.23964199139752
-1.3488811579943447
-1.1031082719128336
1.1885684125073235
-0.9615673183455392
-1.0373387747151717
-1.1376314574131523
-1.147462019809668
-1.0078136055566675
-0.49284539424989515
-0.7504982373773332
-0.6506215124722161
-0.8961328643779445
-0.8111966759314806
1.9271969808656793
-0.08511560526821217
0.0015637508266395218
-0.11449272482273717
0.11318932807117606
0.34264066437391694
-0.07851155023870138
-0.791255884608509
-0.6385312744164101
-0.9792125090061465
-1.0810724241674154
