546
0.253767
0.375076
-0.219895
0.662993
1.09027
1.46948
1.46538
1.25819
-0.00350528
-0.117917
0.113284
0.165565
-0.677968
-0.063871
-0.547589
-0.424657
0.920876
1.03812
0.493647
0.197413
0.0507436
-0.0508316
-0.498489
-0.508251
-0.0879674
-0.424092
-0.22971
-0.531881
-0.419883
-0.650063
-0.587732
-0.220268
-0.489845
-0.583249
-0.200431
-0.0657407
-0.455335
0.185408
0.34479
0.435594
0.41398
0.435975
0.177586
0.103207
0.469599
1.31661
-0.262123
1.37854
1.44659
0.867672
0.29398
0.386885
0.503705
0.0921564
0.0769342
0.323752
0.879009
1.22751
0.675825
0.445492
0.0983961
0.0080966
1.1395
0.834957
1.14907
2.00099
2.35707
2.39003
1.10883
1.56122
1.47478
2.15416
2.02714
2.2854
1.74829
1.80878
0.98157
1.33782
1.27929
1.32267
1.94386
1.72837
1.87451
1.52087
1.44897
1.86418
1.75447
1.65646
1.20937
1.21747
1.28429
1.32227
1.82474
2.07187
1.98039
3.01532
2.97381
3.65539
3.23884
3.07975
1.60294
1.14039
1.53107
2.1371
1.97141
1.87066
0.808171
1.01402
1.19001
1.09802
0.89911
0.835105
0.193713
-0.252086
1.10279
1.16234
1.78722
1.8031
2.25997
1.91315
2.07089
1.42215
1.36359
1.66705
-0.134661
1.61387
1.84179
0.917548
1.04025
2.0881
2.06216
1.87269
1.17536
1.27996
1.09999
1.47043
-0.143236
0.150958
0.217606
0.196413
0.0214708
0.144115
2.04535
2.11665
2.45389
1.89325
1.55061
1.83
0.0988151
-0.374458
-0.275863
-0.439667
0.029212
-0.18208
0.0476616
-0.192133
0.451074
1.60536
0.537425
0.892868
1.15985
1.16383
1.14328
-0.121372
-0.299536
0.0708524
0.596446
0.296021
0.867915
0.546041
0.593648
0.534748
-0.036114
-0.135245
-0.141289
0.114982
0.440276
0.38563
0.236179
0.676652
0.319948
0.163771
-0.044244
0.680733
2.27186
2.11343
2.06578
-0.160264
-0.11052
-0.0300352
0.058734
0.0997812
-0.232243
-0.706894
-0.850627
-0.785761
-0.528825
-0.104654
-0.326792
0.859094
0.706214
0.23988
0.580902
0.0211032
-0.167241
-0.155003
-0.263611
0.658683
0.428001
0.172216
-0.502572
1.97671
0.282485
1.99833
2.01065
-0.440299
-0.925191
-0.434225
-0.240129
-0.2983
-0.80126
-0.376677
-0.300888
3.18616
0.844688
-0.0622905
-0.279731
0.116683
-0.017508
0.231863
0.344631
0.404023
0.0998132
0.174728
-0.165247
0.655708
-0.182415
0.303886
0.224695
0.00644394
-0.425207
-0.417499
-0.543337
-0.568188
-0.448084
-0.176025
0.873434
0.560551
0.543199
0.426802
0.192276
0.402363
0.380182
0.577503
1.173
1.14513
1.233
0.790259
0.709839
0.352681
-0.284
0.465319
0.347132
-0.017155
-0.61754
-0.632941
-0.458867
-0.624055
0.8237
-0.536757
-0.501057
0.0788625
-0.229148
0.23047
-0.0901574
-0.0780153
-0.344667
-0.252759
-0.616869
0.902246
-0.439953
0.31799
0.255763
0.403434
-0.149244
-0.409634
3.97815
4.01048
4.00241
1.12381
1.89693
0.0771584
1.64511
1.90378
1.84353
0.585167
0.520105
0.536872
0.0404973
-0.120782
-0.122753
1.64083
1.95217
1.90697
1.97308
0.75018
0.94849
0.651787
-0.655196
-0.412162
-0.479323
-0.725518
1.7727
-0.655799
-0.615689
-0.716338
-0.651621
-0.447719
-0.0300847
0.239375
0.302571
-0.147621
-0.0698958
1.15183
0.0490544
-0.0706626
-0.00219685
-0.275381
-0.0928644
-0.433354
-0.52379
-0.618291
-0.621235
0.3624
3.22608
0.915182
0.374946
0.281438
-0.47283
-0.694532
-0.292449
-0.176888
0.0809563
-0.139412
-0.022004
1.19576
1.29507
1.07206
1.40312
1.15786
1.22074
0.655923
0.666642
-0.206509
-0.426877
-0.474148
2.33804
1.08341
2.43775
2.53909
-0.461641
-0.524016
-0.670301
-0.408789
-0.343732
0.114576
-0.668414
-0.407812
1.28456
-0.554333
0.189497
-0.0543402
0.0122063
-0.421633
-0.31614
0.177366
0.233369
0.212639
-0.617641
0.807754
-0.610998
0.224506
-0.000530986
-0.132154
-0.520102
-0.672652
-0.0518845
-0.0354011
0.0506327
0.126992
0.949262
0.19278
-0.548578
-0.334507
-0.304405
1.03684
0.859936
1.06771
0.555161
0.0590372
0.542033
0.374152
0.716255
0.683691
1.47867
1.51801
1.40711
1.10542
1.08313
0.871476
-0.406698
-0.0510748
0.419924
-0.088311
1.18991
1.24217
1.43572
-0.752121
-0.769779
-0.565745
-0.54114
-0.333979
-0.80949
0.384772
-0.783189
-0.771312
-0.575894
1.27811
1.4582
1.62505
-0.123272
-0.304051
-0.295831
-0.56147
0.0433646
-0.577616
-0.487947
-0.513516
-0.513536
-0.589709
-0.494786
0.0297163
-0.111618
-0.110195
-0.309365
3.16741
1.25538
-0.309663
-0.521375
-0.039264
-0.296838
-0.321737
-0.312513
-0.445848
-0.309183
-0.229649
-0.286953
1.29747
-0.265624
1.53964
1.82045
2.58904
3.15337
3.14184
2.70702
1.15629
0.159126
-0.0111439
1.29026
-0.287435
0.062145
1.95603
1.9585
1.92655
0.143556
0.791897
0.432062
-0.697813
-0.569443
1.15496
-0.370862
-0.503748
-0.185541
-0.760369
-0.443639
-0.549015
-0.285259
-0.257091
-0.429851
-0.500301
-0.21888
-0.524471
-0.658367
-0.679512
2.00523
1.93264
1.75567
-0.148336
-0.303285
-0.442744
-0.560006
-0.238451
0.995779
0.108896
0.205216
-0.174862
-0.238472
-0.386157
-0.383988
-0.36781
-0.280402
-0.368626
-0.246598
1.11963
0.0117881
-0.337185
0.174231
0.555464
0.666182
0.176423
0.37484
1.27025
1.23627
1.37105
0.537203
0.970159
0.336937
0.575456
0.430026
-0.675019
-0.662574
-0.700539
-1.02219
-0.698258
-0.424001
0.0846718
1.23085
0.862878
0.827653
-0.127939
-0.730784
0.995833
0.915812
0.880414
0.714424
0.409035
