546
0.19533
0.41707
-0.193376
0.729342
1.0297
1.53908
1.46759
1.27335
0.0439402
-0.17532
0.267652
0.209126
-0.634695
-0.178661
-0.500158
-0.370968
0.791799
1.03222
0.530925
0.263022
0.171477
-0.0359714
-0.560257
-0.503133
-0.0607692
-0.405972
-0.179799
-0.504717
-0.350599
-0.662166
-0.673897
-0.222587
-0.458289
-0.594455
-0.259771
-0.0556539
-0.34999
0.147991
0.361136
0.446138
0.328615
0.429082
0.147684
0.108872
0.450468
1.1913
-0.104654
1.32278
1.51656
0.899811
0.270161
0.405826
0.480003
0.0891098
0.0342671
0.413928
0.818593
1.184
0.695303
0.385702
0.0273731
0.0591162
1.07668
0.993663
1.18551
1.98937
2.25829
2.28322
1.19945
1.65907
1.41109
2.11291
1.99851
2.13202
1.74385
1.83231
1.02361
1.33193
1.34716
1.36413
1.8781
1.70638
1.95583
1.52225
1.44398
1.84297
1.70129
1.85271
1.25591
1.24895
1.34165
1.38895
1.66775
1.86135
2.00482
2.83258
2.98703
3.5612
3.21224
3.17061
1.76276
1.17723
1.63577
1.98694
1.94152
1.95132
0.761895
1.03748
1.14175
1.11407
0.908158
0.780676
0.231091
-0.279775
1.06236
1.18408
1.73257
1.82233
2.17564
1.87555
2.06987
1.35223
1.45357
1.54601
-0.202777
1.64106
1.8917
1.03576
1.05128
2.06358
2.03559
1.97323
1.09185
1.13863
1.0974
1.3133
-0.186994
0.177326
0.19065
0.132915
-0.13894
0.123488
2.00105
2.14528
2.43728
1.93982
1.54064
1.94569
0.0157745
-0.431196
-0.297007
-0.442335
-0.0525575
-0.172584
-0.0603237
-0.239964
0.272443
1.5893
0.632457
0.877645
1.07966
1.28812
1.18402
-0.258575
-0.173136
-0.0628363
0.626046
0.330688
0.84784
0.473092
0.603149
0.652711
0.086308
-0.218526
-0.154758
0.074822
0.535731
0.37019
0.241344
0.65117
0.412099
0.232232
0.0138253
0.557954
2.15984
2.19195
2.17796
-0.203012
-0.136222
0.00329177
0.115312
0.150614
-0.181605
-0.629675
-0.813847
-0.706589
-0.568775
-0.253736
-0.245872
0.9752
0.702405
0.222627
0.603415
-0.00396885
-0.13695
-0.217596
-0.360695
0.617857
0.450707
0.199572
-0.514188
1.92311
0.285783
2.03243
2.13608
-0.46429
-0.942884
-0.457631
-0.256921
-0.246843
-0.872269
-0.463828
-0.337822
3.09681
0.831822
-0.0129662
-0.170133
0.123171
0.0140803
0.0552826
0.333789
0.474001
0.231296
0.0808739
0.0782235
0.817237
-0.266207
0.171938
0.299238
0.124636
-0.461358
-0.331877
-0.538832
-0.62997
-0.419529
-0.349379
0.831688
0.523281
0.468198
0.345525
0.236373
0.255102
0.421226
0.407104
1.13368
1.27937
1.20193
0.834843
0.698514
0.453545
-0.323741
0.344686
0.385419
0.0743396
-0.548982
-0.63218
-0.494209
-0.683616
0.843135
-0.53341
-0.573651
0.159239
-0.164862
-0.047789
-0.0605821
0.0292591
-0.349342
-0.324109
-0.651228
0.894398
-0.314785
0.108843
0.328961
0.428949
-0.122533
-0.452657
3.79392
3.99888
4.02438
1.21606
1.81885
0.0441284
1.45571
1.89582
1.83277
0.290741
0.577579
0.554666
-0.0852728
-0.194138
-0.175192
1.68221
1.89796
1.93577
2.12618
0.799867
1.03217
0.659268
-0.662025
-0.42447
-0.501802
-0.72466
1.83401
-0.589187
-0.644019
-0.628711
-0.751612
-0.488398
-0.106191
0.240811
0.293865
-0.0105548
-0.181862
1.1985
0.0853164
-0.00960127
-0.199619
-0.371725
-0.0796268
-0.484552
-0.402267
-0.627513
-0.590657
0.0861715
3.20946
0.918729
0.449947
0.367628
-0.457345
-0.683087
-0.33862
-0.201928
-0.184506
-0.176796
-0.122712
1.15687
1.31705
1.04632
1.35967
1.20322
1.36071
0.670885
0.613034
-0.245127
-0.423181
-0.457875
2.17207
1.04624
2.47381
2.57208
-0.475579
-0.570804
-0.704323
-0.431284
-0.127098
0.0535181
-0.742891
-0.290896
1.23092
-0.498879
0.186098
-0.085019
-0.0618953
-0.508218
-0.372172
0.107595
0.337326
0.163168
-0.690528
0.984479
-0.631285
0.282144
0.0894689
-0.0919289
-0.550378
-0.675221
-0.026749
-0.145678
-0.16697
0.0762914
1.03723
0.180927
-0.615102
-0.456995
-0.295834
0.951642
1.00831
1.13307
0.616611
0.0823437
0.406919
0.324556
0.700529
0.655505
1.30854
1.43938
1.47397
1.14227
1.02536
0.894569
-0.460911
-0.172489
0.528076
-0.0614975
1.19166
1.36268
1.55186
-0.787598
-0.836168
-0.538845
-0.52904
-0.481392
-0.782182
0.482145
-0.831232
-0.793193
-0.486165
1.18851
1.48435
1.66506
-0.343251
-0.337444
-0.176317
-0.648752
0.0625051
-0.597027
-0.512876
-0.532556
-0.56566
-0.472159
-0.664919
-0.0595112
-0.0880596
-0.089309
-0.387957
3.23117
1.15953
-0.314563
-0.508716
-0.0987044
-0.336391
-0.250206
-0.410093
-0.507282
-0.26721
-0.269671
-0.280758
1.36361
-0.312997
1.36257
1.86261
2.50741
3.12157
3.14995
2.82927
1.26957
-0.0215071
-0.224447
1.32234
-0.511084
-0.0933433
1.89969
1.9225
2.0107
0.20216
0.901609
0.449486
-0.62154
-0.553188
1.176
-0.446925
-0.410747
-0.209057
-0.752822
-0.376527
-0.455483
-0.296154
-0.221734
-0.486922
-0.527496
-0.26873
-0.55547
-0.652009
-0.595139
1.97814
1.92082
1.89523
-0.0974456
-0.320663
-0.329656
-0.588366
-0.40136
1.1099
-0.0162182
0.165139
-0.111116
-0.260297
-0.380846
-0.453451
-0.386609
-0.172844
-0.416314
-0.256058
1.15914
-0.0916366
-0.267893
0.147928
0.627306
0.664179
0.244974
0.415273
1.2714
1.33563
1.46159
0.616593
1.04145
0.278064
0.685291
0.463841
-0.708479
-0.777056
-0.650997
-0.977661
-0.692219
-0.425264
0.107348
1.22235
1.00153
0.812022
-0.145814
-0.652517
1.0559
0.980998
0.830472
0.717502
0.46923
