546
-0.465534
-0.469093
1.04808
-0.0874124
-0.018617
1.72304
1.77116
1.73781
-0.420387
-0.0850229
0.0610962
-0.249885
-0.350423
1.054
-0.213089
-0.0779013
1.47216
1.5185
1.5628
-0.42829
-0.460178
-0.64135
-0.357372
-0.321764
0.410803
-0.485262
-0.520179
-0.551134
-0.491382
-0.430344
-0.509834
-0.160206
-0.124635
-0.0439317
-0.139836
0.0897817
-0.162337
1.86952
1.92471
2.0089
1.06844
1.2561
0.897674
0.879956
0.401257
0.358705
0.192048
-0.147317
-0.069343
-0.615376
-0.0882201
0.501152
0.585896
-0.124492
-0.262297
-0.335076
-0.528138
0.123348
-0.629712
-0.401767
-0.330718
-0.222465
0.251068
0.345816
0.429317
0.213379
-0.23233
-0.529252
-0.675224
-0.527659
-0.474987
-0.599309
-0.503813
2.95034
3.03362
2.71755
-0.217489
-0.0659229
0.0458669
-0.534514
-0.306598
0.553844
1.10373
1.45353
1.54298
1.6905
1.69618
2.10037
1.98797
1.9415
-0.190014
0.988346
0.420946
-0.144343
-0.0821976
-0.0326596
-0.0942625
-0.109591
0.0971211
-0.106078
-0.107482
-0.155545
-0.119459
-0.289711
0.579449
0.462999
0.25983
-0.137199
1.08402
1.11532
1.18739
0.805856
-0.57522
0.421231
-0.0277537
-0.364196
0.608183
1.84683
1.84539
1.63548
0.00937532
1.07985
1.04316
1.0943
0.518278
0.710307
1.01536
1.53364
1.59747
1.63572
1.00515
1.15612
4.65096
4.74502
4.68373
0.480723
2.2772
1.09514
0.499954
-0.115323
-0.223786
-0.240676
2.05739
2.47529
3.18379
2.93621
-0.159171
2.75053
-0.174444
-0.0790543
0.691944
0.707317
0.620375
0.180901
0.293122
0.419448
0.777122
-0.328256
0.830948
0.68813
-0.3516
-0.454506
-0.399987
-0.510182
-0.498366
-0.428864
-0.250978
0.353488
-0.273125
0.660177
0.737837
0.525508
-0.263578
0.213972
0.331637
0.426986
-0.427346
0.623832
0.714804
0.714465
0.411073
-0.296238
0.367994
0.816072
0.793104
0.553703
0.0202811
-0.136886
-0.148099
-0.402397
0.725923
0.364865
0.440942
0.385491
-0.137402
-0.264604
-0.193588
-0.426071
-0.466859
0.828859
1.04239
0.564439
1.07401
1.2101
1.13599
1.05486
0.634694
0.473167
1.27524
0.983349
1.14178
3.13153
-0.283808
3.07313
2.93938
0.233524
0.672171
0.698259
-0.164753
-0.121978
0.0926017
0.957086
0.960501
-0.523558
-0.425338
0.849259
-0.461867
-0.353389
-0.475669
-0.368459
-0.542746
-0.411637
-0.412471
-0.651828
-0.112745
-0.51968
0.314966
0.324093
0.258848
0.383735
0.711526
0.496023
-0.427516
-0.413074
-0.376364
-0.402193
-0.521726
-0.536268
-0.343663
-0.274677
-0.460376
-0.314108
-0.0485777
0.596968
1.93437
3.54348
3.5498
0.223739
3.33719
1.24113
1.18345
2.28463
2.27474
2.12268
0.803049
1.21317
1.18712
1.25049
0.422716
0.99483
1.07483
2.48143
2.48332
2.3066
0.438065
0.744571
0.65591
0.736474
0.692953
0.739908
0.81545
1.80925
1.68816
1.45178
-0.421276
-0.483
1.28956
1.41209
1.3841
0.685901
0.520536
0.680151
1.42771
1.56295
1.23543
0.74244
1.77234
1.87224
1.24059
-0.0699925
0.10732
0.637162
0.0918801
0.0804391
-0.0747233
-0.212671
0.8234
1.08019
1.08168
0.698785
0.336504
0.268399
0.563372
0.627473
0.653392
0.844291
2.09377
2.26539
2.19255
0.927329
1.11653
1.11317
1.01631
3.05714
0.952747
1.00839
0.0647512
0.193915
0.176167
0.119428
0.119207
0.104223
0.0115259
0.146058
-0.389053
3.11625
0.222348
0.396136
0.414918
0.444982
0.417164
0.311624
0.929402
0.795143
0.566887
0.333384
3.18657
2.17254
2.75839
2.57307
1.97017
0.247259
0.110129
-0.0114766
-0.105959
0.472569
2.35593
1.52551
2.57296
2.47748
-0.374873
-0.314227
-0.21437
-0.261729
-0.381143
-0.433915
-0.270141
-0.304129
1.42236
0.0910821
0.179204
0.150186
-0.184144
-0.454498
-0.204299
0.036445
0.0645679
0.0582863
0.072927
0.0234298
-0.394781
-0.281929
-0.226656
-0.230996
-0.528439
-0.497543
-0.43759
-0.280749
0.638205
0.860918
0.38419
0.560473
-0.0942459
0.618028
1.05614
1.19716
1.12933
0.584343
0.481606
-0.16544
1.73902
0.266673
1.98273
1.77944
0.59773
-0.0906605
-0.28949
2.08768
2.33474
2.12304
1.22125
1.17067
-0.577409
1.23668
0.683759
0.550818
-0.166256
-0.501578
0.0324996
-0.0136036
-0.16602
-0.393605
-0.364581
-0.601687
0.12782
1.09573
1.26699
2.55364
2.50836
2.6776
1.98871
1.84644
1.22013
0.533039
0.761868
-0.274564
-0.153831
0.152071
-0.0768461
0.355223
0.1931
0.232261
0.384073
0.729342
0.854369
-0.517889
0.882908
0.8252
0.889393
0.792684
1.0777
0.857134
0.983136
0.574362
0.440691
-0.508585
0.727971
0.794811
0.871143
0.781337
0.950543
0.944806
0.996499
-0.082557
-0.208152
0.109513
0.738297
0.719576
-0.204901
0.82847
0.349516
0.243227
0.452797
0.781309
0.780668
0.53053
0.0390773
0.700304
0.627007
-0.103388
0.672985
0.546497
0.682189
0.884023
1.08206
1.09295
0.718269
0.543908
-0.375834
-0.0407158
0.187074
-0.190549
-0.101711
0.304463
1.98454
2.26438
2.16261
0.151016
0.0660122
-0.104743
-0.0756531
-0.190163
-0.566379
-0.156231
-0.092395
-0.120663
0.032461
0.0542794
-0.132314
-0.236426
-0.425017
-0.512135
-0.562724
0.626182
-0.438253
-0.427988
2.02232
2.31753
2.28104
1.50747
1.44073
1.3221
0.415525
-0.350516
0.764962
-0.388598
-0.41601
-0.356364
-0.08497
-0.0907804
-0.117787
-0.544456
-0.439938
-0.154338
-0.054851
1.01692
4.44569
4.51447
4.49446
1.19976
0.5752
-0.520715
-0.47478
-0.423149
-0.219082
-0.418517
