546
-0.509417
-0.55027
1.07409
-0.0666779
0.0458796
1.53099
1.60744
1.63892
-0.5103
-0.0165129
0.088594
-0.3453
-0.381871
1.00324
-0.253831
-0.175438
1.13652
1.31073
1.31071
-0.533217
-0.423117
-0.624583
-0.516952
-0.579912
0.308839
-0.772823
-0.564181
-0.561815
-0.517596
-0.514738
-0.553785
-0.471263
-0.313331
-0.329853
-0.3018
0.0645344
-0.342208
1.63685
1.69765
1.81877
1.01028
1.1641
0.878982
0.895818
0.381964
0.493009
-0.0604152
-0.360778
-0.265169
-0.728154
-0.259151
0.314457
0.418583
-0.217242
-0.486108
-0.444728
-0.615664
-0.0834097
-0.494746
-0.417523
-0.347494
-0.439376
0.194799
0.418618
0.480528
0.252751
-0.311211
-0.514537
-0.652245
-0.685402
-0.485252
-0.556068
-0.610735
2.66444
2.74091
2.58925
-0.224482
-0.402316
0.00883767
-0.661357
-0.320134
0.520915
1.0573
1.40285
1.49941
1.63202
1.65265
1.98903
2.00272
1.78417
-0.35296
0.983705
0.31424
-0.168181
-0.140143
-0.141428
0.0751094
-0.0392913
0.144832
-0.12962
-0.23927
-0.368684
-0.178115
-0.340718
0.383728
0.401653
0.121806
-0.306133
1.03114
1.15768
1.0712
0.818901
-0.741456
0.57942
-0.0532223
-0.434731
0.75355
1.69542
1.68407
1.45819
-0.0202132
0.911053
0.973281
1.03786
0.552623
0.880935
1.0482
1.46746
1.51651
1.48251
1.02574
1.12882
4.54339
4.4618
4.57179
0.451545
2.07033
1.0481
0.435623
-0.178475
-0.31166
-0.351012
1.88351
2.25631
3.16408
2.63522
-0.122066
2.57034
-0.29839
-0.104819
0.312584
0.436852
0.361285
-0.00626323
0.184485
0.4686
0.920618
-0.474249
0.743213
0.67711
-0.499389
-0.659685
-0.556837
-0.569515
-0.651362
-0.499135
-0.150203
0.394903
-0.516574
0.754343
0.74186
0.388724
-0.287475
0.329367
0.318978
0.538874
-0.54014
0.671657
0.704541
0.690313
0.332615
-0.290645
0.490697
0.815914
0.794925
0.490322
-0.115115
-0.187567
-0.297554
-0.436367
0.731112
0.234296
0.367514
0.238347
-0.278219
-0.211219
-0.395488
-0.420219
-0.569131
0.892033
0.969684
0.547198
0.996976
1.28164
1.0551
1.02581
0.60297
0.227098
1.28465
0.835499
0.978513
2.97124
-0.416671
2.8804
2.83544
0.112077
0.553685
0.621973
-0.324872
-0.454027
0.108314
1.09026
0.942572
-0.703694
-0.794508
0.699577
-0.507751
-0.533286
-0.549211
-0.51922
-0.61935
-0.691349
-0.518026
-0.788461
-0.162449
-0.792069
0.25776
0.206586
0.0740079
0.549582
0.60219
0.520422
-0.507237
-0.443545
-0.363015
-0.483319
-0.694848
-0.609501
-0.455882
-0.391912
-0.650274
-0.491166
-0.0904268
0.575748
1.78012
3.34873
3.34838
0.230113
3.2941
1.12237
1.20484
2.07589
2.13156
1.92342
0.843998
1.21944
1.05737
1.16855
0.365212
0.858586
1.09
2.27623
2.22974
2.0215
0.47727
0.773036
0.720127
0.678838
0.715148
0.830885
0.839393
1.59554
1.51446
1.25757
-0.453689
-0.567656
1.24094
1.28307
1.29717
0.721677
0.639898
0.703464
1.38652
1.31864
1.07452
0.595241
1.72216
1.69022
1.10267
-0.106318
0.0790221
0.793004
-0.091691
-0.0568169
-0.342378
-0.304922
0.790419
0.914089
1.05187
0.562779
0.176458
0.0539172
0.636208
0.38077
0.359014
0.718417
1.89946
2.00798
2.02198
0.884536
0.965525
0.933797
1.03697
2.89133
0.947078
0.884934
-0.136067
-0.0415145
0.200406
0.00276726
0.0338285
-0.0207884
-0.339418
-0.00670016
-0.619737
2.85284
-0.0897445
0.0631959
0.0260874
0.127803
0.164445
0.234647
0.775797
0.518475
0.408815
0.024913
3.08454
1.78152
2.41212
2.37304
1.79289
-0.0138187
-0.0725134
-0.131896
-0.219035
0.442312
2.24591
1.38218
2.26096
2.26739
-0.487982
-0.455503
-0.377285
-0.40663
-0.547845
-0.575818
-0.360956
-0.536029
1.24379
0.146321
0.0738585
0.114195
-0.23589
-0.611114
-0.419132
-0.258532
-0.163995
-0.225079
0.0212116
-0.0431889
-0.554563
-0.247235
-0.415266
-0.308636
-0.554086
-0.716998
-0.46273
-0.383662
0.635417
0.81004
0.336106
0.466078
-0.291124
0.542016
1.05897
1.05145
1.12351
0.403553
0.427531
-0.367065
1.58437
0.176864
1.78642
1.63677
0.619536
-0.273213
-0.39612
1.95488
2.2112
1.95244
1.03259
1.13374
-0.754858
1.18414
0.334668
0.456151
-0.267558
-0.631324
0.0205149
-0.0114924
-0.365378
-0.532396
-0.501333
-0.621235
0.13123
1.06706
1.1166
2.5248
2.22235
2.61648
1.59956
1.59717
1.01362
0.281675
0.844575
-0.357914
-0.164939
0.180645
-0.0783921
0.326817
0.0227861
-0.0528282
0.328861
0.7552
0.800549
-0.795743
0.868154
0.870407
0.894527
0.702239
1.06701
0.785684
0.944048
0.44696
0.275489
-0.59506
0.742401
0.645934
0.807194
0.774457
0.895524
0.866785
0.906642
-0.133718
-0.285663
0.0933059
0.84039
0.587106
-0.185247
0.712923
0.0946593
0.0764282
0.411877
0.864464
0.773152
0.50976
0.122078
0.702091
0.639629
-0.126923
0.722731
0.376474
0.815718
0.894328
1.00565
1.05417
0.571846
0.468168
-0.391656
-0.133658
0.114123
-0.217769
-0.229085
0.382353
1.86941
2.02583
1.94393
0.0437526
-0.0327222
-0.14496
-0.193954
-0.0855596
-0.621279
-0.0939425
-0.137129
-0.0858178
-0.00119362
0.000232855
-0.214401
-0.136736
-0.50337
-0.518888
-0.556844
0.621876
-0.49257
-0.381395
1.78374
2.0748
2.05731
1.45195
1.32335
1.1961
0.388562
-0.289126
0.785112
-0.501095
-0.439841
-0.227044
-0.211667
-0.0947147
-0.205692
-0.530527
-0.572654
-0.0692619
-0.0603725
0.971388
4.22682
4.2963
4.43049
1.08513
0.471145
-0.511728
-0.538311
-0.546648
-0.280778
-0.394769
