546
-0.8561988813012634
-0.8493792238513529
0.7684757004733836
-0.08455379315145432
0.27246576413116674
1.3678486305217463
1.4762405498672755
-0.10269081899629834
0.5843503788547789
5.090896282257349
3.9564605798479104
4.225095533967906
-0.5972675471709041
0.3289393060894319
-0.9181151034185134
-0.8418035704061764
-0.6273369124594581
-0.6221402420435648
-0.9452798807092413
-0.7974838229824365
-0.5647268562729088
-0.22424591194790452
0.15817169257553362
1.0077329975325495
0.7620324382797308
0.0931530114700627
-0.19180613775005476
-0.6473284692339513
0.7331759820967534
0.4868697864539429
-0.2977615925135354
0.026625749207413098
-0.4810963432436252
-0.7881555904029796
-0.3172155976838467
-0.7471039074284943
-0.04193466673279696
-0.2494136195562174
-0.5881556650199616
-0.3023196205676245
0.09335183379740289
-0.1290881307647924
-0.5515066915949551
-0.8504104888574763
-0.9828072963966176
-0.8799551509182265
0.6279506150996101
-0.7534512997112894
-0.03208040703687389
-0.27122807170161223
-0.05845932127323926
-0.46267037465866084
1.07069946334912
0.6476391628915628
-0.5332642574775798
-0.13556884638757968
-0.4663436351298541
0.5740853534246206
-0.671878889738412
-0.7219121548994151
0.2583326247322303
0.3063924489892607
0.725229788953442
-0.057607708864666034
0.18980412167165492
-0.4060209439952656
-0.16732739421702292
-0.8111602458984877
0.7288657563811747
0.07404539661093804
0.23876039455231318
-0.2732807881886625
-0.4845320324503451
0.33845975822641433
0.5726927496756505
1.346765142145891
1.3628449406359804
0.8608175644719247
0.9021571330672842
0.1785863758964535
-0.8291056730533517
-0.9573743776805115
-0.9878785993122656
-0.818164715367164
-0.524269759773593
-0.34454187398092195
-0.4771902630420478
-0.5796692447554648
-0.49856790991381544
-0.24404198606898012
0.03368799465308284
-0.32987949037964276
-0.3584453650195008
-0.9398075877127536
-0.995415114312698
-0.9911751205156157
-0.32333913951888554
-0.09960845991211623
0.7400263003490459
1.73799838107574
0.6902474078065715
-0.7835701881925038
0.31492030039614555
-0.391806443937955
-0.7553656396728179
-0.7765112442880586
-0.9953844898413958
-0.5140946765621196
0.09394902238377895
-0.11331525280683669
0.8461721545193202
0.6442522751340218
-0.3237847017322866
-0.6596449595260171
-0.11548469951399964
-0.49766859202260183
-0.26192586425101533
-0.0038041261231036936
-0.48389378512464054
-0.5509076582011955
0.11738284731129947
0.6641004262581033
0.8573392824778326
0.9213122835249475
-0.49055877032273887
0.28695557446384634
0.5698947668206569
0.7377888921251936
1.1921509954051066
7.801144014658008
7.4033249258887714
5.912045525111911
-0.793835946178574
-0.6987285446812458
-0.554854191124124
-0.40193226515315433
-0.9072588806086964
-0.8881143927234166
-0.18131109276968607
-0.05570227656199013
-0.5539992819737958
-0.9513041401333405
-0.6395884206342363
0.1429770914546122
2.4710583559252015
1.9125468377947668
-0.08569445913585992
-0.25862189682411313
-0.33263052197888315
-0.9241116838975758
-0.8551171077279183
-0.9506841988945058
-0.8959108105107652
-0.8667603345579951
-0.4439954261071378
0.05257360354163259
0.5579809377645504
0.043860140253587435
-0.8137458791877585
-0.8959000906203834
-0.7384700770205904
-0.15756598131273516
-0.35270954390429843
-0.3955971097222413
-0.30214972419735464
1.8999188057609604
0.8644218230078974
1.699140328206626
1.904823989328853
-0.8165769821852451
-0.5810613321664277
-0.7639719040629704
-0.10969657602529732
-0.3479364288145118
-0.6745163097213862
-0.8786691397184881
-0.6102488330724555
0.44637507677956695
0.44417610654854967
2.6144326395191126
-0.4190532035014733
-0.9178537759411476
-0.8960938200734292
-0.8868989260223057
0.42313517001184403
0.737448025890683
0.5816321784325846
-0.19786364530712208
-0.5697255114840307
-0.607485182066702
0.32165278367843764
-0.69904391945452
-0.5834290096541379
-0.8849875642615523
-0.644785012127248
0.10030240886300283
-0.0621989421182459
2.6897343264240745
0.5926782935619448
1.0633439041324544
-0.5056761668349092
0.375405056123237
-0.8444425500638737
-0.7930645732150158
-0.7768652726873255
-0.9030412281906613
-0.7500780294703083
-0.6899147452371993
-0.605260401752021
-0.265740734244478
-0.25215356106371417
1.3262718191499274
-0.08182010961231924
1.015838197539762
0.7487964023864203
0.5571951303057999
-0.030736941049821567
-0.522574320694403
0.42297725369848177
-0.27234573335299794
-0.481745208711791
-0.7573541758157281
-0.7342403535885886
-0.38087756551964796
-0.6566080457405561
-0.801799413422741
-0.9615354143687135
-0.7753351058982932
-0.5965081876410682
-0.010825863297466027
0.12216818733260426
0.07537756266322372
-0.4479387092261862
-0.328631774259005
-0.42807016068542636
-0.8023498554590076
-0.31629477221122043
0.08752017200574168
0.3824152430485292
0.18756715644680258
0.03206102841089745
-0.6065672853687136
-0.20171235827266543
0.2202401825794477
0.23779706383465357
-0.05678737902182886
-0.7532571299083836
0.7784638819455295
0.01737505357975606
-0.741244077285747
-0.9909180616900998
-0.9078244485475805
-0.8769488035259528
-0.8210892889191982
-0.6852529148313411
-0.09069186680904606
0.0628990784653379
-0.6118849936525862
1.771598431270225
0.969199050629745
-0.4904401565592626
-0.6033775009936174
-0.3682997151014866
0.5614415602406609
0.047867383302453985
0.9875702169976449
1.4862241298225531
0.42735803599942535
-0.8980391348488893
0.05751843954020809
0.5012864741321433
-0.03094741742667237
-0.37658973706774534
-0.7595747365475033
-0.8861471585567164
-0.6859598155872777
-0.21954595536166413
-0.37271986739945717
-0.3370171228064908
-0.7992804219777347
-0.7764493413458192
-0.5787410743084407
-0.43726030361192075
1.8734507523242154
0.6210630871159382
2.682963252260575
0.33597735164304665
0.3114837006258325
-0.015312369500743779
-0.5271023641495127
-0.8013929134601442
-0.7108508576885025
-0.8995911900055998
0.8003064622707812
0.35214394195195936
0.01576368257559631
-0.7315410946981417
-0.8710863965554015
-0.8113525344578889
-0.8405539708866487
-0.5181903825261289
0.06481677070666923
-0.3260098395507203
-0.3791478858165134
-0.7335728595050907
-0.841655577674886
0.17651688895349835
-0.35562472124229705
-0.5559900938926006
-0.7916300693131822
0.04803653251477588
2.3726062496259943
0.656497086728324
0.9151193808885731
1.4924295754903294
0.23345113303452034
-0.3302010636082336
-0.7140275175356419
-0.49849675921936354
0.023612518083006278
-0.09455271671969841
-0.11129494745477216
0.2809432526493595
1.5087893598245232
0.877712817215514
1.3857007508339718
-0.07461721180277922
-0.38352369669786107
-0.8578985628108926
-0.8451344217846886
-0.4995224736378709
-0.4185920497949417
-0.5876030867989985
-0.7977549137111772
0.07556073281302501
2.448146316758145
-0.4415330820864737
-0.2735480153759678
-0.32811407053327546
-0.40982509769827774
-0.5301644655406226
-0.05843884849580778
0.1160973979563025
-0.05164584398531501
-0.11408152101943903
-0.34270642789984246
0.7303700701213927
-0.7777550937393958
-0.8399741566276144
-0.9298562710229076
-1.0535988776793608
-0.8831012789368672
-0.56231673273254
0.47293062403568126
0.03248463880558825
0.7811454454034439
0.9004499825635336
0.9248491744511509
1.1358875882255806
0.46778701802858824
2.8948093441492952
2.4287938548239425
2.989582063632316
0.663773213951155
-0.7736743625702481
-0.030089379433850566
-0.2180361711512721
-0.3873907581126719
0.18380425554747404
-0.810138275568238
-0.854224027560555
-0.7363708691848977
-0.6059629852963838
-0.5970462308092387
-0.550685972215194
-0.049223412077759175
0.4755444417036689
-0.26580929647136436
-0.7183415939791196
0.08655309449849766
-0.8827503877957824
-0.5080052843294046
0.03316686316479817
0.4331577426260489
-0.23633674654327133
-0.5284021685948603
-0.5310022298201985
-0.2798901626833082
-0.00951228861238577
-0.21371229945185574
0.31955974843306295
1.3163439392752112
0.6581622598814514
2.8581974141344384
1.3362931503147728
1.0160094170615745
-0.4583838855056472
-0.618654113545057
-0.298686621822317
-0.8114648866745902
-0.7704477623811458
0.13630320056240539
-0.8100689689173565
-0.48600903702207815
-0.554034955811487
-0.3520132516527462
0.09579418837378376
0.9183259223279049
1.5069303636778673
0.7807696708748968
0.9669472155946371
0.5522700244946805
0.26477049968376354
-0.48953329325155787
-0.7006679704896356
-0.8674736347789838
1.1327840998982732
1.373420154266099
1.0324708788807981
-0.6648283352496718
-0.6320951787115443
-0.8038652084162311
-0.9062287105494474
-0.6382996149108126
-0.725145095389327
-0.12005884699815246
-0.3741516781594991
1.4534495041653106
0.547927106841861
1.1117281855109913
0.8505810039487057
0.032116171223507746
-0.5778030379813787
-0.9112986392013062
-0.4334187618534929
-0.5716997020461937
-0.7204803958315691
-0.5988584056633645
-0.368929942166147
-0.04734338268401224
0.56584288655822
-0.2887906187967448
-0.568522040117182
-0.9320805743210442
-0.7737987428638478
0.6255935933402827
-0.21475167598043765
-0.36298725188479014
-0.1299789830370834
0.1855087212383859
-0.28275772216748174
-0.7540247495114104
0.6390316311024369
0.9567210527051062
0.11795841794714923
-0.5652658640763528
-0.927635175550079
1.145818454421884
1.206270863720296
0.8184290841095581
0.11845710591183294
-0.8402836341212964
-0.7486796505121923
-0.8493749875178337
-0.8670942467046554
-0.8894581838163372
-0.6065335886111511
-0.6925319226606287
0.048833499442030116
0.552322520874373
0.3458355977507395
-0.06660812321906029
-0.7203718724041954
-0.834058234503904
-0.19301567857079227
-0.0171797447497301
0.33105004247305125
0.2508679628057918
0.1673491553173483
-0.6734166376194691
0.6222703058981904
0.6334666143751122
0.30043727195384645
0.6748132507490421
-0.7493955572899194
0.1148228142767391
0.3419386840170121
0.47060123085773864
-0.7116272604460236
-0.6973791998297735
-0.8796335940359653
-0.7672250647027499
-0.2721703344767782
-0.2558884451890234
1.2761943670251328
0.5453498741776589
0.5166871180848414
-0.6987099501099884
-0.10499662142748091
-0.23395973169640194
-0.49340557885227004
-0.8042792176340511
1.8495797357628296
-0.6891885639570245
-0.14831658253483462
-0.3890958293415434
0.35082234507056687
-0.20770165230180826
-0.4640137078756151
-0.3752125760085024
-0.13686806865613646
-0.49924834769707505
-0.2565587192082561
0.02211656435798506
-0.5788848398790144
0.2786016810451125
0.11347937258898445
0.21237690126717887
0.3041698655760222
0.1105129825942561
-0.3515309304537148
-0.10233808503167059
-0.8377638710485672
-0.48673197756159325
-0.007268112351610783
-0.47267213893822035
-0.6923091456858291
-0.36016339279002374
-0.42895214638361173
-0.016608504728742743
3.4778558763208975
2.968793267756375
2.3237897517421597
-0.314504076943446
-0.7547283333778743
-0.062362997168716225
1.6788850089521379
0.9001777871978522
0.7452140298822562
-0.7887787166220817
-0.9132091986474595
-1.0822943217631664
-0.6287549252316578
-0.3511110446253153
0.519232014305521
-0.3477404068159077
