546
-0.393812
-0.0951833
-0.124029
1.4213
1.3365
1.62854
1.61198
1.49848
0.573958
0.776633
0.252945
0.156113
-0.0677314
-0.199983
0.0408052
0.363666
0.266412
0.436143
0.282112
0.84686
0.81189
0.754724
-0.0810763
-0.710742
-0.473731
-0.276963
0.25561
0.304261
-0.326665
-0.501667
-0.677117
-0.361826
0.163076
0.266617
0.0127972
0.321108
-0.602719
-0.0204604
0.287196
1.70805
1.85968
1.69203
0.480838
0.719914
0.745307
0.494649
0.791618
-0.602001
-0.613151
-0.599431
-0.595307
-0.447653
-0.626691
-0.63934
-0.581651
-0.655248
-0.690707
0.539037
-0.656516
-0.607045
-0.576891
-0.572586
-0.606078
-0.618492
-0.708904
-0.575935
-0.233168
-0.338402
0.349025
-0.256329
-0.750389
-0.531928
-0.580839
0.69183
0.861595
0.699897
-0.380111
-0.116082
-0.288931
0.297496
-0.670761
-0.623813
-0.549241
-0.550473
0.123439
0.210885
0.147963
0.03998
-0.126488
-0.249587
0.248911
-0.0992113
0.0449131
1.02922
1.06901
0.999759
0.0063283
-0.47153
-0.47152
-0.485167
-0.2735
-0.490324
-0.082018
-0.277502
-0.523192
0.460321
0.615835
0.615048
-0.727726
-0.750697
-0.692382
-0.785613
-0.0850688
-0.499081
-0.69409
-0.528666
-0.0769079
-0.018563
-0.333947
-0.395606
-0.511812
-0.67178
-0.624216
-0.475422
-0.103142
-0.489079
-0.56316
-0.687592
0.874956
1.17048
0.995788
-0.0466718
0.922805
0.95846
0.241557
-0.0357811
-0.721681
-0.717505
-0.624172
-0.168086
-0.200126
-0.420954
0.123819
0.327693
1.39258
1.55237
0.124666
1.64715
0.523714
0.0742775
0.292356
0.947886
0.677404
0.63868
-0.279749
-0.566648
-0.465712
0.126845
0.192666
0.726195
0.651534
0.633154
1.11394
1.00649
0.932849
0.0916039
-0.10585
-0.245827
0.0444643
0.502231
2.32293
2.64296
2.49651
0.511333
0.356901
0.306933
0.520424
0.279566
0.246755
0.019713
0.0660009
0.486686
1.06193
2.10935
2.1709
2.19931
1.91863
1.83997
1.48151
1.39013
0.290676
1.20652
1.11484
0.67586
1.15695
1.0085
1.17212
0.426195
-0.330577
1.06822
1.18199
0.366801
1.09763
0.65955
0.446432
0.537639
0.367803
0.321519
0.0729858
1.20124
1.33879
3.03587
-0.177243
3.11422
2.94148
0.382193
0.770582
0.74285
0.714379
-0.295025
0.168829
0.369596
0.311954
-0.0547501
-0.703011
-0.0181254
-0.0526639
0.0269229
0.0351258
0.0755867
-0.542379
-0.611025
-0.513448
-0.081867
0.026477
-0.711372
0.266657
0.69717
0.697823
1.55758
1.51018
1.29501
2.03317
2.25898
2.15502
0.60395
-0.285135
-0.0181706
0.130185
0.371809
0.13188
-0.412366
-0.266488
-0.483718
-0.625438
-0.641137
-0.0661418
0.0526522
0.551381
0.528322
0.568267
0.880313
0.36133
-0.494656
-0.483409
0.0473913
0.110093
0.502392
-0.0634049
0.736189
0.441998
1.24505
1.15072
1.1932
0.34431
0.359497
0.158639
-0.561888
-0.577635
0.369087
-0.442058
-0.113637
-0.032178
0.0219457
-0.531485
0.0880818
2.22668
2.61803
2.57596
-0.447442
4.5744
-0.772083
0.878268
1.15167
1.28225
0.844854
1.00437
0.704942
0.187826
-0.481984
-0.421044
4.77695
-0.41352
-0.494418
-0.590854
-0.596465
-0.606898
-0.626749
-0.718499
-0.695189
-0.69573
-0.679793
4.75809
-0.715375
-0.5474
-0.0918214
2.09444
2.31853
2.14053
0.701603
0.587115
0.423369
0.228381
3.41927
0.352774
0.333169
0.598612
0.5599
0.821665
-0.269587
-0.44564
0.26039
0.521707
0.681036
-0.202257
2.40209
0.262481
0.279187
-0.326189
-0.294015
-0.505841
-0.385843
-0.567211
-0.639268
-0.412234
-0.497835
2.26239
-0.561004
-0.487419
-0.622744
-0.362466
-0.196004
-0.202984
-0.488955
-0.536168
0.100682
2.79785
1.28256
3.04116
2.93998
1.16541
1.85301
2.09929
2.10318
0.159394
0.167372
0.118743
0.178408
0.1634
-0.33395
-0.483946
-0.545081
-0.653011
0.0540795
0.123369
-0.100359
-0.142075
-0.235213
2.73836
0.205034
3.03316
2.77218
1.05356
0.827246
0.661256
0.253234
1.5378
2.09268
2.37189
2.38055
0.220213
2.27009
2.33791
2.21025
2.2493
2.10443
2.06261
1.81222
1.34487
0.846511
1.94692
0.0616982
2.17216
2.05191
1.78194
1.70805
1.75143
0.506934
0.423543
0.807724
0.292297
0.337658
0.0519777
0.893516
0.821623
0.681138
0.824593
0.584766
0.589576
0.233067
0.186643
0.175388
0.321327
0.152124
0.477897
0.830482
0.624578
3.11401
3.27507
3.17919
1.2949
1.06145
-0.431025
-0.552225
0.189528
-0.478028
-0.248914
-0.386957
-0.32693
0.461692
1.28969
1.15511
1.06828
0.450058
0.6844
-0.256188
-0.00440547
0.665157
0.607991
0.306137
0.188424
-0.319675
0.652557
0.854546
0.727151
-0.457327
-0.0109151
0.101201
0.324518
1.00751
2.03582
2.47473
2.49366
2.16761
1.6565
1.72681
0.710488
0.479546
0.418633
0.306943
0.200486
0.35469
0.831395
0.777584
0.735262
0.395573
0.176367
1.19492
1.19562
0.481653
1.251
0.855409
0.866136
0.710639
0.721123
0.784391
0.660287
0.564675
0.145445
0.261169
0.777415
0.0712695
0.149475
0.359254
3.45307
3.71788
3.55548
0.265096
-0.512649
-0.12041
-0.12664
-0.200021
-0.109883
-0.557135
-0.501262
-0.552401
-0.469792
-0.337962
0.770714
0.65363
0.643282
-0.303208
-0.431841
-0.471524
-0.299893
0.379835
0.295868
0.182176
-0.576633
-0.612602
-0.578328
-0.690264
-0.639146
-0.556445
-0.458553
-0.422475
-0.646386
-0.518556
-0.29483
-0.296908
-0.338788
-0.398418
2.46408
2.6139
2.43834
-0.229587
0.0721778
0.109863
0.126114
-0.579462
-0.202015
0.362938
1.41739
1.40384
1.3331
1.4673
