546
-0.266742
-0.0194933
-0.108305
1.37315
1.43708
1.50018
1.60358
1.50751
0.621131
0.779507
0.191759
0.0731558
-0.0651069
-0.149731
0.119821
0.332925
0.227192
0.465902
0.314506
0.779579
0.938
0.66883
-0.145452
-0.690891
-0.407193
-0.186099
0.225971
0.265784
-0.28231
-0.517916
-0.548667
-0.420783
0.285857
0.345957
0.0449708
0.413497
-0.608923
0.0329447
0.392888
1.66375
1.75704
1.66381
0.492188
0.736879
0.726897
0.574831
0.814605
-0.65859
-0.582542
-0.613685
-0.586542
-0.508317
-0.527475
-0.725713
-0.658263
-0.576852
-0.633621
0.612054
-0.562616
-0.619309
-0.636636
-0.581765
-0.617504
-0.659555
-0.658773
-0.649277
-0.221359
-0.212404
0.508865
-0.292891
-0.619768
-0.650286
-0.515858
0.786688
0.804801
0.644226
-0.436237
-0.285963
-0.271752
0.357176
-0.692621
-0.633943
-0.612354
-0.590609
0.128743
0.28296
0.118233
-0.0524983
-0.142358
-0.284637
0.283221
-0.0186551
-0.0489766
0.871296
0.984515
0.991041
0.00485113
-0.619352
-0.691453
-0.449421
-0.197785
-0.52213
-0.10777
-0.236243
-0.648712
0.529747
0.648293
0.574238
-0.770658
-0.653985
-0.738702
-0.672797
0.0678405
-0.430177
-0.681863
-0.506056
-0.064518
-0.0383057
-0.296016
-0.48202
-0.509064
-0.668314
-0.647171
-0.567894
-0.0499478
-0.499174
-0.645961
-0.729855
1.13038
1.22952
0.997001
-0.119353
0.99111
0.966581
0.3686
0.00253983
-0.771651
-0.815703
-0.822731
-0.0768539
-0.153402
-0.48156
0.0469788
0.339178
1.3112
1.54536
0.13806
1.55255
0.505712
0.0242041
0.306269
0.807541
0.61157
0.525706
-0.338466
-0.618502
-0.376151
0.0629127
0.165951
0.536356
0.714192
0.707163
1.16869
1.05172
0.983857
0.0907363
-0.0634901
-0.218893
0.00444744
0.583724
2.42634
2.59971
2.43879
0.605627
0.496161
0.367464
0.500101
0.401532
0.241981
0.0973942
0.0953717
0.451821
1.02452
2.1176
2.12857
2.17247
2.00294
1.88544
1.58517
1.31438
0.477728
1.31687
1.15327
0.702551
1.11025
1.17188
1.13423
0.357683
-0.264862
0.934379
1.18645
0.439161
1.12007
0.705561
0.574168
0.62773
0.448941
0.335714
0.0137571
1.09433
1.34599
3.04904
-0.182695
2.96644
2.82616
0.38668
0.783846
0.840788
0.664506
-0.317896
0.19064
0.323705
0.354293
-0.06198
-0.497611
-0.00691375
-0.0257706
-0.0176241
0.0920266
0.0703433
-0.519752
-0.671039
-0.525774
-0.0215727
0.103112
-0.772313
0.199419
0.716594
0.747062
1.58523
1.46476
1.39547
2.03752
2.22936
2.18416
0.516913
-0.281217
-0.0827852
0.0499389
0.41045
0.122518
-0.544779
-0.468165
-0.397365
-0.650751
-0.749836
-0.110348
-0.0938704
0.465132
0.628355
0.511392
0.864212
0.422749
-0.467624
-0.466889
0.0888164
0.147492
0.548765
-0.0553911
0.694635
0.494336
1.18937
1.17156
1.20693
0.306807
0.315897
0.0786368
-0.612783
-0.472359
0.506074
-0.50745
-0.113391
0.197593
0.0902022
-0.583914
0.0740557
2.2882
2.5903
2.58639
-0.403175
4.79552
-0.716956
1.01866
1.2758
1.31602
0.953948
1.06772
0.762834
0.111192
-0.481855
-0.598499
4.89077
-0.334573
-0.492924
-0.62026
-0.613127
-0.543411
-0.67998
-0.686755
-0.580289
-0.66209
-0.689332
4.77666
-0.698572
-0.683891
-0.0135145
2.26291
2.29966
2.16069
0.921477
0.673469
0.408781
0.152287
3.30571
0.364023
0.339783
0.596199
0.638346
0.787498
-0.418492
-0.49412
0.248425
0.473047
0.512453
-0.180309
2.37761
0.205687
0.146797
-0.340542
-0.467061
-0.58283
-0.455473
-0.486295
-0.512548
-0.391254
-0.481017
2.27255
-0.580464
-0.505503
-0.579028
-0.511926
-0.243831
-0.197075
-0.560924
-0.556242
0.0474445
2.79642
1.3278
2.85608
2.81021
1.18771
1.86449
2.05391
2.09217
0.150555
0.224774
0.228261
0.144273
0.236719
-0.531578
-0.38031
-0.611294
-0.677705
0.157938
0.0766447
-0.0191845
-0.141023
-0.097126
2.89376
0.306173
2.98504
2.73605
1.03442
0.882912
0.712078
0.199625
1.39555
2.1824
2.3501
2.35823
0.194302
2.22808
2.31223
2.20049
2.21337
2.08165
2.1034
1.92524
1.40166
0.871726
2.00574
0.0444061
2.12431
2.09167
1.77601
1.86492
1.79103
0.392213
0.619531
0.76313
0.291582
0.327734
0.0453692
0.822036
0.83768
0.742897
0.742945
0.656279
0.705358
0.363812
0.135424
0.1452
0.152873
0.114483
0.471206
0.552756
0.714055
3.08355
3.12766
3.12768
1.16158
1.00267
-0.599086
-0.643877
0.055883
-0.539551
-0.520871
-0.457997
-0.46052
0.462806
1.22811
1.17706
1.16079
0.346675
0.554201
-0.101849
-0.0198134
0.646609
0.577401
0.22859
0.136975
-0.507953
0.653538
0.758215
0.668498
-0.595098
-0.11497
0.0412447
0.231562
0.876844
2.05634
2.48212
2.51321
2.09604
1.68503
1.68817
0.627186
0.468775
0.415782
0.169618
0.077266
0.220169
0.725125
0.829145
0.701176
0.403652
0.0982936
1.09427
1.16472
0.538613
1.22559
0.862418
0.701267
0.616473
0.795453
0.798714
0.67656
0.417605
0.150152
0.0715703
0.725493
0.139425
0.131129
0.204031
3.49554
3.58993
3.47069
0.290279
-0.523821
-0.137661
-0.0795147
-0.177009
-0.193354
-0.580704
-0.595778
-0.455099
-0.504866
-0.344583
0.768019
0.708345
0.531471
-0.380318
-0.482466
-0.468208
-0.37069
0.438006
0.314155
0.302502
-0.669435
-0.578675
-0.557819
-0.700231
-0.640292
-0.660493
-0.428835
-0.482115
-0.704431
-0.469308
-0.375299
-0.207226
-0.373316
-0.358259
2.53428
2.63471
2.47408
-0.162281
-0.00453508
0.204918
0.0793111
-0.560663
-0.336667
0.430052
1.34176
1.56649
1.4674
1.43519
