546
-0.8128683114223247
-0.9441667265736768
1.9913213699505692
-0.6206951461645197
-0.8187560451871694
1.1301192476017292
2.0808754867985115
1.6281136746301894
-0.8295577787600783
1.0345659407180552
1.8071733892550017
1.9703956409152477
-0.5513529355543638
3.2269263618413766
-0.6350045875249721
-0.31518784287634644
-0.0006629339704390687
0.2634625163741615
-0.0671047750065374
-0.4898302424334116
-0.7984870504324137
-0.8631720570807807
-0.45565052204674994
-0.8388664991430357
1.7314566647116179
-0.7202257181710626
-0.7065751531461766
-1.1037310806476732
-0.2376859910356248
-0.28533655012202386
-0.2884797439047895
-1.0273003314674034
-1.0830422373645552
2.2730933026537756
2.7039519619393433
0.3143085378324818
2.4724915880427276
0.3368063537343942
-0.8511135455126114
-1.188282993270058
-0.9711656332792494
-1.062747552399636
-0.8043635859615261
-1.1831700603869246
-0.8755994650891002
-0.4856275498320634
-0.576825350267994
-0.06870448443829609
-0.12566115335197442
-0.3233403357473723
-0.27633640163598727
-0.5104578841057932
-1.0006861993565164
-0.9977421037805734
-0.5014011552101453
-0.18141152443926273
0.17820290314094894
-1.1096034815299105
0.030081534851223165
-0.9174694681535454
-0.9518100793678212
0.021577191094789245
0.8769053075241217
1.4722435289859084
1.170378280976141
0.08022268724841072
0.10923363582390949
-1.3224615249116265
-0.9663555888681548
-0.5958559237838831
-0.6763539841868729
-0.7518950473268109
-0.8065481601710823
-0.5181187273559116
-0.5252867144545592
-0.965202181376428
-1.0484214074615892
-0.6940680690198522
-0.7315684278625383
-0.9008606064278301
-0.06312837624984585
-0.6181202401397741
-0.7030476851529841
-1.011614939560056
-0.5192543099420212
-0.6369700837946006
-0.45371061736355667
-0.3775180413037134
0.24169249324835895
0.2791468079597613
-0.5713748643087312
0.025414452227905664
0.1670363900905946
-0.24305947827310284
0.3913428580688708
0.672145045068201
-0.03574421032216011
-0.7055416422986115
-1.05486375933664
-1.0391574394116974
-0.7040361712199309
-0.7914174217702646
-0.3060290509937474
0.6040228195263503
0.9330706605219052
2.5750683924112137
2.9731348831907565
2.635499194361058
1.5050813314168268
-0.17638035300386093
-0.6337238395492232
-0.06286928558502376
-0.6085195345111686
-0.4281739352886229
-0.8748352979733309
-0.6146447628768544
-0.9631327943286573
-0.9589700262698543
-0.7526077076601991
-0.4218058162244449
-0.2964662705844966
0.4094964391303848
0.33150456406695494
-0.6405774569712441
0.1324400158651125
-1.0853483025386257
-0.9959228397107609
-0.4346235818955611
0.2259717104499621
1.1115156375343327
0.31953445433563515
-0.0705103850341352
0.3099732998043173
0.56400000378353
0.7166652521589434
1.0452737515268349
-0.4675616668967844
-0.3513638297923295
-0.27445248713743237
-1.068886552473557
-0.8522740394741163
-0.520736386220056
-0.6349411536795894
1.9460266912429718
1.8051390676419194
1.9259610237573337
1.7971833143140334
0.12411894168187179
-0.23865899266741886
-0.8923647429012375
-0.7499668176065528
-0.5845587108845612
-0.6962623844407269
-0.6041545114146558
-0.575595197712093
1.5048177335668054
1.8397414870393514
0.07880473654487069
1.396501032302877
-1.064701152609167
-1.0459798135905034
-1.0805600318035828
2.4169093566596653
2.98845477758283
2.5650518194696543
-1.0406936449199988
-1.458822435411842
-1.4036414287527677
0.15944574298903127
-1.1226358237841323
-1.011445431152089
-0.732967436509109
-0.7750451856854366
0.37772539486435075
0.9857769077571799
0.5493355019612277
-0.41361320201723106
-0.40961744073709727
1.022336857534616
0.2533755347913351
1.4703429868995375
1.070401952640192
0.5144342898002442
-0.23179892261344245
-0.0018733193498704037
-0.8727511641610216
-0.25301780209254865
0.5186750520112704
0.4469628191006482
-0.30984465248886733
-0.3798199692455823
-0.4280682277407091
-0.3155698028084287
-0.2631241291786293
-0.020079075489474112
0.23680551345801618
-0.6194346842388342
-0.5929164841678763
-0.898787155786522
0.7440497124325017
0.9668966138145839
0.05737725537692617
0.3685804437734075
-1.1984844383203876
-0.6524790378561178
-0.47965106075041686
-0.3417494249923583
-0.5700420848334234
-1.005653325428094
-0.39356877991145817
-0.4717424310751242
1.4501424091530366
0.3424918267228937
1.9872268587977335
0.8964578159710208
-0.23825569505163804
-0.8060375532723115
-0.8826254113281937
-1.1433563303690821
-1.204041782248814
-0.800146000427813
-0.3019722231905163
1.5518306975315284
0.16405180302409247
0.31229849860132336
1.6555105826939027
1.4894911111219968
0.15772637743329393
-1.0723108947650652
-1.217525660610289
-0.8529957371920808
-0.8156362621312072
-0.06632539379437563
-0.8321942174594806
-0.790621278010128
0.310471089964815
-1.202464041451784
-0.7039756508344845
-0.7431929390312902
0.7802024216328985
0.6946751946540535
2.7278252482948417
1.694499273761211
1.6240286924986966
0.49473012652539855
3.90591448370083
-0.4538732468837046
3.492974181557808
3.3165515896590954
-0.8753327712677137
-1.1838298871460309
-1.1607855344972136
-0.9292954132418835
-1.0715729085569532
-0.9559978651982685
-1.2459052803796116
0.3776668673200027
-0.02795102402280372
0.40869567031768356
0.907381896274071
-0.5016670652822333
-0.4926320641015378
-0.5498588054280131
-0.19479954379827918
-0.2499932759571994
0.03600364368126714
0.06967568384961766
-0.12135035424051797
-0.96787605645829
-0.3842322441956223
-0.5413791692458522
0.8941435849835203
1.6829294411984672
1.459494287965703
-0.6998211416829868
-1.002488583859749
-0.7509014855841059
-0.49112356465614715
-0.38401317648895333
-1.0529689804125617
-0.2104103961644647
-0.40503679877883825
-0.48847954720860365
-1.2489389476110215
-0.8691913923572514
-0.509142161503579
-0.4645725743131055
0.15290215032582785
0.1382196654558046
-0.10754425423737927
-1.1168239922037655
-0.4577690124791966
-0.5146135485845622
-0.043473566900420625
-0.15578888064174523
1.1361318151027477
0.5715663101733404
0.6485867545155098
-0.6614342518917735
-0.34354785463622556
-0.17998752345257224
-1.0555778482604885
-0.04167333127511068
0.7623192862267738
1.134948892327556
0.9041999113942182
0.2806348110736667
-0.6974384318388508
-0.6015988385000752
1.6358337493131898
2.5578927009537193
2.205026733008149
-0.7928219989934706
-0.09729309068973063
-0.7960630008963905
0.09478043670346463
0.13021714550430685
0.7335391691146468
0.6004660123277792
1.6173780121364862
1.142621354661142
0.19545874402960592
0.09982405512490983
0.6435750005369275
-0.30682274588838454
0.1545970080287334
-1.2871277747805348
-0.922089328983101
-0.6736309214976551
-0.4098065724950148
-0.9740530143843025
-0.7055118833338254
-0.2557598102622796
0.20598310212546506
0.9248497064551751
1.6770107126976332
-0.28799641460921677
-0.987858962858391
-0.8657284600600138
-0.9157161040049134
-0.8759854824700865
-0.5422853666979413
-0.7260788490228778
-0.3688199870272855
0.14221797002594658
0.3986734706511524
2.7418542166768773
-0.34300120872751505
0.031798576381327125
0.5401024577699557
0.8245896436952225
-0.15429394722138912
-0.31496473877065245
-0.6732568296037923
-0.6152073041676726
-1.1864934319415625
0.7899114792207145
0.5594835114144224
1.5989365277767207
1.3314356912423295
-0.7300130213416732
-0.991087663116616
-1.1419301003295947
-0.7605820640867791
-0.8584103264641495
-0.569675159824688
-0.45794608594133546
-0.9286247257432362
0.6971829503607175
0.3708599978834857
0.6305632171747916
1.0085676800472507
-0.5548611915496351
-0.8363436813444207
-0.8454170860408401
-0.42102222728336464
-0.27106333209719374
-0.6161033021908295
-0.7254725484481623
0.7521357317473326
0.49974488013160984
3.1564001074425168
3.581398105285104
1.7754485983713
0.22842816302032518
-0.24945880388713199
-0.1994416597056926
-0.9992666416698124
-0.9130194971340005
-1.2004317570860954
1.3284795752196086
-0.6467767964707755
-0.5980196563945088
-0.5307708745129247
-0.44969865029618183
1.2887126486396563
0.6721519005002248
0.36616108753005744
-0.9045817919124723
-0.25736679264243806
2.1765875318353882
1.542473460984541
3.1261890774392347
2.351567267332198
-0.42739450511128263
-0.854070207207131
-1.0425430773036546
0.6860144529211665
0.21292495249693558
-0.27061162140571837
-0.8802617044355091
-0.062459886650533016
-0.20801952228020854
-0.46500564545616446
-0.16570503610390241
-0.7478260567184356
-0.5308391757666436
-0.6263198473238756
-0.7795261898491879
-0.45498386296865606
-0.461906548201234
-0.25845034200380956
-0.8985439199721953
-0.9433957117353206
0.4334798976999394
1.431459796022492
1.1708852797657272
0.751449095026173
-0.04992214374898804
0.663572242941724
1.3121857646110684
0.8766758134233477
-0.10709684993900877
-1.2777380829664802
-0.2508479939872985
-1.3567956790619928
-0.7982804509704031
-0.9099532394119115
-0.36078978707552994
-0.9784835759421912
-0.30280723387870134
0.09817529529652741
0.281149788937849
0.14113058929705688
-0.039177877722950005
0.8194327565541968
-0.4065139497811986
0.10107082949396766
-0.5998689665955746
-0.37824375417686756
-0.5854936908334192
0.5225185840073665
1.1025112713761043
1.9004092823193088
0.6248220183773167
2.884282066287323
2.4802942144791524
-0.06506233215870776
2.5661013439574534
-0.07369125584911038
-0.5527322581433013
-0.536445040678307
-0.23923352517137342
0.8418341761904427
0.7452662207628475
1.0713143812447816
0.09813331939613712
0.17103483722301438
-0.6964926461928043
0.18792760525079277
-0.7212494362599281
-0.7894770813266645
-0.7543227035663009
-0.9251957347932563
-0.2438501746952713
0.21644306245626868
-0.07427287976057667
-0.5121665701550294
-0.1801318820281858
-0.9171353857273497
-0.22920231232658447
0.24110729270788472
-0.16165435545956844
0.3551762968236993
0.745152306848708
1.5984206147937556
1.054226090490085
0.6247041507354069
-0.6251263803995101
-0.1078883596940185
-0.8010579992334933
-0.2510442115618716
0.7553817413510611
0.6889878248950169
0.8079513132721359
0.36846650364232747
-0.07040776750214141
-1.351411590759378
-0.8500681576289771
-0.6079072380541011
-0.7034664879253162
-0.7561482023515074
0.654394013758999
-0.9746571208001865
0.6042628014344673
0.23184118877190069
0.8240751329009223
-0.762564141267792
0.12388517542111724
-0.4135092482810763
1.6938075874743705
2.298079534431367
2.7296316234702434
0.048231776156883614
-0.15929633818962124
-0.7841882602154092
-0.41262780944102134
0.010909578937310467
-0.5066054794224013
-0.5882576077459437
-1.2109265101310585
-0.9182656573675524
-0.8385725054254616
-0.038439705027943916
-0.08812095409783097
-0.5000970719533754
0.2772960291746926
-0.4919718687398416
0.30566414062878355
-0.4735274874174577
-0.6649669302310142
-0.7575075838483878
0.26412450371934537
0.07353770951013089
-0.30178669642172457
1.9828108090903
-0.7661696002791011
-0.30157695681684904
0.382977932740995
0.27736787475993646
-0.19788795126906183
-0.0698831368052491
-0.6281995568903436
-0.44430493299854606
-0.7304445249357796
-1.0054410340521287
