548
1.59897
2.02053
2.08784
1.68331
2.23222
3.47848
1.56271
0.719914
0.977082
0.916984
1.39193
2.18698
0.999421
0.417119
3.09924
3.0339
2.37372
0.967539
2.60688
2.10532
1.2489
1.25835
0.938913
0.619324
0.335126
0.910718
0.445469
0.237438
0.438246
0.858144
0.624079
1.23959
0.443473
0.220201
0.371068
0.616482
0.778708
1.53652
1.64955
2.43996
2.99005
3.59752
2.41938
1.806
1.83993
2.16133
0.855668
0.821314
0.612061
0.853586
0.697742
1.51624
0.435131
0.762407
0.444107
1.05259
0.61118
0.800668
0.70481
0.554604
0.255326
0.86365
0.639527
0.373301
0.514966
0.340651
0.998011
2.53956
3.38637
2.68987
2.00271
0.476569
0.746605
0.475318
0.522245
1.11868
0.333457
0.444886
1.07165
1.49413
0.377557
0.292709
0.789894
0.417543
0.644007
0.612829
0.354877
1.18292
0.375577
2.46346
2.15947
0.777631
2.40797
0.366972
0.402338
-0.275074
-0.232173
2.20307
0.366107
0.0929027
0.289385
0.0716654
0.491469
2.33792
2.63045
0.407104
0.268545
0.0120952
-0.14628
0.0308229
0.0237667
-0.555163
-0.420945
0.522042
1.17181
0.118872
0.706272
0.137424
1.44817
0.226515
0.836608
0.656493
1.38846
1.02251
3.6774
2.77525
2.42468
3.58735
1.26524
2.46458
3.31014
2.09485
0.599333
0.455241
-0.303696
0.45253
-0.0188859
0.28033
-0.0391829
0.309926
0.32785
0.191394
0.346723
0.335078
0.112584
0.199075
0.179559
0.538958
0.491964
0.315277
0.0587664
1.04965
0.178406
0.321964
0.31182
0.0512728
0.489645
-0.140259
0.0524665
-0.209812
-0.190812
-0.200719
0.0857789
0.0875864
0.0637659
0.18415
2.30845
-0.0723814
-0.130527
0.684116
1.99375
0.339504
0.196519
0.697066
0.231286
0.410248
0.410596
0.223453
0.695933
0.255841
0.196809
1.31917
0.0095891
-0.240932
-0.168341
-0.316452
-0.24963
0.00857312
-0.121881
-0.0359386
0.325439
0.324471
0.209886
1.2973
2.99898
2.29989
0.806189
0.151843
-0.0588037
1.35015
1.28093
1.62789
2.10897
1.82998
1.62369
1.66661
1.7982
0.967896
0.611797
0.432499
0.598389
2.21891
3.00006
0.67969
0.325927
2.20478
0.512361
0.614035
1.4091
1.04798
1.44319
1.59548
0.473258
0.373642
0.267195
0.110621
0.536718
0.267135
1.3392
2.45195
3.96994
0.296282
0.0653081
0.633248
0.0397807
-0.0371658
0.933375
0.155449
0.25896
0.293534
0.884923
0.231109
0.139907
0.213268
0.446131
0.131127
1.05945
0.780539
0.558048
0.876857
0.570341
0.427448
0.86217
0.609762
0.0197484
0.153411
-0.57285
-0.38396
0.329174
1.60689
2.82989
1.14372
0.565672
0.502335
-0.326095
-0.20262
-0.461068
0.149623
-0.518353
0.424705
-0.470014
-0.155989
-0.162812
0.0591073
0.111091
0.412893
-0.436544
-0.262677
-0.33542
0.358379
1.60118
-0.415056
-0.538161
0.566253
-0.185495
0.0433342
-0.212804
-0.344905
-0.178772
-0.588074
1.78609
2.46617
-0.491696
-0.304207
-0.355789
-0.46789
-0.538497
-0.354759
-0.627585
-0.537738
-0.0225389
-0.602175
-0.321008
-0.411386
-0.45759
-0.20478
0.121597
1.17005
-0.401625
-0.194622
-0.484176
0.00579045
-0.576207
-0.321878
-0.265673
0.923982
-0.148267
-0.1904
-0.201695
2.15982
0.776007
-0.352485
1.30045
0.439856
-0.0477519
-0.256572
-0.65176
-0.302118
1.6321
0.119551
0.467813
-0.0549023
-0.258767
-0.149867
-0.427736
-0.135217
-0.520055
-0.351794
-0.423857
-0.271672
1.59165
-0.14816
0.0110989
0.563526
2.85914
-0.422182
0.197427
-0.643669
-0.346919
0.27647
0.303546
0.131953
-0.0140002
-0.0991737
0.289671
-0.0213509
-0.22229
-0.098581
1.78447
-0.0652588
-0.349294
-0.252343
-0.103911
0.603813
0.22923
0.582284
2.30175
0.943456
1.64949
1.02542
0.828103
1.01308
-0.31205
0.22896
-0.0348452
-0.00352289
0.0576786
-0.053217
0.066871
0.412612
0.73059
0.7859
-0.152284
-0.154256
1.42951
2.50987
0.926548
0.770025
2.19577
0.240443
0.532727
-0.549929
-0.476125
-0.622936
-0.514586
-0.419592
-0.563192
0.0730081
-0.146553
-0.38783
-0.259677
-0.248262
-0.186732
0.390401
0.399288
-0.326398
-0.292303
0.102081
-0.191505
-0.191564
0.131804
-0.256073
-0.0670761
-0.506288
0.103606
-0.246868
-0.286953
0.352891
0.287421
-0.00770289
-0.1589
2.98998
-0.05139
-0.552637
0.46726
0.12814
-0.237374
-0.612191
-0.135451
-0.415693
0.290928
-0.453754
-0.406283
-0.512336
-0.217321
0.339308
0.147191
-0.381894
-0.0386998
0.0223443
-0.30563
-0.561237
0.153895
0.504653
-0.415833
0.253993
-0.508245
-0.320075
-0.528427
0.773017
2.94878
0.0541993
-0.520563
-0.570343
0.21254
-0.298321
-0.630634
0.300971
-0.519529
-0.279053
0.863854
0.538835
0.200633
-0.460935
-0.607342
-0.465424
0.0948723
0.493105
-0.164997
-0.420492
-0.53767
-0.0521268
-0.401626
0.511245
-0.135387
0.0335399
-0.464671
-0.107064
-0.161768
-0.257222
-0.424877
-0.0762291
0.195775
1.05084
0.0597181
3.36016
0.00352407
2.74557
2.53026
-0.1086
0.368056
0.321341
-0.411557
-0.527154
-0.408371
-0.172311
-0.154621
-0.534073
-0.58462
-0.679546
-0.355664
-0.0995022
0.502285
0.46732
0.518725
-0.237785
0.00440089
1.94511
0.568729
-0.0875799
3.05545
1.76417
0.503159
-0.678257
-0.590433
-0.632268
0.0437876
-0.682929
-0.444876
-0.52453
0.344311
0.108911
-0.382069
0.0913105
-0.211015
0.532359
0.231715
0.799664
-0.225144
0.564996
1.46074
0.741032
0.906873
0.813221
0.285727
0.652187
1.54543
1.16429
0.523999
0.485686
0.823319
0.371177
0.554896
0.29008
0.380482
2.13484
0.0778589
0.0910613
