182
-0.24212849500104894
1.1902819497909052
-0.45763650146309093
-0.2729791293316135
-0.4398931828390464
0.0416879441558247
-0.4699442758900025
-0.28230773151902727
-0.42121298233518734
-0.5819226855814361
-0.4684402277804513
-0.06824717503610254
-0.5264149473945694
-0.34370256970018115
-0.4622047404209417
-0.4326525510654036
0.10959696257964834
0.02413420266399036
0.020106040867275646
-0.5305959868868922
-0.012832402806537423
-0.6179368570526081
0.04004702670766537
0.7707297017694659
-0.31198811265277937
-0.4742064705641395
-0.10546552112249041
0.12078607661814315
-0.41202224170680746
-0.4218967848606652
-0.05891491268672101
-0.5505242817149507
-0.3378001968741186
-0.0746003159421319
-0.29221574291475866
-0.2574107973997335
-0.04328413782221422
-0.323596156116015
-0.4732028337094569
0.31576266713039625
-0.5089662153765944
-0.42718008194625484
0.4245093129506615
0.302053778062633
-0.5722620372932972
-0.4382870743914161
-0.4277209370117295
10.416968861260191
0.021097529094855478
-0.5891064883368918
-0.1933018583334431
-0.12165536011369885
-0.29364610522315365
-0.35107330974443884
0.024171764176102506
0.2064961159550207
0.17445142633646935
-0.4854848776276846
-0.23757697381568338
-0.35669398165894195
0.13246255880691626
-0.23343882927464793
0.8683384490639181
0.6859585351391986
-0.17730931870413014
-0.3552683863670034
-0.30782912540165186
-0.5797557148210039
-0.14137358662781013
-0.3305819949429918
0.07090749696594911
1.2331543419099606
-0.48724943738963455
-0.4699058472553187
0.5249499445155845
1.5612543881183012
0.13062103199335592
-0.47440635267854653
0.3511671558753781
-0.5618345818475853
-0.39714913171614524
-0.5847598787968623
-0.47048850925889424
0.24184072325586692
1.6997359667156335
0.39712605731371553
-0.3523633330365095
0.13806420918285722
0.6415090916849345
-0.29644653694438383
-0.3484492454063174
0.17934994143394983
1.59509873560764
-0.5031943177979729
-0.3039301196630349
-0.5315792657812345
0.6877810854759728
1.625960520020669
-0.26495409292548
-0.42189062585037646
-0.008950449314619129
-0.3851677077901042
-0.0031533937259985733
-0.3572049936920422
1.0489823813625483
-0.13662068112133927
-0.163676939121812
-0.011174403654018027
-0.630107522708386
0.6237071752755228
0.2016868696883807
-0.5794186398906934
-0.4178916450233626
-0.3336543849954465
0.27635465250297303
0.25747325838498325
-0.5873758655510489
-0.4352703406336636
-0.5781925554541653
-0.2632577126332345
0.03950104357018011
0.24286122735795593
-0.5168839047418374
1.6718095805742201
-0.14075605126643267
-0.45034941007154733
0.5286750106946444
-0.5695950567045217
-0.4285839999772045
-0.3666763858028097
-0.4381597997325159
-0.02573290149083478
-0.08633285343523411
0.4371009701835877
-0.5748777280302342
-0.3938238868916012
-0.328360704642739
-0.32819365284193003
-0.5703780173744724
-0.24425384987272353
0.3604920975124304
-0.16230647106507123
-0.16563041135675605
1.6561559189322919
0.00765300677918339
0.7244882965443886
-0.6039694810034567
-0.11973569878979377
-0.03221202600193531
-0.4291353733389493
0.07779820247129125
2.1508093710842147
-0.1039494102013826
-0.4709038898501902
-0.6092221382437951
-0.538088697227119
0.7513089855175829
-0.44905980637687093
0.7606514707352726
-0.18188300680197145
-0.5079343374238483
-0.5893373150211005
-0.15644654830149315
-0.6011641452325689
-0.42227269268972534
-0.558523489845126
-0.47227873608989845
0.3225897766920848
-0.5104119742896224
-0.42294207136338485
0.03987011440986032
-0.4250294669017434
0.81736396797392
0.5555800998800839
-0.5646875241392615
1.1461835066218755
-0.5688130045308456
-0.45274230330692844
-0.44371719371226764
4.356878952565563
-0.4476513532959432
-0.2947190443745746
