546
-0.177618
-0.368401
1.73269
-0.0329128
0.0278859
2.36464
2.42834
2.43172
-0.381266
2.17923
2.50486
2.3675
-0.440371
1.88363
-0.475997
-0.534096
2.14311
2.06913
1.77088
-0.511273
-0.518928
-0.610507
-0.424785
-0.599025
0.622944
-0.544091
-0.683763
0.0303919
0.243334
0.024381
-0.222806
-0.560531
-0.673344
-0.388574
0.424308
0.243471
0.202106
0.576432
0.218928
0.349173
0.0879776
-0.0413911
0.321564
0.262882
-0.639615
0.300075
0.0726047
0.528487
0.429274
-0.673116
-0.654772
-0.63989
-0.512668
-0.447927
-0.55247
-0.571185
-0.656809
-0.19569
-0.171184
0.622467
0.661398
0.611289
0.679376
0.686735
0.134623
-0.0933645
-0.535184
0.0314836
0.0600243
0.128866
-0.0716771
-0.526805
-0.657412
2.31676
2.5128
2.56873
0.24394
-0.186642
-0.136957
-0.110607
0.10805
0.112966
0.0145294
-0.657523
-0.668323
-0.49494
-0.387314
-0.441579
-0.544603
-0.526181
0.037546
0.458799
0.311631
0.0853995
-0.651489
-0.678871
-0.529677
-0.519573
-0.391641
-0.522973
-0.33258
-0.124836
-0.465559
-0.444903
-0.583078
0.0896423
-0.0515886
-0.199449
-0.0739872
-0.118481
0.54782
0.689234
0.0462545
-0.198388
0.999931
0.624918
-0.46682
-0.633457
-0.460378
-0.246808
1.35473
1.39107
0.386948
0.00226133
-0.0299518
-0.610307
-0.567354
0.526008
2.17386
2.16805
1.98826
0.657509
1.65133
1.55686
1.49168
-0.0918598
0.361404
0.151437
-0.0407751
0.0352159
-0.514504
-0.521394
1.33201
2.24495
2.88191
2.91528
-0.251865
2.77989
-0.0132627
0.472787
0.82819
1.4876
1.66333
1.83583
1.45739
1.34034
0.529715
-0.187645
-0.290515
-0.312062
-0.418572
-0.471017
-0.397604
-0.341329
-0.206338
0.528972
0.506426
-0.127058
-0.565295
0.0964493
0.338921
0.351567
0.407591
0.259602
0.628137
0.137448
-0.245015
1.00203
0.980096
1.24461
0.660356
0.255461
0.476702
1.1575
0.96759
0.954292
0.123247
0.381109
0.277951
0.283315
1.37015
0.111081
0.069041
-0.241983
0.0322692
0.0563176
-0.085364
-0.264739
-0.349451
1.51503
1.52069
1.15567
1.30555
0.834827
0.834527
0.713179
0.390352
0.0816324
0.178209
0.158827
0.661982
2.62442
-0.0853636
2.68697
2.7584
-0.157528
0.00795413
0.507953
0.530949
0.0529719
-0.184482
-0.343014
0.204139
0.018214
-0.189393
0.306496
-0.0115286
-0.136513
0.377998
0.453434
0.136644
0.0443615
0.0211321
-0.105033
-0.00140912
-0.238821
-0.0261915
0.12114
-0.118528
-0.278489
-0.371538
-0.369877
-0.266046
-0.271553
-0.0283857
-0.109101
-0.178507
0.344367
0.849083
0.643537
0.623094
0.350856
-0.184628
-0.277386
-0.349576
-0.40988
0.280667
0.559917
0.981161
0.672997
0.818776
0.278582
-0.407376
-0.569372
-0.428484
-0.482109
0.899186
0.836979
1.79525
0.6085
-0.324483
1.67594
1.87404
1.93658
-0.242265
-0.44527
-0.57677
-0.451491
-0.537477
2.29289
-0.210091
-0.00697286
-0.194064
-0.334237
-0.40348
-0.485193
2.17455
2.34603
2.47407
-0.663598
2.35497
-0.751758
2.45101
2.5341
2.56533
1.71487
1.69564
1.57982
0.337759
0.277617
0.392068
2.64267
0.0550357
-0.537359
-0.246745
0.249079
-0.190786
0.00123043
-0.142744
-0.239158
-0.10613
0.725067
2.41546
0.893565
0.996011
-0.302553
0.739959
0.830719
1.51464
1.88504
1.67106
1.49717
0.748354
3.19564
0.845381
-0.00216638
-0.377829
-0.209986
-0.223135
-0.175236
0.0817485
0.542079
0.684911
0.787941
-0.195521
3.1839
0.653128
0.742491
1.12399
1.1686
0.976158
1.18463
0.969532
0.108376
-0.246054
-0.484163
3.17738
-0.586803
-0.676113
-0.750539
-0.435841
-0.413064
-0.408909
-0.53865
-0.471798
-0.0936682
2.61881
1.43153
2.67801
2.75216
-0.45746
0.378336
0.4345
0.384672
0.0769633
0.102096
-0.401662
-0.564431
1.29965
-0.630702
-0.369683
-0.488081
0.177916
0.366292
0.535738
0.750811
0.600973
-0.337096
-0.430232
1.14542
-0.331592
-0.246895
-0.388668
-0.391938
-0.589234
-0.528819
-0.529007
-0.632906
0.257911
0.362791
1.00667
0.216107
-0.453214
2.14026
2.35241
2.23531
0.828732
0.449013
0.105632
-0.0490363
0.496915
0.373609
0.522089
0.387966
-0.472572
-0.0962745
0.166347
1.93048
2.1767
2.1491
1.58425
2.17779
-0.190519
2.07452
0.103276
-0.175691
-0.243607
0.425791
0.152279
0.276196
0.352869
0.1262
0.47857
-0.189081
0.802562
1.50652
1.4008
2.84259
2.83983
3.10028
2.06492
1.87324
0.758338
0.45336
0.459738
0.387836
0.366816
1.33133
1.31486
0.810907
0.684638
0.653574
0.614469
0.532358
0.52575
-0.530279
0.304764
0.313626
0.609109
0.463085
0.516881
0.38711
1.51285
1.46859
1.36652
0.626902
0.880404
0.230037
0.99793
0.846064
0.79531
0.913023
0.897739
0.782463
0.569092
0.611363
0.716099
0.692036
-0.176232
0.66333
0.603071
0.871199
1.69868
1.61
1.71546
1.45624
1.55009
2.19578
2.27126
0.0435649
2.47499
2.29836
2.11891
1.91036
2.24647
2.43679
2.40807
2.14247
1.37074
1.34478
-0.402184
1.20013
1.03161
0.694859
3.05224
3.10546
3.14944
-0.686851
-0.593979
-0.670012
-0.800975
-0.933752
-0.577182
-0.779827
-0.780903
-0.651515
-0.655601
-0.206486
0.208015
0.084118
-0.662987
-0.257852
0.286953
0.67088
1.10856
1.11592
1.09795
1.1638
1.26909
0.212402
-0.162723
-0.45445
-0.524942
-0.692492
1.00974
-0.783053
-0.254609
-0.186231
-0.395026
-0.385822
-0.00662394
0.0183537
0.170719
-0.0768199
0.232725
1.74199
2.10069
2.30805
2.20259
0.529427
0.240071
0.364582
0.328296
0.390064
-0.725203
-0.0750237
