546
-0.066255
-0.165818
1.59408
0.267668
0.23086
1.18657
1.60632
1.77423
1.13985
1.23117
1.60061
1.25238
0.560518
1.87418
-0.243022
-0.0715564
1.34313
1.83201
1.61347
1.48026
-0.304671
-0.717431
-0.332563
-0.236172
1.15162
-0.22728
-0.325375
-0.439296
-0.206158
1.53906
1.2985
1.21443
0.0915352
0.269859
0.115808
0.488557
1.03215
1.2385
0.667252
0.889114
0.696749
0.42769
1.0402
0.601526
0.572778
1.39525
0.267951
1.28247
1.40777
0.108967
0.145119
0.203835
-0.256602
0.258839
-0.0854995
0.516538
0.825172
-0.10695
1.80927
1.2764
1.25832
1.11606
1.59335
1.05431
1.22339
0.39392
0.649024
0.215121
0.653715
0.47826
-0.309046
-0.264525
0.0471832
1.83016
1.72282
1.4034
0.886028
0.19132
0.161517
0.41922
-0.390974
-0.501264
-0.160691
-0.060465
0.0858448
-0.112222
-0.325072
-0.0279667
0.22657
0.414209
1.09984
1.78197
1.71625
1.43312
0.633611
0.0356804
0.0195382
0.424492
1.06065
1.30545
1.14116
0.803411
0.528134
0.072182
-0.100626
0.704352
0.809147
1.42541
1.145
1.27886
1.53709
0.972873
1.0469
0.104337
2.35223
1.484
1.06874
-0.02968
0.156562
1.02977
1.73025
1.9387
1.58139
-0.551173
0.0100207
-0.753822
-0.50135
0.162958
2.19542
2.51036
2.44554
1.87295
0.728357
1.00783
0.980895
-0.282924
0.226176
0.247814
0.325455
0.390523
-0.0109664
-0.594401
1.33369
2.77823
3.1295
2.28911
-0.138801
1.83011
1.96582
0.952218
0.907517
0.338797
-0.0752861
-0.173811
0.566768
0.829046
1.44356
-0.258346
1.064
0.175955
0.893535
1.11719
1.13862
-0.29277
0.260144
0.900968
0.804081
1.1765
-0.510558
0.566439
0.593589
0.934928
0.246298
0.537087
1.43354
0.661073
0.785181
1.52366
1.57213
1.60245
1.61404
0.231755
0.13139
1.25532
1.36096
1.15509
0.278495
0.141315
0.270318
0.931152
1.20398
0.236533
0.497589
-0.123537
1.38342
0.901065
1.137
-0.36186
0.158128
1.78353
1.52238
1.42936
1.45538
0.820397
0.241446
0.49571
0.251769
0.0725478
-0.145657
0.10957
0.675085
1.7373
0.707928
1.77366
0.995753
0.751678
-0.530404
0.182303
0.382359
0.383061
0.0992112
0.271072
0.179629
0.843217
0.178199
0.57548
0.827063
1.01425
0.839001
0.938492
0.211203
-0.0164137
0.455239
1.06472
0.539874
0.863364
0.843721
0.423342
0.247664
-0.521808
0.29664
0.827889
0.45474
0.341067
0.82403
0.903878
0.020583
1.19838
1.88321
1.85249
1.22911
0.599123
0.322895
-0.0294873
0.280137
-1.01517
0.225877
0.928369
1.39715
1.65989
1.44477
0.806811
0.302931
-0.245515
0.364002
0.71866
1.03941
1.53779
1.42551
1.18181
1.05552
1.95801
1.73376
1.5365
0.521739
-0.118092
-0.0395091
-0.488438
-0.672543
2.60689
-0.335043
0.0857338
0.0501551
-0.0435962
0.388976
0.704544
2.22217
2.28465
1.64515
1.10387
1.35368
-0.869861
1.44251
1.70625
1.33262
1.5213
1.5759
1.29443
0.921825
-0.140389
1.1398
1.05301
1.05868
0.372163
-0.36224
1.10816
1.22564
1.47064
1.0284
0.335239
0.892874
1.9096
0.810116
1.93788
1.18874
0.583959
1.23497
2.03475
1.41692
0.415623
0.596633
0.260812
0.755488
1.47121
0.844025
0.355218
0.10069
0.296233
0.858432
0.460836
0.679429
-0.356367
0.413408
0.561333
1.32763
1.66847
1.59263
2.01824
1.17606
0.573162
1.09901
2.03684
2.44817
2.35635
0.716094
-0.257707
1.11812
-0.017789
0.092968
0.0704244
-0.118142
0.00948511
-0.497441
-0.787703
0.0249771
1.69017
2.7448
0.956994
2.22968
1.31227
0.592263
0.229734
0.250143
0.262739
0.408108
0.164688
-0.0715953
-0.177818
-0.0290075
0.203004
0.729489
0.645675
0.320465
0.309406
0.447519
1.19073
1.30489
1.12112
-0.324544
-0.00869211
-0.573045
-0.500442
-0.184168
-0.102478
-0.0907285
-0.578221
0.522264
0.527306
1.32255
1.8529
-0.18699
1.53403
0.906696
2.44781
2.48471
1.96002
0.0539723
-0.894224
-1.13416
-0.315519
-0.267348
-1.14728
0.0513041
-0.183335
-0.521593
0.517757
1.03813
1.7635
1.30987
1.48827
1.71403
1.64483
-0.802764
1.78618
1.89787
-0.240674
-0.394534
0.0886726
0.311729
0.473642
0.398824
0.284356
1.52923
-0.36343
1.3229
2.06701
1.49706
2.61273
1.77836
2.42639
2.2888
1.66351
1.58797
-0.0960836
0.581134
-0.0176192
0.124083
1.01558
0.69786
0.452974
-0.0315112
0.188877
0.260831
0.192527
0.463716
1.2008
0.361491
0.624113
-0.52124
0.525036
0.479901
0.100429
0.746523
0.999393
1.27856
0.796842
0.825518
0.535434
0.479324
0.0696782
0.150749
0.281713
0.206953
-0.168895
-0.115343
0.0552402
0.860339
1.35279
-0.0343659
0.943181
0.865549
0.371603
0.961383
1.4435
1.09842
0.831654
0.918509
2.04237
2.12871
0.599736
1.88134
0.894214
0.577173
0.62647
0.982196
1.01782
1.0154
0.420457
0.474096
0.207289
0.210931
0.403592
-0.0243337
-0.404749
2.45327
2.23256
1.90363
-0.221328
0.531144
1.22193
0.242803
0.280795
0.247879
0.0736401
0.393709
-0.103143
0.847872
2.00987
1.76395
1.58028
2.21658
1.0542
1.7978
1.46433
1.6222
1.17877
1.0331
0.41741
0.685654
0.0908408
-0.156354
0.103464
-0.216168
-0.908333
1.78018
-0.400563
0.883391
1.13669
0.916454
0.765475
0.810523
1.12529
1.53288
1.35202
1.03677
2.11719
1.96861
1.34987
0.911682
1.07132
0.0449983
-0.361401
0.817317
0.473708
-0.598244
-0.430511
