548
0.139619
0.234815
0.446793
0.274361
0.236521
0.539725
1.1897
0.878162
0.494093
0.529521
0.893026
1.60809
0.584694
-0.436547
-0.252555
-0.558986
1.23863
1.50599
-0.544739
-0.560285
-0.651239
-0.474264
-0.299612
0.520586
0.774166
-0.713855
0.144877
2.32461
2.61885
1.41455
0.416168
0.370857
0.206732
0.4775
-0.734643
-0.303619
0.22577
0.0199171
0.576855
1.46445
-0.477993
1.36849
-0.101372
-0.122113
0.225707
0.62159
0.409235
1.42248
-0.259863
0.420082
-0.334197
0.921145
1.25592
-0.458729
0.585889
-0.190078
0.628174
-0.729371
0.43851
-0.2789
-0.0754718
-0.400176
0.111705
-0.229313
-0.223282
0.10465
-0.437073
-0.516072
-0.0218095
-0.46303
-0.565538
-0.397493
-0.429053
0.350849
-0.162195
0.582931
0.459294
-0.0589227
-0.153628
-0.0435051
-0.186162
-0.220688
-0.336783
-0.387402
-0.191283
0.128714
0.934028
4.82377
2.60181
2.83601
1.54854
1.42384
5.28638
2.62005
2.34407
2.52779
1.6106
1.93533
2.70368
0.294784
1.62184
1.08876
1.29927
2.56802
4.43288
1.51355
0.824578
-0.0388051
4.62666
1.47474
1.33615
0.636009
-0.253697
0.870815
-0.436508
0.133978
1.18289
0.402344
0.637175
-0.199783
0.847778
-0.235907
-0.635625
-0.357683
0.104444
1.65655
1.61536
-0.361085
-0.373135
-0.543939
-0.628352
0.649871
-0.419556
-0.717305
-0.292507
0.978618
-0.240188
-0.322065
-0.55121
-0.126888
-0.152178
-0.575136
0.184342
-0.306301
0.00528465
-0.356809
0.0871809
1.39153
-0.417557
-0.244248
-0.659462
-0.631654
-0.735608
-0.161898
-0.174814
-0.427325
-0.0523927
0.608835
-0.355668
-0.0411636
-0.466069
-0.092971
0.295633
-0.220596
-0.262535
-0.486494
2.53003
0.500453
2.58799
0.808016
0.394477
-0.555816
-0.451271
-0.314113
0.308487
-0.00527805
0.282157
-0.676559
0.0190446
-0.140835
0.136252
0.550968
-0.744224
-0.452892
-0.186865
-0.701896
-0.315059
-0.245601
0.133765
0.204711
1.58492
-0.202118
0.0354685
0.531935
0.446885
0.264575
0.410184
-0.270334
-0.0575747
-0.00920439
-0.213306
-0.472119
-0.141763
-0.235001
-0.18597
-0.430304
0.364511
0.370681
1.41447
0.557625
0.217365
0.388464
-0.299725
-0.203266
-0.235798
3.08411
1.39326
0.0309986
0.506754
2.54032
1.75813
1.30405
1.41842
0.696073
1.26434
-0.155789
-0.330981
-0.471177
-0.109543
1.35703
4.27623
-0.246716
-0.313526
0.0409327
-0.107867
0.0775457
-0.164919
-0.26048
1.20063
-0.259562
0.789261
0.448881
-0.363623
0.928392
-0.289413
-0.515669
0.176491
-0.621544
-0.856732
1.34594
0.0022172
1.01541
1.22293
1.30944
0.552783
0.189364
0.353948
0.116451
0.39025
0.930814
1.64942
0.791931
0.830082
0.349906
0.421462
0.925946
2.59118
1.36314
-0.245804
0.581579
0.0158683
0.212608
0.317298
-0.0375819
0.105211
0.0107758
1.34767
1.3951
4.35121
2.54902
2.52708
0.938568
1.1384
0.470097
-0.0429034
-0.0845934
0.431072
0.83031
0.570913
0.850769
-0.00528559
2.70532
-0.119143
0.111862
1.31181
0.12036
0.423129
0.646134
-0.0343985
-0.066641
0.642169
-0.0482287
-0.150994
0.148291
0.407565
0.140261
0.472247
1.61364
1.12443
0.776738
0.513099
1.97104
1.42102
0.67857
0.510846
0.412775
0.711736
0.39037
0.545765
2.15249
0.725571
0.755039
0.572914
0.499549
0.650886
0.580717
0.584537
0.607148
0.464161
0.716863
0.503846
1.36881
1.44941
1.48111
1.09653
1.04581
2.3893
2.7974
1.95129
0.17401
0.259772
0.179877
0.909242
0.0515905
0.440824
0.474332
0.290621
1.21888
0.585074
0.178537
0.688584
0.592751
0.773618
0.636463
0.571066
1.97535
0.497231
2.76303
1.4081
0.473871
1.04762
0.689792
0.662422
0.920368
2.57756
1.00421
1.30311
0.597641
0.856892
0.733893
1.16929
1.45723
0.618709
0.741406
0.50247
0.340741
1.21903
0.509346
0.399939
0.852447
0.590876
1.99558
1.31602
0.607104
0.308624
-0.0871474
0.0353738
0.0992823
0.878709
0.506683
0.3304
0.134597
0.835777
0.0290638
-0.135185
0.318795
-0.11677
-0.045382
-0.0732406
0.577391
0.573708
-0.17011
0.450582
0.109156
1.86491
1.82542
0.135552
0.272687
0.235322
0.0297455
0.0282401
0.156223
-0.148437
0.000756919
0.663706
0.139493
-0.119188
0.0223698
0.632323
0.282891
1.33897
2.70088
1.38303
3.60652
0.576011
0.633757
-0.282993
-0.0734609
-0.23842
1.28328
0.643913
0.868499
1.10429
0.587683
0.0618051
0.155312
1.24859
0.485803
0.895735
0.0052979
0.143804
-0.0543006
0.117439
-0.107941
0.0104259
-0.252053
0.113921
-0.0979105
0.451472
1.03107
0.954798
0.845506
1.2676
0.88589
1.66863
0.144738
0.396985
0.71637
-0.160743
-0.27693
0.21906
-0.0327073
0.396453
0.165595
1.15927
0.774065
0.268182
1.29206
2.4306
0.371315
0.0382363
0.641684
-0.136013
0.522565
0.0965803
1.24035
1.42792
2.1346
1.00166
0.651332
0.868338
0.912671
0.734138
1.3317
0.85873
2.60871
0.942411
2.03942
0.946734
0.644995
0.259814
-0.169534
0.426961
0.741428
1.28397
1.23371
0.976921
0.616161
0.414548
0.60895
0.560112
-0.0601335
0.625119
0.925868
1.03431
0.916956
0.87326
1.36008
0.874673
1.05648
1.02249
0.696593
1.90104
1.11316
1.10534
1.27887
1.29129
1.22361
0.897838
1.86586
1.3594
1.27286
1.30441
0.941963
1.22999
1.23339
1.21011
0.914965
1.01854
0.931187
1.46813
1.68966
3.21965
2.16645
1.86586
2.02515
2.56693
2.57567
1.89648
2.00432
1.78579
1.74263
2.00055
1.91788
1.79394
1.98826
2.2096
2.26038
