546
2.05219
2.21765
1.5444
0.609503
0.0190991
1.86208
1.39003
1.36598
0.770183
1.06469
1.77536
1.093
0.453576
1.09206
0.127592
-0.262858
0.350882
0.545677
0.650943
1.18382
0.93575
0.702214
1.03503
1.40902
0.506627
1.4016
0.795649
-0.177106
-0.106519
0.0664944
1.59401
1.68322
1.88118
1.61491
1.6793
1.57735
1.32987
0.260416
-0.0144085
0.0556452
0.517226
0.42911
0.306035
0.434767
-0.245944
0.232365
2.78471
0.477446
-0.200485
-0.182527
0.631093
1.21804
1.91129
0.920742
0.854482
1.54402
1.61451
2.07145
1.22259
0.155885
0.742718
0.692374
1.21197
0.277905
0.500253
-0.170353
-0.167157
-0.236867
0.398732
0.168568
0.532493
0.279577
1.00453
2.66012
2.15416
1.73304
1.81447
1.50964
0.917874
-0.428773
-0.19646
0.114333
0.632447
0.572736
0.4018
1.24244
0.802244
0.556728
0.319137
0.772102
-0.933401
0.302063
0.625621
-0.0372285
0.508956
-0.0194948
-0.246071
0.0028342
-0.253539
0.68487
1.38677
-0.439763
1.28371
1.47904
2.61566
2.10312
1.51768
0.544102
-0.00490976
-0.569592
-0.546913
-0.0832958
1.37962
-0.432617
-0.927053
-0.884252
-0.457566
1.10559
1.50364
1.55555
1.07207
0.00401814
0.591218
0.782702
-0.0485504
0.771506
0.0760231
-0.95019
1.75162
2.38032
2.38228
1.95197
0.588702
0.818053
0.566917
-0.706607
0.185725
0.425756
1.89301
1.86753
1.42085
0.0273692
0.0939187
0.115309
1.12417
1.31532
0.332179
0.920929
0.342768
0.295229
0.358579
0.698767
0.769282
0.643487
0.899247
0.134442
0.65198
0.794614
0.67595
0.127085
0.981408
1.30157
1.71616
0.200585
0.62118
1.19406
1.10125
1.02951
1.79516
0.762429
0.96528
1.25241
0.91932
1.3854
1.59331
0.316025
-0.0052844
1.92125
1.85218
1.73995
2.25604
0.649249
0.316243
-0.221892
-0.88076
-0.592132
-0.519222
0.179242
-0.331046
0.431671
1.5912
0.722365
0.427072
-0.479263
-0.232753
0.539716
2.18218
1.40345
1.72902
0.69968
0.543751
1.90467
0.371859
0.0784564
0.0751019
-0.446564
0.090879
0.406235
-0.294565
-0.871776
0.873131
2.02824
0.805593
2.50184
1.50716
1.02021
0.880198
-0.0828444
0.0280844
0.334582
0.437996
1.01343
0.803002
0.820881
1.58015
1.23792
0.0761202
0.550151
0.471941
0.672482
0.236876
0.687457
0.47368
0.0666761
0.102071
1.56059
0.404317
0.33605
-0.333961
0.41527
0.533382
0.497151
-0.0340714
1.36651
3.28426
2.79127
0.14295
1.27615
0.622808
0.719065
0.368693
-0.105654
0.869099
-0.0600785
0.211431
0.753342
1.36679
0.641021
1.63331
0.0308532
-0.541146
-0.241115
-0.523809
-0.259742
0.50508
1.10115
1.46202
1.33805
0.840516
1.22368
2.20311
1.72102
2.03681
0.548316
0.298483
-0.12708
0.437891
0.206248
-0.0817524
0.752207
0.49884
0.758414
1.00789
1.10222
0.859198
1.09518
2.88699
2.9112
3.04592
1.0925
0.861531
0.483442
0.635674
0.864431
0.754319
-0.0106764
0.862779
1.03925
1.1875
-0.225565
0.594302
0.347949
0.945693
0.32277
-0.370656
0.0195033
0.771793
0.43613
0.909437
0.884866
2.54071
2.01447
1.45687
0.677809
1.42037
1.2157
0.612133
0.619556
0.813011
1.20645
1.51229
1.2629
0.572983
2.82795
-0.182997
-0.361522
-0.499942
0.606295
0.829296
0.191951
-0.184585
0.103452
0.222311
0.296992
0.0738632
3.09046
0.548533
-0.194778
-0.238696
-0.13541
0.972406
1.33674
1.33528
0.722911
0.582818
1.26281
2.04737
1.35579
1.18785
0.699585
0.149221
0.407277
-0.208544
-0.94605
-0.242284
0.448637
2.90986
1.60577
2.58871
2.55332
1.51006
0.408435
-0.0711972
0.264966
-0.143381
0.605842
0.19164
-0.0447463
0.236197
0.758944
1.25504
2.24457
0.218407
0.115189
-0.372726
-0.198432
0.38296
1.56842
0.433822
0.270151
0.293379
-1.1902
0.201674
0.512932
0.908426
0.910994
2.23912
2.493
1.94611
1.40346
0.447271
1.64603
0.699332
1.25647
1.21176
1.22042
0.285689
-0.477044
-0.0539435
0.0727299
0.484261
0.407854
0.404422
-0.352284
-0.333502
1.91438
2.03798
1.35716
0.066251
-0.529877
-0.891423
0.195496
0.444548
0.762085
1.26688
-0.114509
0.217488
0.266092
1.9852
3.07393
2.24582
1.16841
0.962113
-0.118182
0.453761
1.18425
0.301274
1.05603
1.05418
1.3866
0.989124
1.16507
1.52761
1.29423
0.198805
-0.135972
0.463252
0.774826
1.09526
0.835564
0.0735586
0.165158
0.37637
0.702234
1.09464
0.177729
0.914728
1.6816
0.901227
0.443613
-0.389587
-0.635952
0.626085
0.553768
0.701155
-0.497976
0.195784
0.907893
0.839276
1.14553
1.93774
1.79566
1.46247
0.915425
0.127874
0.0454251
-0.270481
-0.0779322
0.961979
0.167966
0.402206
0.189781
0.367684
0.734467
1.10041
0.355694
0.492899
0.938258
0.675059
1.86102
1.36341
1.42324
1.169
0.649323
0.398068
0.306186
0.456806
0.0257019
0.145191
0.224398
1.96564
0.650169
0.532402
0.52421
0.606325
0.352186
0.932777
1.3123
0.76111
0.392757
0.364566
0.422347
0.0903168
0.590357
0.594059
0.616377
0.399198
0.842749
0.297452
1.1709
1.98494
1.68225
0.802808
0.0240366
0.231104
0.0636984
0.105412
-0.0983593
0.402511
1.04146
2.06299
3.15478
2.35607
1.11965
-0.22619
0.484517
-0.0887806
0.293693
-0.352255
-0.153202
0.366695
0.215219
1.1229
0.493694
0.789001
0.862313
0.741636
0.931913
0.420719
-0.0329367
-0.478039
1.02806
0.42142
0.230111
-0.49626
-0.780967
