546
2.14275
2.14149
2.03439
0.351635
0.362823
2.27517
2.25162
2.2629
0.0351319
0.589566
0.651483
0.661992
0.51533
2.05795
0.33472
0.0156103
0.285998
0.270317
-0.677211
-0.510274
0.912671
1.04464
0.992105
0.829206
1.76212
0.7986
0.788438
-0.271086
-0.0599923
0.535872
2.21448
2.27447
2.34653
2.0857
2.09646
3.17911
2.10074
1.28472
0.445482
0.0316964
0.0592224
-0.0283744
-0.552107
-0.674623
-0.895157
-0.838541
3.80647
-0.736636
-0.738408
-0.741947
-0.815693
0.00853499
0.328384
0.295758
0.0341422
0.721241
0.6512
3.83834
0.33191
-0.543947
0.967642
0.900867
0.786939
0.595452
0.480632
-0.588695
-0.66492
-0.673803
3.68474
-0.789083
-0.770726
-0.649078
-0.484991
2.21344
2.27401
1.98312
-0.106142
0.211484
0.117659
2.60288
-0.193718
-0.527478
-0.452533
-0.557761
-0.0747645
-0.139324
-0.00876114
-0.0754273
-0.0245843
-0.0335165
2.26519
-0.444801
-0.468738
-0.349528
-0.424271
-0.458718
-0.546631
-0.682228
-0.759705
-0.429322
0.304941
2.17589
0.336443
0.50169
2.55455
2.6972
2.52287
1.44083
1.23918
0.398113
0.518505
0.343724
2.28541
1.68289
-0.208389
-0.589775
-0.706185
-0.658463
-0.273733
-0.492944
-0.0640059
-0.201901
-0.346575
0.345789
1.34331
0.301817
0.204255
-0.752596
0.861375
0.787395
0.638068
-0.391586
0.661449
0.5531
0.424102
0.991992
0.156119
-0.136531
1.66933
1.60721
1.47487
0.337028
0.344479
0.685811
2.26307
2.21758
1.12886
2.25812
0.923033
1.02739
1.0165
0.346121
0.305807
0.175927
-0.20835
-0.175693
-0.489985
1.1038
-0.433683
-0.561138
-0.609691
-0.503605
-0.307241
-0.555383
-0.406187
-0.294674
-0.268797
-0.287952
1.02715
0.74671
0.826384
0.703807
0.132799
0.234525
0.044157
-0.016537
0.453392
2.32005
2.12265
0.850451
2.44766
1.79579
1.76913
0.58235
-0.0427781
0.0226847
-0.0359055
0.0135634
-0.266617
0.797019
0.747141
0.723792
0.338511
-0.214236
0.0506344
0.235574
1.68519
1.4957
1.07282
1.45289
1.49963
0.736083
2.21314
1.71557
1.78441
0.564855
0.280682
0.401136
0.247136
-0.184185
1.1894
1.94564
0.753133
2.68363
2.595
1.91623
-0.305468
-0.185217
-0.208424
-0.388786
-0.496984
-0.284426
0.364349
0.986011
0.867313
0.461908
0.162177
0.338542
0.58523
0.371424
0.0166231
-0.296193
-0.310505
-0.538249
-0.0328122
0.808478
0.0897416
-0.0927861
-0.510432
0.0120568
-0.0866033
-0.336964
-0.37392
1.38253
3.04513
2.93729
0.511738
2.31926
1.26528
0.799327
0.403531
-0.216904
0.0404069
-0.344657
-0.185493
-0.229339
0.0908605
0.257348
-0.367925
-0.27413
-0.580256
-0.676208
-0.845143
-0.728333
-0.728539
-0.618706
-0.172156
-0.198821
0.978849
-0.200595
-0.423567
0.68131
0.637426
0.555851
-0.247334
-0.415605
-0.408489
-0.706193
-0.787335
1.03452
-0.642939
-0.633319
-0.355653
-0.56437
-0.565267
-0.660753
2.63286
2.59157
2.35214
-0.233369
1.27305
-0.345411
0.310689
0.676291
0.539073
0.906339
0.691219
0.712623
0.202462
0.114074
0.20694
1.75021
-0.322173
-0.4562
-0.626325
-0.308275
-0.260726
-0.490099
-0.434452
0.159587
1.02609
1.03851
2.60493
0.835257
0.910972
0.485147
-0.36005
-0.474813
-0.392016
1.43818
1.74437
1.62731
1.33335
3.49849
-0.286798
-0.512367
-0.575737
0.43938
0.194885
-0.27446
-0.390528
-0.492089
-0.530258
-0.432421
0.908737
3.3978
-0.568232
-0.388739
-0.570455
-0.534155
-0.547561
-0.604597
0.614754
0.800816
0.679438
0.830075
3.1584
1.37271
1.04428
0.602868
-0.0910608
-0.208577
-0.224429
-0.458417
-0.0755672
-0.164659
2.09716
1.24057
2.20643
1.93009
-0.411624
-0.407643
-0.453939
-0.438528
-0.519811
-0.443874
-0.00462838
-0.0466378
1.2531
-0.0470725
-0.0758586
0.0717293
-0.0948882
0.102609
0.382269
0.333658
0.621364
0.181543
0.220166
0.940911
-0.197892
-0.278247
-0.277683
-0.573688
-0.660169
-0.250746
0.852094
2.10144
2.15094
2.20454
0.682181
1.02177
-0.186112
0.908474
0.899582
0.512259
-0.528757
-0.702834
-0.547913
-0.406977
-0.098077
0.271668
-0.361993
-0.487951
-0.647815
1.91818
1.68866
1.40176
0.104406
-0.220619
0.405234
0.391307
0.398239
0.374491
-0.614466
-0.612162
-0.47813
-0.36914
1.3845
2.13647
1.74717
1.57907
1.00304
0.299398
0.9341
0.832377
0.78042
1.93616
2.07762
2.26931
1.40702
1.20172
0.502649
-0.661184
0.66924
-0.640028
-0.560189
-0.311508
-0.417635
-0.326693
-0.301633
-0.091827
-0.188091
-0.47113
-0.316983
0.711827
0.593656
0.217403
0.0612345
-0.314098
-0.494286
-0.495619
0.772836
0.578872
0.472031
-0.388982
-0.223675
0.460065
-0.148807
0.901511
1.8901
1.90329
2.10829
0.745481
0.786819
-0.397948
-0.432976
-0.511639
-0.157302
-0.371545
-0.273866
-0.254599
-0.231339
-0.234103
-0.263876
0.188996
0.433763
0.761927
0.809226
1.1159
0.883916
0.859588
0.754675
-0.58113
0.856224
0.808808
0.463203
-0.0861727
-0.495869
-0.693587
1.11348
0.0139092
0.390992
0.291725
0.646538
0.767357
0.681267
1.06799
-0.230099
-0.0418186
-0.0540749
0.521746
0.568171
0.599384
0.65521
-0.261275
0.0206093
0.0400619
0.719156
1.51515
1.96034
1.66716
1.34611
0.491528
0.0360484
-0.369207
-0.40074
-0.355522
-0.584898
0.140836
1.94166
2.81458
2.79222
2.27146
0.377915
1.03438
0.886039
0.789234
0.897331
0.994556
0.846863
0.485394
1.09347
1.05723
0.93515
1.8899
1.79095
1.5434
1.57872
0.203705
-0.283868
1.05998
1.05998
1.03693
0.216808
-0.212015
