546
1.2479102823639636
0.6612705611785802
0.2707337914449542
-0.987416184924282
-1.0737313712454595
-0.006205300850593039
0.10653035792321378
0.40319750713323027
-0.2122321628687888
1.5481432075417942
1.2381586090009993
0.8437605590095815
-0.6671623275037354
0.015075978130354915
-1.202057519353769
-1.3108663371335725
-0.9666511717657166
-0.8851757924450692
-0.6928370392590704
-1.1173452527739232
-0.4322230240498717
-0.2400326858286682
-0.19179972314181631
-1.197863489336696
-0.5603339919855507
-0.9247825887684541
-0.9464142216511032
-0.8300159868532271
-0.5831530811163059
-1.138604889294435
-1.0529400230935255
-1.1353117187287716
-1.09395921536577
-0.9034636218125685
-0.819707193847174
0.028956188241027504
-0.24995088047570874
-0.310276560312412
-0.6724699805567422
-0.8811716934203744
-0.34650960211406795
-0.41193194310071446
-0.36894069596022494
-0.3897485591771282
-0.5886718052155112
-0.5825088863098864
0.3987900072238459
-0.7249902077811258
-0.45101484198809677
-0.9832802998496516
-0.6682863084254155
-0.6802808448288088
-0.05843101938961905
-0.7166333444030545
-0.47628181208488374
-0.6950249804613021
-0.2193215059597025
0.3862229131442179
-0.034001405943039374
-0.38720915335326805
-0.4398719128839508
-0.6160731934689858
-0.3195617996740093
-0.3253436409106602
-0.5584616089229674
-1.0032457326435806
-1.0024140887720348
-1.1023333018073844
0.53749370984686
-0.9641370355637978
-1.004914027847513
-0.5496822880168163
0.1070564155322649
0.2811355351642716
-0.0039114456903934424
-0.515099813120115
-0.9758234899465437
1.0365430355932073
1.2397009077397607
-0.012928872370051183
0.5740330268447802
-1.1041859396647031
-0.7110909415250111
-0.7102215299025499
-0.5957105120186331
0.6456453724366323
2.265054890283618
2.5117135106847375
1.3781061946309152
1.33921058667906
0.05160748451547688
0.2721755571396825
0.04814285216297521
-0.6051168586977604
-0.6582189748382681
-0.551168339972555
-0.508474218844386
-0.48845446753183425
-0.35197639299373745
0.8338202030417188
1.2691988574793498
-0.19072447047180377
0.49504437167756826
-0.0531721351236805
-0.6298349730730254
-0.7742286122784526
-1.0920011986365834
-0.8670115843355632
-0.46843187266432246
2.1095447377258028
4.509758416161948
3.743978578338959
0.039765547181755304
-0.5240334913978917
2.672204207693079
0.23870162425114003
-0.0668097558984847
-0.08772021952919196
-0.1489140227561565
-0.466967123290165
-0.3277547536387003
-0.7246661102002242
-0.7715418591083074
-0.8593424697116808
0.3188779488211614
-1.1294669487435782
-1.077855251745527
-1.251190930936126
-0.5538865487073428
1.0070160469039198
1.4792849637335843
0.7373715263623971
0.5724721113922534
0.3795987695194181
-0.4490062398644944
0.8457486638447205
-1.1371117012055134
-1.2026014722730074
-0.9717418655554274
-0.6234792929110817
-0.6455872934650442
-0.4791830372870711
-0.5545739004627063
-0.11448685720078419
0.1540619697330336
-0.046463424491895784
3.4362298457833647
0.6612887679626396
0.12461896663954715
-0.043266523546034864
-0.09930934999028004
-0.370236003543592
-0.3158780392427167
-0.2994537980910822
-0.7007054426516814
-0.006818502297819161
0.5798255710741194
2.4370694770992682
0.5412745030476419
-0.14553505886630233
-0.48004412383947626
-0.6558458785675648
-0.4196146051772832
-1.3391557861390768
-1.2328631357447324
-1.092120263375274
-0.8773983977739847
-0.630789506929119
3.1760115480988627
-0.7586307075912876
-0.9214042382908418
2.5183158696139545
2.541336421823101
2.4920764706008
-0.709675164275539
-0.9467977698855041
-1.246766752854773
-1.069902967370764
-0.7577239090446005
-0.26945787107838504
-0.5487265458436735
-0.45238666205892947
-0.6934228021498225
-0.9941324136425176
-0.8644638948294372
-0.9753926646592815
-0.9970796921100371
-1.091700052027698
-0.25149694988397864
-0.02181274632110575
-0.7417903403008755
-0.3801430453723117
-0.4814927174710618
-0.49109077353193425
2.562436491337776
1.7297114885038052
2.295940261582225
-0.8569884307661418
-0.6529378036424879
-0.12133921850918597
-0.13921245908687468
-0.47748759466633917
-0.3991254254784487
-0.8638378543731482
-0.9202592008801302
-0.8821136008953967
-1.1451695911274071
-0.8115395580359486
-0.8227042682500415
-0.837704998738869
-0.5586552452396101
-0.23468085185612975
-0.6812208940034953
-0.3274851937807679
-0.7210816135493048
-0.38807933053841986
-0.11359708407718141
-0.2921756047314027
-0.5059801148366658
-0.8812382264413899
-0.6264677748848322
-0.46519406779897293
-1.0006439100271736
-0.047164426691819486
-0.7485049498204933
-0.982676165112742
-0.7553497968380609
-0.5187469630384747
-0.3184705977930333
-0.8829039981763496
-0.04265191596058649
-0.30241376470183046
-0.690188187534918
-1.0031919132331164
-0.7081560322793322
-1.0386758310591095
-0.864896763577174
-1.1020505474217954
-0.9472511495166992
-0.7250915826720878
-0.5626486723357892
-0.5178036539117334
-0.37902859573375275
-0.3656055546870762
-0.06529706812089965
-0.38414437856233413
-0.9939728997528303
-0.40516987161689416
-0.8903523220387152
-0.5701368278647044
-0.7431788901175067
0.31160641406579503
-0.2718642073688054
0.024784481388080176
-1.042471432644227
-0.975921235951737
-0.7209905497793485
-0.751978146425237
-0.8386284381817503
-0.35974914276123926
-0.30398893112051173
-0.7064802669490303
-1.140275949249486
-1.015446790540589
-0.885856032253972
0.7425239945727042
1.0951907503876517
0.8881049567645116
1.1988175969013524
-0.5399870149559741
-0.9334783285402449
0.17128728918624928
0.4690430544181016
0.3288623752138664
-0.22324279907178093
-0.17309609754880892
0.015685283205089467
-0.2931726539181608
-1.051019203871926
1.214187202444312
-1.086812368723209
-0.8602395963481069
-0.2896640067466959
-0.49681504501682344
-0.5283285908910772
-0.052581694844689886
0.03720235171810917
0.1793040222213064
-0.5534837025831935
-0.677704795959585
0.8814794388402322
-0.7777964866577032
1.2978633103371513
1.799451975897004
1.4309810687076632
-0.018094090723752416
-0.30897340433312603
-0.6368517452455132
-1.2366836207070404
-1.0439931172554586
-0.9497503481849388
0.9022118632186639
-0.6538270806120435
0.37875640768601865
0.5742629028408419
1.7718622432559672
2.22158950026173
1.6885375400664902
1.8420277026584626
-0.5542393346945513
-0.18229261271780242
-0.5257612748296892
0.9118146707354552
-0.10400435679634465
-0.706322425011273
-0.6031323126411873
0.11171215830191905
1.1790116087964044
1.6413763084824944
1.6313262847120524
1.2505545294046867
0.22545177200807523
0.4739831246286054
1.300478559609587
0.07030278156640232
-0.1788757893484661
-0.8148949914737176
-1.1735649525702174
-1.1832847865646585
-0.7929009833756232
-0.9142761840820451
-0.8999315215209291
-0.09379579147194748
-0.033869019103526486
-0.30644773380193097
0.18834299193494602
-0.22272791711236273
-0.40996101634887466
-0.3277641674682567
-0.35880815856351583
-0.39597552308910566
-0.3259140328005553
1.4040450880731683
1.3821247508725618
0.6117249782091885
-0.8965483474565785
0.307072157621056
-1.104846292570587
-1.1345026954374173
-0.24700826862510192
-0.13532687794866946
-0.10294921626264354
-0.6335528905003055
-0.486932487704503
-0.11433189682152281
1.2597413079282793
1.7679164150472513
0.02033504774364521
0.9472466896271705
-0.16711662241385777
-0.617156349964654
-0.6359739156571043
-0.7422317387174535
-0.9470311687012709
-1.021771301398362
-0.7351880814138125
-0.5271065367564234
-0.17926800792524145
-0.2528447147405033
-0.5470846462256292
-0.31770594711387623
-0.9289500277291904
-0.7633404551292629
-0.3530935510741504
0.04624276564951777
0.5312641205389993
0.6801975792031995
0.5252360465425984
-0.1492913753565508
-0.3416595324235607
-0.19725564925314143
0.39579001419381293
0.8076691896657004
1.145672119240761
0.26217692026485084
-0.3883706841021719
-0.3584394454925348
-0.4023296698131564
0.37938281821486014
0.9616029497021416
-0.49166118748326254
0.27285449052878735
-0.09278782946572711
1.7429782372343843
2.4733073327671984
1.8629592306621663
0.8457159019917357
0.46735516876645616
-0.18454764883707495
-0.19272154107896716
-0.36646138267154704
-0.5746947550114464
-0.41532121513863174
-0.2519053092800077
-0.2623030248634028
0.34280089475627
0.5346364616123149
1.0965317075534555
0.8909752399491601
1.2908020459471325
1.54918623967763
1.7644307202104033
-0.9768641985434275
1.9261511924003887
0.973051346452154
0.7763126825935676
0.4343034902117473
0.17766573271183805
0.5770355699468159
1.2451777564210529
0.7625462729269243
1.0367365142593683
0.3984400296772733
-1.0604464925558847
0.15621923515631578
0.9727131223437473
0.7886822373100743
1.7836889581928925
1.2508370836947182
1.7594207145393423
1.1403493909061193
0.9284245601553802
1.1529401306054379
0.2141450168471369
-0.7759705179285654
-0.3682545744955373
0.41622536129329823
0.29853520598734234
0.5738782558189179
0.618867459425687
0.5194910890291448
-0.39956360333422714
-0.37271713298186626
0.6406269808709648
1.1574787371715831
-0.3049930256843597
-0.7965466360112337
0.9001739643501024
2.1916434042296635
2.320703549546081
2.8900693321544337
1.9038442841034104
3.922084786032901
4.727213466265231
4.56342924299113
1.5214983044995671
0.6763387045306949
-0.5003345862118471
0.07993359340140178
-0.5324865262326667
-0.7005359518983904
-0.06628186974724688
0.1737425625088388
0.14831538864456636
0.043036789082469835
0.5098644699871662
1.177416709831849
1.0730462783437484
-0.06757102421505508
0.9613052239284738
0.5543065907366819
2.0672714100781984
3.3612978847643418
3.6930356658519456
2.1182702451408795
1.1413734202088073
1.363166800183957
0.8208694451693073
0.8401297702244123
0.2435861133594493
0.8385786448762513
0.25860686839655456
1.1257250824272167
1.112210911890278
1.1642871185661774
1.6525386956685981
0.9774429664949291
0.6566469302035081
0.22909485451684888
0.015064634956517449
0.2744131870064671
-0.04514924721353368
-0.3302040802847661
-0.6157303769296577
-0.4101226840940826
-0.4409407533974837
-0.33555061582074147
-0.1214170066655354
-0.36692693841359963
-0.8566610299097196
-0.4557258920401979
-0.188178877293052
-0.6054210426049097
-0.034707671298203326
-0.1550950008200846
-0.37055482776092524
-0.3200335992731943
-0.5610124412917671
-0.2889942271099252
-0.2905805940815096
0.23016625961021078
0.0017077505621019033
-0.38349047159229643
-0.3500637710603666
-1.1041706893764731
-0.9796206514744129
0.06357053231601233
0.08843178120123377
0.35195699584985496
-0.6177685822383828
-0.9514183198638205
-1.0933853057965035
-0.7045997806227565
-0.9154861519599361
-0.27979012379513113
-0.21355233895070733
-0.24899724263752165
-0.7434402081435671
-1.1663117013016349
-1.0232880978106305
-0.48956208037130644
-0.20790927151986402
0.2241191506226694
-0.260258752186567
1.2761265144375171
0.27752166019028535
0.7034784625902617
1.1000976260448032
-0.07126427360061666
-0.676615079238839
-0.9908504943289724
-1.1260711060260007
-1.0506468258502155
-0.5779781089391275
-0.43427746944401097
-0.4070101129388043
