546
0.4554876422860608
0.8553965236936465
1.0986436834882383
-0.7666784800664208
-0.7837390018605354
-0.44402599728892767
-0.03634590724021998
0.08051913795608392
0.32246520684717206
-0.3715686003409824
-0.531964045225295
-0.03841219696875776
-0.28062219333005844
1.6538198954078354
-0.8215789171107096
0.20160615721925054
0.4722035095055268
1.293566489079879
0.5565717804018174
-0.3891999211048643
-0.718357161449131
-0.7447320505720695
-0.551517580780254
-0.7602615044758051
0.8682293317479359
-0.9309205929143625
-0.20679204764516187
-0.11281500977199568
1.1137895594312612
0.7217572791187465
0.3123053634163082
-0.03754676561822685
-0.8695092200497364
-0.7540479831309588
-0.7793690626332513
1.8182514978341493
-0.21995887237877929
-0.5670657035552877
-0.8213983464683726
-0.4670561153919763
0.8238708074373138
5.7484268857222744
1.4112083273945435
0.7850548323232431
-0.3904917585247399
-0.9957000513184412
-0.2869591009885747
-1.1000281238290237
-1.0349702818718414
-0.848181714273423
-0.9996242821997197
-0.6861230107830428
-0.2731180277672802
0.06243899627130984
-0.30862568039576466
0.6872188174595737
1.9053909006226286
-0.26724581407333775
1.0762998807147925
-0.440266036424172
-0.5333420125911755
0.14952582108333953
0.011799774706748275
-0.3059354474600281
-0.8880691003527182
0.6045233077419407
1.8304480602637607
1.826262657793054
-1.1107689383253456
-0.6902251277293341
-0.5920629026451378
-0.817603607118387
-0.42362514919475663
0.04968774542955701
0.26209532245925027
0.0064872472383217285
0.10564899418072599
-0.7919463475998609
-0.4414063044460304
-1.0079600671077704
-0.8222066691751176
-0.6358435479039222
-0.4030401553414367
-0.5615232515655523
-0.9892934309156289
-0.8881689468821892
-0.7594668269247185
-0.6383918250451318
-0.9944299967000335
-0.2799281641046293
-0.9388608749966176
-0.07841598687471307
-0.14521581636110692
0.015946343280627235
0.5830074436688978
1.5242303970575897
0.1518645794552745
0.2408202056112529
-0.5922123209155697
-0.43679471012674476
-0.4533482571758211
-0.8905631804339996
-0.01716904107317569
1.172430656451247
1.536835273054393
2.3162493265330535
2.083479431933939
1.2612468425377246
0.25474748125359326
0.3270750366759702
1.3448330638200723
1.943592038360964
0.23595998495164358
-0.9542417242771065
0.3523660009226721
-0.7205771720761253
-0.32906862823733396
-0.5161545256755665
0.6195926139647379
1.5035354672129555
1.1565923368223305
0.9755327397346926
-0.7075942385487334
-0.9359253783698153
-0.5781123693053131
-0.972681667388681
-0.755155296291258
-1.0186326547362736
0.42080464382788346
1.250310704495027
1.504906778383556
0.5518626294191665
-0.6554228139350207
-0.11091051693374329
-0.034997161047647225
-0.5245943612835089
1.4176039696007685
1.4425361118554518
0.2429639800939196
-0.038917835993665016
-0.558553676245205
-0.6394098618233067
-0.23490865493473895
-0.5333539106063779
0.9700168122543822
1.1229811742678766
-0.7257107723598395
0.24957856935805697
0.5867493262152134
-0.9296700488655626
-0.7964454742886815
-1.0106407352439195
-0.8065930551501348
-0.4628330188915819
-0.24017411963556998
1.0709472900626187
1.023713334231772
-0.7400146472410535
0.9427647377864629
-0.9085864745372197
0.6372238616342145
0.3058228734927512
-0.09288410288979887
-1.16475179943282
-1.043569338888355
-0.7583120400118956
-0.5972062363744255
0.11383693447810887
-0.2248744990562756
0.5191142921020728
0.2567735892867866
-0.8310847964628065
-0.8466559213048787
-0.858825175174531
-0.655547382627854
-0.8788637029050218
-0.42420265800242335
-0.41144607226845803
0.16095751536381883
0.9940350293350659
1.4664847410901656
0.8133610254616724
0.1506855736772319
0.8024991546856483
0.1258470485344412
-0.8595548711335602
-0.9516536467750497
-0.8561033905477847
-0.8717637846490333
-0.46345537630276074
0.654905973328398
-0.7598544219300646
-0.7493381737241144
0.6074326600632872
1.245321783827672
2.2802658602579142
0.29717945868639895
0.22958005300261955
-0.2620980112609146
2.3533833205287378
1.3927974320585519
0.11292863815733438
2.103654874840964
0.47731699113739595
0.22098427969900522
-0.6002900403098305
-0.7928203022675164
-0.03001357483069332
-0.35698333797884874
-0.8086785719488064
-0.3179977418299787
1.4485934877988338
0.13384399188093965
1.4436685319235942
-0.1996714273178926
-0.11760901396257478
1.2040493683042677
1.3030367286130855
1.0054136744146758
-0.8554756029190762
-0.8365869178405038
-0.7841312107154295
-0.6564389578292871
-0.2078600642322965
1.9357121845268475
-1.0247186586413932
-1.0892812817645685
-1.0056681328532329
-1.0023763603348417
-0.9371603148371378
-0.7557681783417107
-0.031158517335763195
1.4102101563738751
2.0190074890996375
0.7004807781008007
1.8240743444433885
0.24084577634670012
0.4606056553594818
-0.8730692042111622
-0.7247413707531061
-0.7203056035114712
-0.6229481728372932
-1.0661573817441983
-1.0436843284386679
-0.9814668405625057
-0.1609464068634331
0.41970699544101037
0.6297038559117298
0.36846855419868413
0.21994446979594875
2.410067878647514
1.8351091016587768
0.0019958737035251084
0.5277961849887377
-1.0527194221423724
-0.8293590723552853
-0.8573395911696221
0.5824800056907559
-0.8291397044809088
-0.8297696714255298
-0.9007258657908676
-0.8639878149868464
-0.8806412367288406
-1.1503368941192396
-0.5117926985511033
0.45117634370344867
1.5122883423135474
1.589640028432162
-0.7191452545093673
0.14413213746241693
-0.16711909195544614
-0.5080986225421834
-0.4901390882917092
-0.2107642873811552
-1.0032090015650075
-0.7120095093674541
-0.06325404529305043
1.5539127483542658
4.862896380193089
0.46300250825997136
5.026683879197347
0.8192206053686412
0.08030111478771988
-0.365369156589273
-0.6722024516963447
-0.8190020876229364
2.004342515721678
1.571558844611508
0.2847714593902427
-0.5501602606994409
0.181650811566687
-0.919006323496396
-0.6761182250339854
0.3354721064187448
0.313487589017527
-0.49085332281715716
-0.6007178931527049
-0.8619729343871257
-0.6358997886499104
-0.8207704336628018
-0.021678718745002126
-0.7228694132631194
-0.025880942000885587
-0.5052349693829995
-0.7399971516146854
-0.00663361944374394
0.009614443255238603
0.1316299165753789
-0.9114481696309661
-0.9459558450245517
-0.4481744591430637
-0.3295154281494898
-0.9956311650896709
-0.13588800119814354
-0.9537089165301866
-1.0134332396844146
-0.3137234492506691
0.6853346934731694
1.8554921719088888
2.520828111482426
1.630621026894766
0.16843847827251104
0.1985968743310395
-0.7424250246870594
-0.624321528016295
-0.7637970893037973
-0.9881615669377352
-1.0060335137029033
-0.8784184435394089
-1.1309569029569313
-0.8088286421341981
-0.2843242566771819
0.8962401459180996
1.0463221687117452
-0.3898221247488567
-0.4316139683091344
0.9779392794977803
0.3736135621013219
-0.18538537464337626
0.06537578694747999
0.5669911052442472
0.8523816194895608
1.9156367933574616
0.013036042418254882
0.6880027916507948
-0.4989643211415139
-0.3650367173865149
0.9685223203487348
0.984736274455217
0.01950671474892954
0.08676486708047963
-0.818428737809092
-0.28531577464940056
-0.03908280375725995
0.6855132790935403
0.7224641594046776
7.421268903148079
-0.21354634419037033
6.215507866474174
4.643631853501612
-0.5690938531456039
-1.0582910412053776
-1.1236616388278984
-0.8701336410635284
0.3151496572561025
0.38688539691888646
-0.701018446178383
-0.9722612028113042
-0.8776453353654503
-0.6657066594452133
-0.2704270069175045
-0.5390437272550596
-0.6497784031212471
-0.9683357296425822
-0.3694171735647319
1.2102294892328052
0.9332331774275536
0.10551132991968079
0.05385892494971524
-0.8691346690420437
-0.657866399052497
-0.7151737012911853
-0.44781603302500833
-0.29579224953059663
-0.44174996898678437
-0.6168648468766637
-0.941729339271069
-0.8833922266579929
0.08031377275086701
0.12471612954212037
0.22188175687993347
0.036380912777372064
0.8676592797297384
1.2004794723115106
1.3130882721443857
0.15640677718885818
-0.2151126058272842
-1.0257185999094771
-0.8756099451665184
-0.8880399606896185
-0.42346875142194573
-0.35332825673035684
-0.19375700792658837
-0.496339245408865
-0.9174455205820296
-0.7164420881863006
-0.49198244478628284
1.1431072035370848
0.671675923436088
0.09428790174220532
-0.4777202749060624
-0.3384622181125089
0.08012344242028724
-0.3389996808474197
0.012160823549153682
-0.37862764432338925
-0.5515365883726135
0.3830990895841524
-0.355290164286232
-0.39217110485021295
-0.7344649190787231
-0.7005498062754978
-0.2793592319277586
-0.41853849996711484
0.07510281893721774
1.7837490773533102
0.5562835569236023
1.415888405927306
0.7594284508454432
-0.23596665258410715
0.17565197009782554
-0.6297760915036489
-0.5107162035839463
-0.3168091331146719
0.6515419524979726
-0.2370506465850241
-0.5934724667440205
-0.6726102958200768
-0.9522031641145157
-0.8503618635258564
-0.4427508283096242
-0.48634203112100405
-0.07957288945393753
-0.03412150771311222
0.877206434736916
-0.17171039716139533
0.052796493488175875
1.1972717153152124
1.7122172003163219
-0.408168769940464
-0.7085596560494302
-0.9034230507532294
-0.2309810670855917
0.06298156016959054
0.2504291901771466
-0.29843904038851254
-0.4868916715354746
0.10842063094326967
0.5611497643112979
0.02438615663835588
-0.2947509337107567
-1.0073887514879327
-0.7846547731863903
-0.9129574438812729
0.02327468012091609
-0.3160077372732871
0.9733338526956086
-0.8197896923076561
-0.6031528113126993
-0.810664624069588
-0.7407696822029004
-0.809796939471675
-0.7194997586955643
-0.42782271105169367
-0.05740928177849841
0.054140949407195535
0.2051806177013123
0.7405000940683131
0.11211158981757166
-0.5899036768409296
0.08409137961520677
-0.4840751231354342
-0.9815002112637516
-0.9057124183520213
0.39956079730995375
1.3563837950888578
0.5544459549767501
-0.7691771450970925
0.16803318802140352
-0.12813231637681471
-0.1165687731056689
-0.6651365843713886
-0.662722324514113
-0.8089736976076662
0.30382640052484744
0.14858342455078152
-0.2062911849970342
-0.7506835750271382
-0.6190545657881064
-0.13779961574348448
0.071700720541065
-0.10081912301023137
1.0988534658882403
-0.5632377793326413
-0.844342030901731
-0.5569867232478244
-0.8065675579774249
-0.24518022674112905
-0.3119835047754579
-0.600811643688763
-0.028262456995563866
0.24034535629916345
0.33949942800544436
0.2030231449147758
-0.6526069211861901
-0.6771105839415049
-0.10721818696079796
1.3209780182830058
1.8668330027290172
1.0299159432288068
0.38108617012490953
-0.9099048081512854
-0.9501855705073085
-1.0799638981521897
0.457336189240163
-0.9592946826925509
-0.5799629829764448
0.31835299734819344
0.2390546100432003
-0.6353399549639572
-0.28369033815333944
-0.06788735670874044
-0.21866058895534418
-0.34810950375904787
0.14338885727941406
-0.05208507081884229
0.8912427731431896
0.07591087896927208
-0.2444139566685591
0.14324469897510234
-0.004921507698818045
0.6278862195721819
0.2894705476177573
-0.3767912012789538
-0.715035942625108
-0.8153543488068531
