546
-1.1753826418264337
-1.0806122705697958
0.22808186874051095
0.26807691848719883
0.23514306904816246
-0.2782798199139316
-0.12996909856632205
-0.47384977150542323
0.2507413022807837
1.656120433500696
2.71168348468773
1.7212780815381123
1.9290057510034242
1.0209993391131573
-0.35779815164340656
-0.7421840465948022
0.1802494415830184
-0.0847983821134162
0.16172787193915306
-0.05800139617028724
-0.5394698656206898
-0.42419472727178215
-0.7101229454460375
-0.35217401951659794
1.113142295250442
-1.0535973580962072
-1.2465408158047868
-0.7539404890829411
0.5069284580899127
2.005683736934098
0.7910650868202409
-0.4094517696963705
-0.2830289985033729
0.2734947819688594
-0.12492646085229579
-0.43785992356690956
1.4504881459858574
0.2557326951729768
0.3073746929603952
-0.4705664783682747
-0.3568850091922792
-0.5294245730429771
-0.48311862218562224
-0.9764047519973025
-1.2870576122465054
-1.0676238414333188
-0.26198642541687495
-1.3070179223410934
-0.12432811574835553
-0.1712377325484597
1.780576453608933
-0.06827798289262103
0.7020280175691778
-0.3275145262893102
0.48946001258231797
0.2381474093138862
1.5652128664201153
-0.44886246163732085
0.34482704480439347
0.3055408369329328
0.5486525038914729
-0.6358222222569657
-0.25900543627804146
-0.042447079980099736
-0.37201378240327465
-0.30790606220187505
-0.5834864063143859
-0.00824057417526377
-0.8328798534397401
-0.2760903631953236
-0.6184889739183886
-0.3778998032912708
0.2969994694986195
1.6640960166965661
0.16349141864212102
-0.2225734621144385
-0.5661560780756443
-0.3375483447846952
0.04856836433833785
-0.4970462107935422
-0.28362973264877
-0.6779365095706726
0.037212878018401986
0.217566203049612
0.21768798440352954
0.025419340057982784
0.25420845851515544
-0.10367806928632886
-0.232103299467572
-0.7378780692710604
-1.069466579038969
-1.0614108982255968
-0.800671270833835
0.5165396088271029
0.11626455075925234
0.46266288058063976
0.22091547619820825
0.15890881414442748
-0.16255618342482311
2.3840122215135553
0.8647031445936634
-0.8539674658376049
-0.24323392725834667
-0.6406364727992497
-0.44082496059667986
-0.26809942982608
-0.5268703826096348
-0.16705043203475362
-0.5160290266007215
-0.6994778052181836
-0.482227053073514
-0.49327068686012504
-0.8132218662758669
-0.36147963313423587
-0.021570364574599984
0.15408417209118294
0.7467014065822627
-0.3764438137480114
0.3643728692828945
0.20932362362787224
2.56616102884682
1.0090847138506658
0.02563105088209042
-1.434873486388783
-0.037391010198592506
-1.449546412577057
-1.3843408302237772
-1.4916557965621258
-0.8327672554488215
-0.005518385943917945
0.10760997093165206
0.4233900091132904
1.0222612283377455
-0.10129533816409539
0.4548461272227325
-0.05283890039922581
0.22262671489882035
0.7260695142122865
0.2260469881464742
0.4893444832023202
-0.9164122515253281
-1.1175336950027155
-0.8429424271202179
-0.559867293439848
0.04770804411982698
0.0468785349791907
0.5107322512882765
0.08132568418735356
1.025313618326904
-0.13804940062563764
-0.320375374364956
-1.0204399481860291
-1.3577940889900828
-1.2210721880868582
-0.8274227588284112
0.08816612332237399
0.003350056066579983
0.5423151266112866
-0.3765443879819628
-0.2812886036687065
0.13163431963242958
1.0444660972275495
2.855834854500662
0.547108982531278
1.5783102859599496
0.9396303384934073
-0.07078473624000042
0.0736449996430133
-0.1551029427955465
-0.5037791066159214
-0.8316416152498048
0.1638467589421687
-0.2828042584050843
-0.11662661548268675
-0.4736863796956015
-0.14004655751435435
-0.4836450452236652
0.5672798295944383
0.05461747791363506
-0.15871576173294782
-0.024180377128959766
-1.1035230249132058
-1.2221774757783626
-0.7649945074340261
0.22758617428577899
0.8663310190156318
1.0545299595560038
-0.3125726851938537
-0.339864380356729
0.6444033454325974
0.15715450178883528
4.58224759371287
3.755441478156183
-0.11644222326525071
-0.9196310184063348
-0.9674630942096853
-1.0459933286754122
-1.1635269991834931
-0.49257666599092825
-0.20960096123468192
-0.09232081582055705
0.3454577764418
-0.3291364007600156
-0.04169983770961551
-0.025383288482671563
0.050321785958456135
-0.7009318240845747
0.03805035681070798
-0.2545854281509719
-0.5438561172082431
-1.0751269811415551
-0.5664196444300982
0.027622968823773315
-0.4064456249350168
0.038090402898879175
1.0184865923061974
-0.44599996110955564
-1.0851202310484411
-1.3598804782263423
-0.8668083568212994
0.9664968486842093
1.1560661710404827
0.7073180464754817
-0.6932302326598139
0.6161249221957252
-0.4758005552012964
-0.2845970511076602
-0.7515760504284488
-0.8106271609508654
-0.7817732577801252
-0.8221122020232243
-0.49522167745935247
-0.13379948666028815
0.38580105172077844
0.24765756877226155
0.06542273509748124
1.5451308236970205
0.20935276625792548
-0.21196461359367832
-0.5261660601290936
-0.6698551418568276
-0.6361589318927513
0.1219631879391738
0.8941230620922376
-0.20484917743124761
-0.915222341456023
-0.406265167409049
0.24255356066994008
0.34489720879527114
0.9555338216989524
1.141741312017971
1.5470570692698948
0.8209760654513238
6.82876607976162
5.400493272372926
4.837398901126569
-0.0027574402022480784
-0.7399533744179532
-0.8167081051588231
-1.0782034047890965
-0.944921176194169
-1.1541859505768783
-1.4133947108421594
-1.3844946391264668
-0.9328049714767589
-0.16175042920725186
-0.02159878224336617
-0.4590112690513597
0.09397451147500659
-0.28062448074194657
0.3179284722898617
2.4713993323973114
1.639622432233464
0.31107973100364245
0.3275790708828004
-0.8635667604410664
-0.7242347184614488
-0.6975552351649286
-0.7585793781689198
0.1669277977666837
-0.6612486289805414
-1.1807795274928243
-0.8399550324196222
-0.8808292971652769
-0.5897438267370984
-0.46214651711003996
0.659084487232514
1.003903208175715
-0.1908245691885118
-0.2011998143416606
-0.10634060723882854
-0.7438938068385661
1.0156544002532375
0.48286210071008306
0.1544036182388978
-0.6192719184317163
-0.9085661828043443
-0.5824871605140693
-0.7030199656953634
-0.6762815915616714
-0.7617166912396965
0.7337481177166807
-0.5444597987698759
-0.8470874834349426
-0.18022552254688626
1.1098641066174642
1.5923940058559434
-0.0661610394517041
-0.6647719579326846
-1.2397600123628194
-0.7924710158712178
0.3311894426836242
-0.5725468238535627
1.228533581067237
0.17806110519592727
0.09803716722998138
0.8896223832825219
0.7066759850319627
0.7738043681116955
0.2826129776299398
-0.12814119978199157
0.310386506269619
-0.30857964062958315
0.767924217782793
-1.1819616996509918
-0.8980741065267454
-0.30407446807015387
-0.40197949461004595
-0.8996829383596833
-0.9428466291018487
-0.49425953321425176
-0.7581826061511924
-0.34999799532754955
0.5089657860601375
-0.37381816577907706
0.42492716197949987
1.0363269359895548
0.6852302884920454
0.20752543523428327
-0.20281749399230367
-1.0558385425199392
0.6362107290267824
0.6909736180548932
0.6367854893745905
-0.5168532979390753
-0.675573348901539
1.6948744100805266
-0.19649892249938133
1.0483671771977277
0.7817122532168709
0.6871679973729086
-1.281391771217888
-1.2752678953975436
-0.8487842409485468
-0.3374305414351118
-0.6625438768972058
2.3084672554247008
1.9679440122165428
1.2733096143864686
1.2644281971061473
-0.8915900330981358
-1.3849891272007044
-1.2057988150603598
-0.8822610038015121
0.6453799327069449
-0.08673475800220794
0.39492390438299796
0.01908963999831046
0.08813380425015402
-0.5639285818367703
-0.34820084736533746
-0.624618669308659
0.13459230873742872
0.19261516211450477
0.25417981897805814
2.98366063177301
-0.39443172219491845
-0.4863579141782452
-0.4108955674356437
0.018708251976901423
-0.145849054364649
-0.33621274250635175
-0.6920142964136852
-0.5055565548855016
3.3899894581897314
3.403289933258768
2.2885674196160646
-1.051117059808274
-0.8407974329062818
-0.7510813852596483
-1.1032480018840916
-0.9087153030695014
-1.2660774028110975
0.7346219326583884
0.6871851836401627
0.3238335325658526
-1.088935741234253
-1.055151691711032
-1.2911423669773638
-1.322667384422573
-0.9067556438071541
-1.0076039115437423
-0.9110212585699157
-0.6184976527650856
-0.6113148338709973
-0.22967025648383393
0.05007443052278475
2.0109788201653167
-0.16427304508102047
-0.34391801433009556
-0.05584857380802905
-0.28642945366889283
-0.3351335943161926
0.02851137203676792
-0.34228417195830896
-0.4300019601818072
-0.5717528816252072
-0.24373721273691124
0.07870441607347373
-0.05314826929292878
-0.8115244434365887
-0.7955755648101079
-0.8496571028090699
-0.6061271929661737
-0.8872199466151512
0.0768271719899451
1.0556920550476774
2.4168253348514157
-0.2906550392504142
1.3807041162038711
1.8002953342544021
0.24767043285264578
-0.6533662034748264
-0.050502744841748194
0.5036900461839895
-0.62540953908902
0.6544381236780735
0.5081980494129418
0.8878274882317173
-0.7289732373189611
-0.0942871010723537
0.39062521437350145
0.2455391972709753
-0.15029355203097
-0.669559122381667
-0.4188086662023105
-0.29751513605474533
-0.6120342592634345
-0.30455205482144093
-0.20069120488514966
0.0621135650081992
-0.39039831101822103
4.960937799284123
3.710920724629419
2.98956976764511
-1.0035361649250578
-1.1703087283910578
0.14705420338939484
-1.4128405681662266
-1.16705128312404
-0.909260160700141
-0.8668847000922585
-1.0629497701250885
-0.1385514461330557
0.25621371040018215
0.49595133094427085
0.31212525971418964
0.8868865974850003
-0.7369163490218282
0.40002262419922413
0.20349418660843
-0.03879447191356328
0.10665244586470887
0.34706776134332396
0.09564483206078535
-0.34309147683732216
-0.8981944678596018
-0.2580040841634884
-0.43058388304244183
-0.22628061815127815
-0.3679536672360424
-0.8022789221184645
-0.3731009279044755
0.12990914413901092
-0.03132398345090844
-0.639040710800853
-0.28917762780248113
-0.33515373649946395
0.08538282737827398
-0.3475867946403251
-0.03517026542159872
-0.38541394465883494
-0.6118320037975552
-0.5942746365738304
1.391252107282997
1.5053604823024638
1.617474477411356
0.8030602075261246
-0.2660336324021327
-0.9862950277941036
-0.7955239583994815
0.3182825679251833
0.14889488219372593
0.9755547130606292
0.3606907301279016
-0.20168422679562883
0.09874556896095149
-0.7808445791015783
-1.1401832847909628
-0.5668045456198354
0.4528261368046715
1.4956390225811327
0.4506757967002172
0.9640475320414339
-0.02616592850998088
0.20094951677439019
0.24808053187217158
0.6128094042554788
-0.3336091859956844
-1.2206140440569975
-0.8708023654798432
-0.8177026211302973
-0.7516144780228695
-0.9887314468658296
0.34986849990603064
-0.35239151645930394
0.1453485980588739
1.4504699003185078
1.4316112359057709
0.6027511897510062
0.31082478441060246
-0.13571692229484844
0.8334746359153061
1.8880964173856543
1.372907602854271
0.7513848241636959
-0.37326187295431706
-0.8661021880433596
-0.7625396758710785
0.22672905195196755
-0.5195686166039305
-0.2997686562985587
-0.18913521256079033
-0.22148254729309436
-0.9441558286707911
-0.706608667392509
