548
1.18032
0.245999
0.0765265
0.174542
0.936659
-0.197563
0.415892
0.738912
0.546755
0.202856
1.48802
3.80938
1.42299
0.144486
0.608243
0.12202
-0.0574447
-0.359066
-0.0471309
-0.0366663
0.705848
0.22101
-0.179076
1.73735
0.17592
0.13082
-0.376372
-0.0321182
0.274914
0.576882
0.544097
0.350855
0.113596
0.744364
0.185789
0.429889
0.32583
0.0363944
0.156184
-0.177815
0.317753
1.30017
-0.230643
-0.477385
0.064296
-0.213349
-0.199424
-0.528851
0.0721343
0.170922
-0.0339701
0.135856
0.147872
0.694143
0.253124
0.193077
-0.222555
-0.319985
0.676726
-0.162806
0.214754
0.317358
0.189391
-0.0945301
-0.175151
0.540601
0.0114023
0.413576
0.118105
-0.145328
-0.320105
-0.088831
0.140766
-0.426484
3.68887
1.38161
-0.00645682
-0.484032
-0.378236
0.498067
-0.049233
-0.0936565
-0.240086
-0.303958
0.0475511
-0.0106293
-0.211999
0.537892
0.220906
-0.0803465
0.311911
1.01435
2.75639
0.103425
1.12445
-0.265514
-0.0621972
1.33688
-0.283888
-0.279384
0.109671
0.392267
0.115125
0.122255
4.96401
2.08605
0.485991
-0.505415
2.88911
-0.251495
-0.25276
-0.416665
-0.108486
-0.086186
1.27013
0.712787
-0.316478
0.373914
0.449862
-0.137998
-0.11096
-0.358262
-0.425397
-0.225681
-0.258591
-0.0865999
0.734853
0.658309
0.497865
1.4245
0.587789
1.20076
0.558621
0.584571
0.573911
0.350152
2.9114
0.567825
-0.0884219
-0.459896
-0.366195
-0.0430681
-0.382219
-0.265765
-0.129601
2.98063
0.682017
-0.22963
0.124435
-0.421697
-0.422105
-0.248698
-0.238679
0.274508
0.213883
0.0402859
0.194413
0.455667
0.212886
0.471681
0.294071
0.609611
0.22417
-0.292135
0.149808
0.247171
0.805232
-0.246784
0.321704
0.940624
0.226014
0.372531
0.190612
0.115806
0.0444085
1.63643
2.10605
0.141236
0.0117265
0.270056
0.542488
1.75784
1.3049
0.56393
0.795727
2.12147
1.25027
0.967888
0.874684
0.869092
0.668295
1.03409
1.39246
2.50901
1.79216
1.98713
2.56376
1.7089
1.17694
2.94429
2.34173
1.73469
0.186344
0.287993
0.0300799
0.576975
-0.0575658
-0.153777
0.125518
-0.164818
0.226228
0.340277
0.114851
1.72686
0.449227
2.09351
1.10243
0.0236422
0.477193
0.556447
0.0697844
0.792858
0.553233
0.533859
1.00995
0.366929
0.589703
0.770228
1.09981
1.95832
2.81999
2.00616
0.547971
1.64012
0.0942309
0.0408865
1.69726
1.17236
0.462517
0.569491
1.02729
1.4273
0.136064
-0.193718
0.412075
-0.0525054
-0.133634
0.370239
-0.00391594
0.0820252
-0.319193
-0.00637564
0.81511
0.176768
-0.118519
0.438694
1.00766
0.262833
0.0678778
-0.22344
0.673275
3.54608
1.48176
1.45157
2.82341
0.345921
0.443106
0.348498
0.239107
0.841472
1.93458
0.475481
-0.370555
-0.182511
-0.0851992
0.0853164
-0.292126
0.421472
-0.3209
-0.470851
1.97146
-0.21062
0.505003
-0.0529963
-0.387557
0.233481
-0.399659
-0.476822
-0.352957
-0.423162
-0.284615
1.87718
0.135068
-0.453917
-0.325072
-0.518181
-0.33016
-0.357216
-0.36506
0.314034
-0.343878
-0.510919
-0.264071
-0.211096
1.42511
-0.17735
-0.416686
-0.0913759
-0.210036
-0.303367
0.202402
0.195559
0.554768
-0.468325
-0.257909
-0.376852
0.0606976
-0.340959
0.156156
0.340423
2.9596
1.33251
1.94486
1.93476
0.239416
0.250375
0.117813
-0.116911
0.395254
0.0677316
-0.190554
-0.295307
0.41407
0.00638544
-0.0320375
0.168997
-0.0840367
-0.0683381
0.554219
0.511851
0.199066
0.363015
0.149091
0.755741
2.37887
0.227782
-0.250832
-0.250121
-0.388271
-0.342411
-0.507084
0.246093
0.28017
-0.190064
-0.312034
-0.00946589
3.29505
4.20907
2.93589
0.789554
0.772521
0.072308
0.490287
2.97469
0.343138
0.347842
0.276407
0.600352
0.118483
0.901492
0.970315
1.21369
0.876498
0.106032
0.25791
0.138759
0.143873
0.49847
0.435611
0.750145
-0.181719
-0.125935
-0.00164946
-0.0869773
-0.351087
0.222059
1.94918
0.623203
0.739407
-0.0910733
-0.221459
0.149616
-0.170161
-0.302681
-0.260569
-0.103602
-0.253028
0.000631607
-0.194917
-0.0338642
0.951913
0.914527
1.39327
0.382237
0.0132953
0.116863
0.580102
0.856748
-0.199368
-0.318624
-0.439175
-0.523972
-0.322408
0.0876454
-0.0394316
0.033889
-0.125204
-0.161924
-0.134264
0.0035029
-0.203438
2.93393
-0.361276
0.362933
0.297484
-0.401214
-0.455074
-0.38382
-0.507811
1.11213
-0.293189
0.868604
0.732676
0.0428323
-0.27118
-0.196191
-0.394627
0.576692
0.221881
-0.190195
0.131283
-0.2566
-0.177789
-0.110712
-0.405468
-0.382151
-0.283175
-0.404232
0.229349
0.737992
2.9771
1.02514
0.523298
0.0634642
0.876186
0.609015
0.14809
0.362988
0.757076
1.43556
0.461222
0.514563
1.20856
1.05748
0.224216
0.0535582
0.105538
1.32069
-0.222513
-0.186396
1.11827
0.792871
-0.00695841
0.626603
3.58984
1.7289
1.30433
1.50763
1.02792
0.575552
0.282305
0.678562
0.172531
0.867059
0.380139
3.99949
0.390685
1.66253
0.114739
-0.252584
-0.463273
0.570795
0.581365
0.29722
1.18526
0.504673
0.234791
2.35203
1.78169
0.574742
1.58988
0.380104
0.218669
0.216848
1.16833
0.421312
0.012392
0.938457
0.383869
0.0752355
2.43292
0.568751
1.92323
3.95751
2.531
1.67804
1.19273
1.65647
1.23733
2.12761
1.83495
1.4737
1.18552
1.33942
1.86908
1.94141
0.473198
0.812736
0.41783
0.402328
2.22792
1.67943
1.95444
0.831204
0.358655
0.850697
0.371676
1.34039
0.379378
0.182569
-0.165304
-0.0729644
1.74686
1.35255
1.96692
2.72237
1.23165
0.985709
