182
-0.6569109359458367
-0.6372774721139592
-0.49467447351193017
-0.49567927457145095
-0.516790692176912
-0.5730632470783165
-0.6336184473120364
-0.6427808593805625
-0.5559303741163562
-0.534387215622741
-0.5510200787927482
-0.5194160202510337
-0.07904644969451517
0.188863662072389
1.0641856319612024
-0.62869252384193
-0.6524838915011255
-0.6637632618611906
0.4571350494238975
-0.6128025913834348
-0.10712523640234789
3.5571819814141508
-0.23476534368727425
0.48202360157847945
0.25516443106071673
-0.5382596769512925
2.5904321564200847
0.058782472264551876
0.35331937137989855
-0.57124988259185
-0.3801015534398369
-0.5575679888743093
-0.38030589321394787
-0.6168108721470916
-0.36649182897728455
-0.13640724479236405
-0.5157238902244397
-0.29294643766718736
-0.14274557693922707
0.05296543477961359
0.21362416746946186
0.27323340363597604
-0.407398882130528
2.573957647552814
1.5345215882008705
1.5724840368914879
-0.4417606730879896
-0.18072002527519218
-0.6640387686699578
-0.3701847316119173
-0.6283505630808185
-0.5839298910653238
-0.6331268596714085
-0.6713171664133211
-0.40977327224365884
0.0047868552321490105
-0.25311953783499036
-0.11978402268624064
-0.25282442331212257
0.08652340481960143
-0.5443719135959151
-0.4506215168148411
-0.4349083267006667
0.12295227066347762
-0.32354604068631065
-0.42636031484080655
0.4193598194338789
1.8436456047880974
-0.6224339262051378
-0.38339925074657794
-0.14876035704737045
0.22155746642085666
-0.2825055500671903
-0.564720551286039
0.031410241690495215
-0.1703177469197854
1.8749911859702144
3.711427501929967
2.5880870227313855
-0.37212753618155114
0.1736686826800596
-0.6275151859559809
-0.4012489480710469
-0.6159386408391363
-0.35245457914751444
-0.36223432350023954
0.12921581216962752
0.16645729630494752
0.6312269069934084
1.3163511040011286
-0.513289473052266
-0.4125192317140832
0.2912191603947437
-0.5396604203837198
-0.6401422151463759
-0.5536566371290811
-0.4498407201553354
-0.5449138758147706
-0.35651636488040284
-0.5898182198262308
-0.5626690856428308
-0.614589738595573
-0.1679676012366402
-0.31013187993626207
0.12551014698604473
-0.5429950863891894
-0.004478085059152706
-0.5589108113603394
-0.33312384826160907
3.0644513964137374
1.9144021741343393
1.0104150556278464
1.2605042054809488
-0.19261199543836957
-0.15842424844876307
-0.6376215019192379
0.13794089533831952
-0.4342352910159792
-0.5609487164971699
-0.21178319342965085
-0.5953879146694337
-0.6191771761143114
-0.6229668278841183
-0.6011390260285386
-0.6273619458815323
-0.2116995696366558
-0.2943812816281622
-0.5942138965980148
0.41788273212622373
1.0807684208851491
-0.05665765658071683
-0.27389806697873986
4.068242739572333
1.5042853524777515
-0.29711071879154183
-0.24119200837981966
-0.49178162277199455
-0.4131231569260864
-0.3047249217996823
-0.566167029926823
-0.6557436873083832
-0.6195539432542051
1.0167364904196827
-0.2729798405784905
-0.6058193440752176
-0.5284491121394065
-0.5740476325692218
-0.19583429709720185
-0.6107459762290182
-0.6428208975888438
-0.6021132241530451
0.41190206542044355
-0.5844982432896665
-0.07956333402483573
-0.6249858433592972
5.680709386632399
1.3112030926670037
-0.17811086157564804
-0.5403307187828731
-0.5829775186644965
-0.5623212921732975
-0.4546191007469961
-0.6554643783473107
-0.19776148824294462
-0.28357192769307343
-0.30262847643679136
-0.12016636304847576
-0.6108259097873542
-0.4525920616931367
-0.07483256847702092
-0.4183187975104018
-0.5454643458615162
-0.42585032537092243
-0.4130178018475658
-0.6360212440810926
0.5035898178141724
-0.6220530697913661
0.5059924145778202
3.7536609292912804
0.6459772157266283
1.6812788563829695
-0.5716609118222821
