546
-0.4943230970661364
-0.6830626696242559
-0.08374561178231717
-0.6363010804761952
-0.4900851412858052
4.056058454641465
3.648085563592211
4.770634278381182
-0.7170021975915494
-0.14589190344211997
0.20671158526647673
0.17169929322475513
-0.7038369368631335
0.055699981596796004
-0.8150687971373232
-0.4773524991499264
-0.2934641533379552
-0.07971815537627566
-0.5117382300368661
-0.4787473765348675
-0.22147505319270414
-0.3109034107575393
-0.08024988900688308
0.03270583946954758
-0.4540686109507571
-0.20270136251917562
-0.3704292028143587
0.15286125746939602
-0.6387764840332631
-0.7628259620201343
-0.7337595905783885
-0.6989929082862614
0.34087934259018676
2.2758153675664388
1.8975197861544628
-0.8823625292949276
2.6703598701238285
-0.14515858334110038
0.20203650119654243
-0.2809073688644728
0.4500090979891369
0.7781104392583945
-0.058740066780850024
-0.7758302908524134
-0.41181588730121776
-0.5657595697555123
-0.5270839002944144
-0.5303121571368438
-0.6250278262187836
-0.7486579633330646
-0.5197220270333524
-0.6578602074759948
-0.7369252099877176
-0.7590235769687491
-0.6980082768260186
-0.6603161908641115
-0.4303506550885219
-0.34613595641609507
-0.6125297957737056
-0.4254050704711603
-0.3233086923532837
-0.475351369541537
-0.6896911669054302
0.054979532071932485
0.09275580195135188
0.7839536974247143
1.4814871727755705
-0.15484436259042092
-0.20452628793225883
-0.5167209204975963
-0.8774334997278304
-0.7314856088042366
-0.4386525681053577
2.5985301992257885
2.2090120298796165
0.46652469282162246
-0.5201292816077393
-0.6400356286134826
-0.5586786846583257
0.1754770333320659
-0.07291685087349865
-0.6684788377361044
-0.5845649751597309
-0.8297534325034259
-0.7913188526824257
-0.6540817734425441
-0.8230898262617146
-0.8480124926506377
-0.8587690980867969
-0.8197308546374934
-0.1652054214770988
-0.10291666160679447
-0.13124807401536026
0.06542966481082639
-0.5208870697279363
-0.36444773938543346
-0.8349098348816181
-0.8058371611144847
-0.1672441265946947
-0.18570430707836483
0.6562035225341055
-0.11983095782359823
0.8678977275415889
-0.061355764630358155
-0.18656346684657588
-0.22485582783679997
-0.40212567084783474
-0.017557018756549796
0.9594022503834716
0.6768740663313821
1.0255971075898507
-0.36069172495506324
-0.189474696558053
-0.25235937354247473
-0.6996619704511348
-0.04322144564380321
0.5221196302833196
0.10073735170489627
-0.5058666879502346
-0.7991268586828917
-0.3751805661107335
-0.17784871701953148
0.3692998606292439
-0.3420205014442269
0.3159383741829948
-0.6968793628606647
0.18456501093963334
0.2556958993939732
2.238016887091896
2.507925506306128
2.007894577800094
-0.6270891876660124
1.9125954454489213
1.22452308431544
-0.04447306038935539
0.7393496770972509
-0.6294222129783449
-0.11101539471156846
0.005189718653310724
0.8841205023437105
1.0728143562380794
2.6635723327998795
-0.7279551926998605
0.5571413866934358
1.0595878213291308
1.8157896190241822
0.7076030097665256
0.4536757846667896
0.47781263541623403
0.4880822026737128
2.0641014096142314
0.8623904680978957
0.7378682842072154
-0.6279128653782451
-0.5561778697869947
-0.6334775001735518
-0.5600213066441017
0.6122657259473996
-0.5350281387891485
-0.7451312885386266
-0.6366979638709717
-0.6776043738997751
-0.29838728556032673
-0.3823858152481069
-0.21239698560450185
0.2939964618551503
-0.3992119030548097
-0.3076266902693286
-0.25695486874209983
-0.475131695582874
-0.503566646085794
-0.39743254450262094
-0.17851626960548705
-0.7442518698041122
-0.8267090117643706
-0.7220766376146708
-0.6226436042877801
-0.5297602779950779
-0.5050810255398297
-0.15740307685413824
-0.5054383197305253
-0.49674662564064725
-0.10988039151983255
-0.1517561704479092
0.4029952533014394
-0.4450332431834869
-0.6669486013887836
-0.7213036325816069
-0.6114516654967461
-0.7714178570224622
0.469044708813023
-0.6387073773872947
0.32535057466502876
0.1573704188140393
0.7397035619487652
0.1627505835751729
-0.4077698877479517
-0.6088672653339604
-0.6952222000874558
0.24963006024844184
0.8327231670804145
-0.31001073157212805
0.6380462850649626
-0.07407993420379902
-0.0504001572263201
0.21099712391882233
1.6198384415258449
-0.318056983783208
-0.6680990651252545
-0.7633091513709559
-0.7289496327561872
0.2867218879502136
-0.6527171649610427
1.7890725152055713
1.8836278329006746
-0.7523150193450294
-0.6981177842970443
0.21521271667846484
0.40035154392247785
-0.37441228045283476
-0.5744103090723495
-0.16664312572644702
0.27948856699292357
-0.09419057437148083
-0.7105105665572096
-0.14075875746834082
-0.32029439738536386
-0.4623869744379917
-0.24367629290055826
-0.45231495138694305
-0.08756488881142872
-0.5027879909042373
-0.33208977484743757
-0.7317430428249355
-0.7128442758419303
-0.6862352022096455
-0.7353391814665936
-0.7774629983018886
-0.7550138718378798
-0.24638400144761757
0.9515918744470651
0.742998257485392
-0.621706172173271
-0.6137510328129805
-0.6929248655975329
-0.4648512286003858
-0.7230337012742951
-0.5985344712832538
-0.6926909720700299
-0.6561555795498684
-0.5645552077933922
-0.5341081479521056
-0.172944273465152
-0.0959909604915275
-0.8362107098938418
-0.7886503252061554
-0.8108274542294078
-0.6312366558009965
-0.8276056987451846
-0.7417489857209422
-0.7476301496459372
-0.6759918779852621
-0.3887147425328134
-0.38597916059637233
-0.49742314067537763
-0.6882852132209445
-0.7486802169185031
-0.6893550924538234
-0.6505771438599647
-0.44861732225150935
-0.5219883624276891
2.325075223055337
0.8754095838822133
0.2720961794521859
-0.5945161384638137
-0.3746009839078543
-0.6325191023916589
-0.5655085822821379
-0.3963675141582656
-0.7044954348488172
-0.7851468525291961
-0.7520599619972222
-0.8351487054149617
-0.21038426400439483
-0.2151586806485014
-0.6599886608213739
0.601519995630377
0.5570394881161203
-0.09757767126970877
-0.7616881625831203
-0.6880077030663057
-0.3004213490730454
5.22036400570662
4.903881844322559
6.006119146395617
1.514039366032414
1.8313939609506298
2.111768461060342
0.5722411675974296
4.74181010212439
2.6751369869457946
-0.5903038401576712
-0.532084673084162
0.08063568798667796
-0.13858270963393002
-0.1218119019562733
-0.42541785301711343
0.07416087659402584
-0.5461711488241555
-0.5189282341051638
0.27860795628462903
0.8417024130817429
-0.25570575624221964
0.4510039293330012
-0.10703445236599209
0.4655894042827297
-0.6359927395702027
-0.08565202378575287
0.15602756616927418
0.06544651836599041
0.0042830745119544775
-0.09008264010292848
-0.5374483620548989
1.1098751013360362
0.07998888634310793
-0.0795905783838546
-0.7521182379231808
-0.5985324135196046
-0.5426183846937719
-0.19390936965384614
-0.3799397156716829
-0.31870395034137394
-0.49369540339273965
-0.35696723800042035
-0.29152254954639484
0.6753595245330583
-0.8505678370896425
-0.780901644423445
-0.7418640313844792
-0.6345203859867656
-0.5463819426467067
0.22028907119350372
0.32633727664046286
-0.6780902715776177
-0.7692563802007426
-0.6320237556810421
1.1018444381565689
-0.43765209995378757
-0.5465908918743874
-0.5815603838424515
-0.6507095598682259
-0.5578009840933194
-0.7838924337381582
-0.8393236147217688
-0.7389676274075605
0.7422977864351178
0.591666669873046
-0.6995425380434842
0.5445032508870802
1.9513187895598187
0.3121896889153814
-0.2908526721809442
-0.024106004402467563
-0.3464140593644838
-0.5666688313014945
-0.7572835151840109
-0.6726485572569775
-0.6483459572826228
-0.43615513347259827
-0.6195606226157782
1.1451606118718518
1.579268739465749
-0.08360806220578575
-0.6887457669563923
-0.5528852521052113
0.15285829970548642
0.7530526178695851
0.8767952219469816
-0.4508264532785848
-0.6297359266025603
-0.7368463508106288
-0.5705828791250652
-0.5939010307025091
0.5587656848075045
0.48241780227231235
1.4095454604685727
0.3701948188769321
-0.006481536248653461
-0.027091658431700076
0.8246274570599977
-0.6071370763012258
0.1399773865298972
-0.8519908884737476
0.4507356154978557
0.627556625125894
0.41337933830678436
-0.5936805229483768
-0.4215363628484597
-0.47272526408127613
-0.7106258690033956
-0.7264440243486309
-0.6882375541795691
-0.3952932216911313
-0.31612853775417493
-0.7752873186149934
-0.5497871995699994
-0.2832890789295415
0.41066534725907683
0.4752012539528343
0.3072872906433517
1.5883979325369835
2.1545384188010606
-0.26750825403308337
0.6883789420228918
-0.1515231764267847
1.3195996116655804
1.1576174579592173
-0.10786128722683995
-0.6296609461260237
-0.630616743837095
-0.7068610647483498
-0.5995276348179268
-0.541460735327081
0.33725960204658245
-0.36627779157802953
-0.5702145839856824
-0.27965861541828435
1.2526270319562485
2.3337811637822554
5.6422945349140115
0.748758049190062
0.06868155664031898
-0.053416794602696174
-0.22723599182405502
-0.09125556069723963
-0.15580208583076383
-0.46375760196672944
-0.5407520084534487
-0.5622522406739869
-0.5435362346533674
-0.02915335076629192
0.0626072909280153
0.3724393866516614
-0.1265033634048864
-0.46257281013892615
-0.13951794896397196
-0.25622389733612194
-0.7621726239196185
-0.7607869675733876
-0.5444400447389951
-0.29087562078816437
-0.6691489029815183
-0.5719134429230046
0.0005078646085462284
-0.5309263557354542
-0.8078629939542461
-0.36900006335754826
0.36624059717400065
-0.3041489495274975
-0.5644932191537022
-0.44101138531708867
-0.6891704724329849
-0.5037233935892066
-0.017988469944668
0.15247865562483023
-0.46040161403353475
-0.1271499335993993
0.2677191575523572
0.5464555933046551
1.3392920250356208
0.8754525420327884
1.376766732281834
0.11979390140080687
-0.12303083293713683
-0.6942004897753686
-0.4537659049347203
0.5501655600951006
0.2758067170934013
0.014518218438275896
0.19068533452503894
-0.43437607032308084
0.6237129152703946
-0.16767627284800604
-0.7820068825545662
-0.41049051570729134
-0.28055866870950297
-0.4079202238972954
-0.42983557758310925
-0.410733723597318
-0.24227371586591634
0.12392145411363886
-0.10393172702637195
-0.2027159383988377
0.20712327123604715
2.4323074082380183
1.5809129394280235
2.536395698185799
-0.18765849178341748
-0.7352733636846722
-0.776362926211404
-0.21308622761024906
-0.18485562335523212
-0.5536825941859917
-0.24399794669714323
-0.2606867018067684
-0.05508419611909591
-0.34143157091779963
-0.6153463937047157
0.341549086351474
4.403054993883861
3.953771853648986
5.021754039307826
-0.05165078638990331
-0.7270221704436776
0.35031010481556807
-0.3956492913426702
-0.7408954612564081
-0.2752701768039159
1.2470126938500352
1.3111027092520966
0.21924137281201056
-0.7954583161992166
-0.7935325056369735
0.3073787137773085
-0.5732387665777793
-0.03387116927482501
-0.33866013630518554
-0.7585587471738954
-0.8228063972890612
-0.6075186022636078
-0.55237216612656
-0.6567315290241659
-0.6961167492634776
-0.46092964386251156
-0.5297626935513672
-0.5618405605340573
0.9144037871184377
1.9137804313512936
0.5484178339949817
-0.5053895579702594
-0.45005266851592357
-0.6458158974497388
-0.6204064268954433
-0.19981536929405896
0.4301516958773638
0.3035108864280059
