546
0.9410821930635874
0.5841255999430244
4.325077795904298
-1.1596306036973596
-1.3226613343353382
-0.7784149743243429
-0.6593527270057022
-0.6341334360608428
0.8046793928817976
0.5435019511467779
0.44926181734747295
-0.7854318004733001
-0.9248686507313215
4.625449861428832
-0.9681996306752525
-0.875409151491251
-0.17233978288217366
-0.32032674452887844
-0.5724770884189633
-0.7040179713745833
0.2488890687205223
-0.2082414747444104
0.10821235344722738
0.017432725340652773
3.0794260634954385
-0.4522311042781188
-0.816946981943023
-1.2207171005081274
-0.939587610510648
0.13408084549523638
1.5303921007949959
1.9266278863554764
1.0228744265722909
-0.9577076001166228
-0.9304238481252468
1.1578813375104138
-0.3174785964879929
-0.4712336963178426
-0.572607093775984
-0.6645353464437393
-0.14209034069023851
2.4067183501998977
2.121772910693206
2.051357298623591
-0.9889768277167599
-1.0540563038477935
0.9875917343654957
-1.0298772228504542
-1.3013864722514987
-0.9498119791964263
-0.7460266744363572
-0.8934237879554133
-1.1482117669340977
-0.9221770642872335
-0.9485483123277964
-0.8703129701018675
-0.21639611974481143
0.5042035297484524
-0.49651050500607535
-0.3295437241666569
-0.9970930892355043
-0.7664411894611023
0.018375149686690212
-0.3304844964800447
-0.5256683043755281
-1.2599658632049004
-0.7974215950397527
-0.7049159914763742
0.14795284740747996
-0.059855476845250846
-0.16194063148598858
0.06170101650792332
-0.4972417541542367
0.5326932717721047
0.5646290174763064
1.1681448328127824
-0.8500895542580833
0.14143799821455347
-0.28598910479344736
0.014413165194932652
-0.13959689347571236
0.08821700893237976
-0.08507963690698812
0.13247642458032835
-0.8896723773320613
-0.5840996792525096
0.09344797466288622
-0.048202570990099815
-0.0554454565214513
-0.803854750973422
-0.101661480025225
-0.8799121308503356
-0.9115708203489327
-0.9290587094222525
-0.5436869198569966
-0.32071995809937054
-0.43812842965555804
-0.5310202500354804
-0.5029486547908888
-0.06189197140383328
0.3096825226563909
-0.0411118965680666
-0.5374597028540127
-0.35461793854897844
1.0928788503513027
1.5171441600654478
3.1333318963310144
2.108502395788295
1.362520961555632
0.10741594464990088
-0.8452486288515468
-1.0860550477098814
0.39921182836545865
0.010483273047035082
-1.1450559946880412
-0.9291856865554153
-0.9483413238981145
-0.8124623275628647
-0.7611918939008234
-0.4106022103853498
-0.1814558400902381
0.42658652026335847
-0.20689255204144003
-0.6288842545448825
0.32220121307491467
-1.121386517224465
-0.712102149012054
-0.198865119145538
0.22984252521236007
0.3887985045707837
-0.03647848752657078
-0.8723886488134907
-1.054792745239861
-0.8580854518044678
-0.5586391597737903
0.1937552852531631
-0.6943139663386045
-0.23951834305486283
-0.4618739321321523
-0.651927386612219
-1.0007133935110306
-1.0934795930589887
-1.0064392976162324
-0.8201570242301324
0.7686210763521599
1.29844952328788
0.512755536748596
0.610681549939443
-0.7179331291661659
-0.966985142018678
-0.6354164662925774
-0.5929984966335687
-0.3828844403350091
-0.7104985722976922
-0.5302025399551852
-0.4915368643419105
-0.4680901785620766
0.42006662224643393
-0.18121659244547697
0.094565015115445
0.09343087514547192
-0.4857848583260315
-0.8292068286312622
-1.0599241675943816
-1.1194592720889136
-1.0499279337733851
-1.0435205647867702
-0.7329271024857116
0.33886701482949744
-0.4970571112895782
-0.8520568536578226
-1.0651639926799739
-0.8620072629136324
-0.9425806759562678
-0.9913952493528839
-0.8595502937229527
-0.34051306274700255
-0.2854435328283106
0.9202022073543433
0.5031881859318724
2.6090916827897948
2.1636452533298183
1.4387358682352105
-0.8329298644734934
-1.1922889699637793
-0.8090494780318229
-0.760725663116674
-0.6172367380235623
-0.7791296904661368
-1.0049069526767611
0.2688153820981222
-1.238138520734014
-0.9680830590278232
-1.2450409563374423
-0.06458383662180431
-0.3107121694358549
-0.4421315769117508
-0.9394937165657651
-0.8734838186049918
0.3401964351732573
0.0563959669875736
0.41354443670404234
-0.30745732126824926
-1.235569026394671
-0.7439747062014703
-0.9260485314231793
-1.0746763487848914
-0.8649783220688804
-0.4088563079194549
-0.5261967501513736
-0.6411153129222018
0.5711728894494666
0.6723046826327883
0.3773991778071144
0.07436694626927139
-0.9673029604363184
-1.3763186800339433
-1.4238341497972689
-1.4363042901541117
-1.3917203612344133
-1.2991541502135748
-1.202668762429619
-1.370977869011497
0.9872988721546622
0.6783997390176562
-1.169921422347031
-0.9533887028036682
-0.007883797558608248
0.6567953868735759
0.2717663429324594
-1.054546241791647
-1.443156218947065
-1.372134992762041
-1.1137020147214627
-0.6226088757951339
0.22908969632829992
-0.5365557429573427
-0.8221247398668362
-0.8892031895272706
0.23795321983021528
0.6890875525295254
0.13221001732538074
-0.9102736648574375
-0.6643515612292399
-0.016683988497715404
-0.3752370887637321
-0.2676440831347593
1.330140722392578
1.427948083761762
1.8784964564010798
0.5663413589939423
-0.7922554583675917
-1.1348999958501629
-1.1082383074731745
-0.9412532453663094
-0.7046535687142401
-0.9383808316082837
0.22890788848296156
-0.7252354588813847
0.3139824585396746
0.0413972536069978
-0.07558754352676601
-0.9292975875280534
-1.0714960551698254
-0.767996237827658
-0.9449045174605987
-1.0084406797484784
-0.8543073217406421
1.1819341244921733
-1.0778896478119913
-1.2024598700074856
0.08749063896732383
1.183675965836246
0.221980480086918
-0.8294340692248424
-0.6734884030661171
-0.9689307011049905
-1.18010023844715
-1.1915436316409704
1.775291943475411
-1.3927335771152016
-1.0200461399325997
-0.5222948872267397
-0.6522897578339459
-0.749818594241153
-0.6011515524890917
0.19268410504846484
0.6778120000968961
0.21100694961054225
0.3922594968913357
1.9471115205836573
0.4350235380644659
1.006035486523305
0.5163978608340993
0.025550012888496492
-0.2704485062008498
-0.6342339748979058
-0.6629002915783069
-0.8457660831148783
-1.1167861397766212
-0.4360874686009445
1.6365881511029052
-0.20620194016374208
-0.5643014621417924
-0.7188785512555139
-0.12193524442140023
0.14241925153386495
0.06477396441877803
-0.700580230290878
-0.7018795505645589
-0.5849246700953241
-0.5926074133864768
1.7773015082447565
-0.1964546282335048
-0.5881266301611698
-0.719589929872141
-0.7793654073388542
0.4136653552293578
3.630543871626154
4.147552339381194
3.773714033075032
0.5721216034622348
-0.5716295163116301
1.7162836788121538
-0.8089133619559412
-0.917144180874113
-0.9483555884917078
-0.9017944154528664
-0.054570317554707405
-0.1011552556082406
-0.6175173557853231
-1.142384460078806
-1.0201697724791088
-0.48614758392674995
1.1877565234817222
1.0518491647571246
-0.5981029817686039
-0.6241293751500625
-0.6390059912665519
-0.7337927306535974
-0.654107693523497
0.48157309912821317
0.8048878754528684
0.38484088461293936
-0.22583023327825957
0.29382635075128644
1.005297089003511
0.3431267776855282
-0.13826014520350524
-0.15725089883064639
-0.6810298314199792
-1.0245763749641186
-1.108768610254908
-0.8755235946731
-0.9775652703917287
-0.9815472484685488
1.0947488123662552
0.5321270432868536
0.7689864557928323
0.4828953525656887
-0.8643262245412561
-0.938616986574558
-0.4808210233393956
-0.607151803945164
-1.0423083588097413
-1.2184764519844835
-0.7514012103192164
0.17389266914656895
0.09631680922614459
0.6804803378405035
0.048740711638385885
-0.3722588353284047
-0.7999678500435498
-1.1044915344424289
-0.8738490256756338
-0.8708477654502899
-0.5846766691939134
-0.859551100394912
-0.5120192844923916
-0.1362757782685482
-0.6208971674434585
-0.8510948733424403
-0.37235860703017437
-0.19630814256696774
0.2005410848359913
-0.8584393986505511
-0.9602520019791462
-0.770890850826752
1.3466106712414896
2.700105201477247
-0.43357256224418045
2.3135063933090256
1.3000912856403517
0.9268310937056599
0.6150853557715076
0.47247297437589963
-0.6577298599669723
-0.3761561533078887
-0.29674699036776586
-0.14370926715471277
1.280458937147757
-0.16990447397602315
1.4338550061973658
1.5663963411961555
-0.6541320643055342
-0.08584742584303114
0.11134385849352914
-0.07699559826746366
0.10989456783721135
-0.05215891173511075
-0.3331626269366421
0.0726787323045885
0.5010235038125742
-0.34816654908049705
-0.062476395246840385
-0.09580308654165262
0.4738841880379913
0.28901002134299403
0.4007995467695541
0.2586373156946905
0.15625586486966206
0.38974002744071795
0.7816901007285925
0.5167602275181747
0.3666741830757505
1.401217154863
0.9708845456159205
2.426570408902728
1.3532237550620454
2.155867231047482
1.1770535104849709
1.0842664693640278
0.5790792284789423
-0.003757616388322095
0.31838922747496096
-0.06598679124162524
-0.006884002709651313
0.03067640276171667
0.680059136377402
0.6401783758713971
0.63036359127181
0.09125981380561983
-0.24298203646471847
0.7482829592489008
0.1337452900796654
1.7471423309976652
-0.04218206587224347
1.0401742904505231
1.4040689633896257
0.9543050728477874
0.7210655816243344
0.7608103975064022
1.6316554873428932
1.518599699018806
1.4970642688818854
1.0783870179716333
1.03523028057952
-0.2233423019286677
0.7747312508783363
0.9920836442669103
1.9870500543527065
2.0059239215352203
3.3002402899760295
2.3072059569956327
2.150504295142996
1.0766960025279255
0.31155449047056116
0.271306790702549
0.2828376098211734
-0.015466918944632504
0.3363148547088269
0.025947748436156215
1.0997981701685473
1.2099124553469474
1.2225800807428813
0.4521244891826575
0.956494663096094
0.5091964849808659
1.1711106280521995
0.1319520808831476
0.5671462746541769
1.316316465074011
0.5055727059131819
0.5132643735360879
0.20769263057020146
-0.201000379134142
-0.5631802540928845
-0.5336992850310178
-0.3228424111003954
-0.23949405143929162
0.5097915704747251
-0.8944653610081533
-0.9677449951596603
-1.0122847447771544
-0.6684884567631192
0.22126944857283457
-0.10021941977927924
0.14306651944314142
0.5931536058741086
1.7066081567968692
0.9217006996837178
0.1703903042628704
0.5786793735732138
-0.7901652691551256
-0.08061525719266725
0.27839043709625755
0.713953194022572
0.6685755768032298
1.111124759851134
0.5192318461106866
2.2449355639944395
3.498098449760568
3.154816972764587
0.7081399832408417
1.8551748833475308
0.6253780467737882
-0.03324315431327028
-0.2666995116306913
-0.2240634104888725
-0.29846676659598825
0.588019838333771
0.9515177120352507
0.7020917719140166
-0.3983633264422992
0.4900794626568869
0.24440197069824907
0.09519189187561448
0.04838423509612021
-0.09093166981330549
-0.046730849970841336
-0.14441334475679768
-0.39817694540198323
-0.3827635101678295
1.2827245325813752
1.2809221983498573
2.6258909120759197
0.7220014885215883
-0.7498782233715517
-0.5752880678329604
-0.8970451875374357
-0.9619902080819517
1.2282490857546096
1.507137084207973
1.294717588472261
-0.5280832615694586
-0.993947794982307
