546
-0.03625950693055974
-0.049965327471240606
-0.006917878952097722
-0.014836858267458286
-0.009227028793416803
-0.04090665119126902
-0.025327550157158707
-0.04771770397894659
-0.05665565440927961
-0.07196314729125658
-0.047262105989002046
-0.04408557285316933
-0.0774739026495187
-0.0006107126320132328
-0.08540763986485084
-0.05944316306098629
-0.03984481066180062
-0.047539276559259824
-0.07235990612361831
-0.020359584041000023
-0.04311401135654025
-0.020682641483121655
-0.04804227338604328
-0.0703591403871614
-0.06659123945185824
-0.07845032820291442
-0.08978404464966006
-0.08096047013353846
-0.041420722193913295
-0.022953767576624096
-0.03386365889399334
-0.054732029108568225
-0.07454676955069789
-0.07332953628489314
-0.05191771282749641
-0.054389325000452904
-0.0420104987452567
-0.05096382136201161
-0.0701861403454036
-0.05777995728076896
-0.06600707762393482
-0.06611508950017353
-0.06083115091811825
-0.03997123768273042
-0.022902997155202
-0.038370748414665645
-0.03348348775826998
-0.08756753321306693
-0.08732470027645739
-0.07651719634605925
-0.07842185781539773
-0.057338618862364854
-0.06499367379585258
-0.07739925053388125
-0.07156985438609453
-0.0504556228673016
-0.029075042755512648
-0.022597879863675674
-0.04615641917964175
-0.062279113501363004
-0.06865369961082418
-0.06857666736713713
-0.06323733378831192
-0.05872955358900922
-0.05773151403613752
-0.06165341435469751
-0.044839461026906
-0.06047047127821675
-0.03336491020853899
-0.06799717348328682
-0.04912333807769892
-0.061096068104518064
-0.05929499050851228
-0.03044530383498717
-0.008618958824899159
-0.03834156588467219
-0.06694878837447893
-0.07694437216238398
-0.06531308570458155
-0.05180114090028026
-0.07097214491377463
-0.08233405351694545
-0.08484698899755133
-0.0750920816754701
-0.08113823761313688
-0.08178222907548377
-0.06943398319705824
-0.07665517675250022
-0.04982335204689936
-0.0608323588204554
-0.07632292592185758
-0.03610522021354612
-0.0436970187912758
-0.0070323404758358965
-0.007157007087616851
-0.009845819687686608
-0.035377330477253
-0.06449634939840726
-0.06720066320179263
-0.053676797332987636
-0.006112692998367142
-0.05120939475686437
-0.04148260505552964
-0.04641643581348881
-0.05547081238236312
-0.0673709278258594
-0.040815638665018694
-0.04218027373027555
-0.03993201561429027
-0.04032738027725791
-0.008426124261262546
-0.03824844597503768
-0.05340711208857446
-0.052726886442414134
-0.03598764334189869
-0.06128244131253435
-0.050244689828704
-0.045077662109906325
-0.031368846000109585
-0.03463572760646555
-0.02876312316440688
-0.04468736743265456
-0.05573809914374095
-0.07303233162512357
-0.045280519133333474
-0.07349365101510708
-0.06557159779772681
-0.047456194549720276
-0.06010814464868064
-0.019462211222514236
-0.005363473819236075
-0.01426762821226324
-0.05713960479863833
-0.048395896250083836
-0.043666499566206995
-0.04597827848302927
-0.07613688942922026
-0.08421139830285568
-0.06895030209316955
-0.05859705230301471
-0.055684959134668754
-0.008954144302015632
-0.01801650641642788
0.020406093199536846
-0.004401188237949494
-0.014480108035007377
-0.053777346235115875
-0.058728001581267175
-0.061004556237712615
-0.06165417704753268
-0.06589926299713528
-0.06669909876448415
-0.07522687622738561
-0.06600635810759725
-0.06402095648526585
-0.06936029406481953
-0.054095587162793723
-0.054743272056768655
-0.06673800944335423
-0.05998027509037407
-0.053841186388590534
-0.05566108424140581
-0.07449039517746697
-0.08866806326590193
-0.08432411132664985
-0.08244129358296254
-0.07990655177335809
-0.08293830182461737
-0.07722480574968965
-0.07368483957915656
-0.06429614644210829
-0.04962198390798345
-0.0569619404565504
-0.07264819564642855
-0.07162936611203119
-0.08396721821532005
-0.07005609926166384
-0.04875886369148469
-0.01228141066408156
-0.07147309839259197
-0.03414510342380023
-0.05330957377977308
-0.05524475733062184
-0.030082981986140067
-0.025918510985788845
-0.030635457578311376
-0.05855816548901299
-0.061627740921339935
-0.06509038066221201
-0.06154948750308825
-0.057901391191411855
-0.040819375434146654
-0.008916172063935857
-0.024139006348245617
-0.020947238277146563
-0.07869077209195707
-0.07069284564803519
-0.08317309873903778
-0.08180726667476124
-0.0617894371813284
-0.03655208349305439
-0.052962501606214185
-0.04832532294394787
-0.06613016409864436
-0.07151639297329004
-0.0631773282867713
-0.06088246965452121
-0.03457777334918127
-0.04867473558265506
-0.04704143080277179
-0.06176562952415271
-0.03209061567782723
-0.045040776358632684
-0.03145526628458262
-0.03921558657180679
-0.0842147421039473
-0.07176531299436129
-0.08085399867562387
-0.07026411928279536
-0.0907923935031088
-0.07470092483252783
-0.05701964410743798
-0.06037736816032563
-0.051536294446270836
-0.05527564517401645
-0.06770327369309936
-0.0818185433785843
-0.07400179095364495
-0.08178694645031054
-0.07263286360191712
-0.06583103540170904
-0.03161726425926631
-0.0672691284707777
-0.032895266628519215
-0.06389703900734978
-0.06132348736770321
-0.051970976275122927
-0.08148404798422482
-0.08397851902724413
-0.06712334825788135
-0.08042957281206642
-0.06744054754501783
-0.06914611480480232
-0.07068554096872198
-0.08135145913961767
-0.0799669058278874
-0.06921832705808645
-0.04383465411410964
-0.014966487694284325
-0.027960478669669886
-0.04019961659192722
-0.05071999683060674
-0.061555590764588275
-0.060716870244765464
-0.04207527290123819
-0.04164500140094879
-0.053593291272909294
-0.03818594935101555
-0.04585313839716476
-0.038833901435333884
-0.048151929824916784
-0.08404082919082434
-0.05499971643393986
-0.08017670471626565
-0.0552594635377579
-0.044474172554809954
-0.0410307223209288
-0.04424718691321411
-0.02888330756554003
-0.07726061272280904
-0.04998540019760933
-0.05030527211360469
-0.03275453338875994
-0.02172871283048905
-0.05025630328706099
-0.07578130291906932
-0.07401142170560421
-0.07445530339406631
-0.07919792759901673
-0.013892318918906854
-0.06461844640751446
-0.062024338392861755
-0.06560965514220995
-0.0675463113202725
-0.05353757835016648
-0.08124295796032804
-0.03741738449223003
-0.018229808182520013
-0.00845128632887937
-0.08053200246701714
0.02722339077408259
-0.08200389518191814
-0.028117421858672498
-0.012314720145302549
0.01558609480080686
-0.028000880296593755
-0.03886522082463273
-0.05280223981579485
-0.041305578206616844
-0.06618180237859578
-0.04416298778335859
0.04148823042903671
-0.05672441915368259
-0.02523372167834631
-0.027065094479009455
-0.010550151487135562
0.005782855157793143
0.009134909714289818
-0.029242139891432872
-0.0494444386555557
-0.0740638913310594
-0.024331523940805955
0.04453938370845317
-0.0020241717282215577
-0.006387246095674648
-0.06465764186794037
-0.05258913333455534
-0.004733335055389143
0.004207575639130601
0.025725515217772776
-0.012823244556273206
-0.02310151251097803
-0.025408361275116864
0.028321552585894194
-0.014352917775658336
-0.04408696742800494
-0.06108135530693942
-0.06969096014851017
-0.07263901631310304
-0.0775650257642802
-0.08167002946561269
-0.05036600102714872
-0.047583929028281846
-0.0430638508747615
-0.06581855050902946
0.011659772128484958
-0.07621300346211446
-0.07592256435104239
-0.08661942159861913
-0.08587054869326227
-0.08045517657931706
-0.060611440531410266
-0.031137218958424917
-0.036675834592687306
-0.03129688249790119
-0.07271075028888996
-0.01567985682098111
-0.07124582917846622
-0.041906359235493906
-0.05915581889221111
-0.05833240049355082
-0.07233501122501051
-0.0750451979207214
-0.05628533019789911
-0.06694570416716655
-0.06157194159610008
-0.016157651121541605
-0.027564520935791315
0.015645459750085577
-0.008210939371415149
-0.0646908775741224
-0.05859125907311785
-0.04786367891033594
-0.067722514734332
-0.07208551957033216
-0.08594373389699406
-0.0469279514814539
-0.049424305418857506
-0.0027646623133125714
-0.06049234606343318
-0.062172979780691806
-0.053111241204643334
-0.06902735231216983
-0.0852006902506342
-0.08159896799864663
-0.07052697828435528
-0.06234587346181841
-0.0709274814674844
-0.05099080702806519
-0.023767928112759684
-0.037952197780561914
-0.05817926652495403
-0.07593581771412022
-0.05545737256094674
-0.05225176310964902
-0.03848855148657426
-0.056105967291064374
-0.0329885689153257
-0.006420684720144287
-0.017287840855751246
-0.04490486049895204
-0.0580285118004924
-0.08325296447224739
0.022254724779997515
0.02394010346448927
0.053480846125014136
-0.05579805158070278
-0.061969582283872504
-0.0891185213930068
-0.0630353889651829
-0.032194288878118094
-0.06829145943160764
-0.025792890162318727
-0.042144128516239776
-0.07536767404876715
-0.0629814100473956
-0.06532549228219814
-0.04510247240484805
-0.04094260370110647
-0.03724727738547695
-0.06785254451360717
-0.05254382124314916
-0.0734673684140324
-0.0571510747621462
-0.052301136565247264
-0.06177001655894909
-0.05715842668697779
-0.025675705543584393
-0.05464072286947569
-0.0579480987578439
-0.08276962250160402
-0.08478817359801155
-0.07303978948595186
-0.07974769267813964
-0.07879510360075587
-0.029046562123434372
-0.04700669748422165
-0.021993290789000586
-0.027826046942623306
-0.009817298949942987
-0.0429077248731336
-0.06425927778281548
-0.0699093577560615
-0.08669914917523802
-0.06385295393356594
-0.08432554039009699
-0.09193760123206196
-0.07418194734562944
-0.06194262174440135
-0.057138975139218284
0.040475957101588134
0.02896334697170644
0.042536198103430234
0.004326472890351096
-0.032822990172503064
-0.048517337543137695
-0.04319548700460324
-0.055902432351329245
-0.03831623833610165
-0.03283217705904046
-0.03701489932283619
-0.05158308221772828
0.01777755126177044
-0.008777610196141261
0.005889452749628266
-0.038887340743565424
-0.07938651293049148
-0.005320430749769844
-0.04572577879302531
-0.06119361584147914
-0.04166557683859373
-0.0068295720534569115
-0.024075136470409764
-0.02835163117015288
-0.051939931041203036
-0.0586825260329113
-0.08135160730779722
-0.07418110624686503
-0.028119343525843554
-0.01619537089173878
-0.007428564588208952
0.005737046778174215
0.0001365975539561748
-0.013679656058787626
-0.03600038534432787
-0.057966063426519665
-0.04503403840462922
-0.06480987292240153
-0.004235260393045059
-0.05001819051510559
-0.0059210557092677085
-0.03639402296220823
-0.02443286524281635
-0.002043241646668803
0.038318351401223416
0.01708581355528699
-0.01564977232966025
-0.007392328401003512
-0.054060422289279986
-0.055494161572895606
-0.07839000848776556
-0.06465656608048076
-0.06810667970430667
-0.06768812507705518
-0.005541951470580064
-0.007043624878197763
0.004712097984838404
-0.07319426556736142
-0.07361218519449653
-0.06894610145057012
-0.0640678163050789
-0.06458934063824451
-0.07164198707415731
-0.06108858821141927
-0.05710507901667217
-0.042521863029000795
-0.037486595272136214
-0.04900883165161796
0.0019296296694312765
-0.011955440790170024
-0.02229987259103372
-0.031694468332475634
-0.04414616316085335
-0.06101240875745606
-0.042550243226152196
-0.006376611481052119
-0.013610210036000436
-0.037505187035783705
-0.04496823596891791
-0.08319722946552838
-0.07131447648236677
-0.06699199141215595
-0.046715075044703125
-0.061577567393726274
-0.048959748269571834
-0.0630101192871031
-0.04644809697655655
-0.0504079602245312
-0.0675825618889837
-0.07829913470926891
-0.06644709106993357
-0.06630865247130513
-0.0038942713605046864
0.008149282678691638
-0.011463453280593727
-0.00040979266186852437
-0.025186561148102304
-0.02729087020611798
-0.030630063953306974
-0.06439213548113548
-0.07346713023577828
-0.06074760710890392
-0.02396490093023751
-0.045186896725126935
-0.05699133233592224
-0.015357536864173793
