548
2.19404
0.956436
1.71847
1.59464
0.888678
0.977644
1.64786
1.46394
1.13995
2.3933
2.22291
3.24717
2.28193
1.05073
1.12084
1.52691
1.57369
1.50481
1.49651
1.80024
1.52492
1.46263
1.66016
1.82051
0.851763
0.648582
1.47027
0.863019
0.557028
1.1439
0.467746
0.954471
0.771366
1.28229
1.28988
1.07035
0.913009
1.43231
0.910878
0.739807
0.470611
1.50093
0.8451
0.893002
1.10039
1.44448
2.01551
0.86957
1.07418
1.0316
0.879047
1.03372
0.459487
0.37935
0.694399
1.38195
1.00958
0.528827
0.941146
0.623843
1.94005
0.946892
0.522617
0.608208
2.00231
1.02911
1.21952
1.11031
0.277866
0.587578
0.246498
-0.142479
1.04826
0.0922312
0.426749
0.132159
0.314243
0.241765
0.323508
-0.18842
0.124389
0.78448
-0.05581
1.07858
-0.10914
0.699442
0.346349
-0.0602746
-0.199596
0.881312
-0.566378
-0.445354
3.08515
0.105156
0.344646
-0.321626
-0.518499
-0.000775653
0.036344
0.170385
-0.205751
0.201402
0.0559431
0.551005
1.64768
0.278907
-0.259331
3.02757
3.38827
2.93021
1.19715
2.08555
0.593525
0.663282
1.23406
0.772623
-0.0102575
0.032556
-0.0791537
-0.1883
-0.262865
0.982524
-0.058206
1.909
0.538446
0.444292
3.1556
2.15125
1.44957
1.26881
0.615317
1.24544
0.408542
1.26108
1.38456
0.650891
-0.226078
-0.299477
-0.412731
-0.530755
0.0358484
0.321299
-0.114823
-0.299046
-0.583463
0.940158
0.433614
-0.243423
-0.00360885
-0.677973
1.00861
-0.464196
-0.484923
-0.298275
0.356511
0.223713
1.35527
-0.195969
0.696959
-0.387253
1.0306
-0.00774425
0.0359716
-0.059185
0.371742
0.455078
1.7376
0.31765
0.210367
0.738233
1.7376
0.748774
1.45639
1.02087
1.48242
0.730404
1.30038
0.457774
0.843323
0.805561
1.34165
0.831562
0.544477
0.177757
0.473537
-0.162308
0.518986
2.30422
0.754267
3.06504
3.14073
1.77971
1.62478
1.0269
1.27449
1.32893
0.46451
0.577466
0.50868
1.11957
0.709993
1.45816
-0.0169105
-0.37945
-0.73391
-0.324149
-0.532457
1.29989
1.98761
0.320965
-0.0839408
0.229727
0.0276885
-0.495347
-0.556712
1.16238
3.31753
2.54934
3.44362
2.92482
1.89818
1.95902
0.540904
3.1335
1.03742
1.38245
0.655093
0.300398
1.5655
3.2078
3.1754
1.81121
1.78826
2.32852
2.07051
0.974087
0.281752
0.200444
0.402759
1.32923
0.424827
1.63109
-0.0481634
0.125405
0.563314
0.387582
-0.0242645
0.135679
0.203962
2.27309
1.27548
1.33634
1.24828
0.0269171
-0.342945
0.359668
1.28832
0.196368
-0.372631
-0.0840017
-0.142715
0.251871
0.718164
0.33765
0.457709
-0.229226
0.20127
-0.380822
-0.395403
0.678487
-0.221316
0.0320346
0.135407
1.68575
0.54044
0.51135
-0.400916
0.531836
0.389182
0.531458
1.32157
0.0305431
-0.0777701
0.0777745
-0.37099
-0.58568
0.472813
0.406257
0.205957
0.328862
0.432604
0.216206
0.580444
0.0264625
-0.0797596
0.382457
0.10242
0.72526
0.0687413
1.04872
-0.462069
-0.0302054
0.174686
0.0151695
-0.329324
-0.133384
-0.337112
0.0568583
0.627026
0.607955
-0.0503417
0.00218194
1.51072
1.39214
2.0937
2.17917
0.399944
-0.0350772
0.0106516
0.314692
-0.0119399
-0.138838
2.03368
1.34555
0.0746045
1.42501
0.232311
0.56249
-0.207607
0.0666582
0.593929
0.146776
-0.308598
0.910465
0.288217
0.453197
0.596535
-0.339233
-0.501408
-0.582639
-0.403316
-0.523166
-0.5817
0.369789
1.02143
0.182186
-0.138508
-0.26364
-0.222783
-0.0843112
-0.648987
0.595194
0.137254
0.305591
0.178409
0.23703
0.13616
0.245153
0.561968
-0.0469413
0.0578193
0.441917
0.00900835
3.53409
-0.298891
-0.421546
1.57272
0.920805
-0.401805
-0.586632
-0.488454
1.05513
-0.233408
0.463802
-0.137129
-0.170689
0.256606
0.414566
-0.0352669
0.624221
-0.331411
0.461728
0.301022
0.0343087
-0.178124
-0.0783338
0.835708
1.22134
2.03328
0.964083
0.420047
-0.20745
-0.154335
-0.0120573
0.435118
0.00312923
-0.302986
-0.132482
-0.131017
0.257548
0.134749
0.221794
1.93077
1.56203
1.39747
0.5822
1.21189
1.54883
0.773141
0.275608
0.258331
1.26731
1.03537
0.911866
0.779898
0.831089
0.557534
0.647511
1.1597
1.29741
1.12511
2.12629
0.730682
0.749633
0.897365
1.22938
0.710324
0.718583
0.590342
2.54669
1.24365
0.581907
-0.253974
0.118207
0.077058
0.269197
0.938649
0.831785
1.5175
0.955992
1.53298
0.186903
0.333577
0.458676
1.02501
-0.0181217
0.639056
0.228856
-0.281903
-0.197574
-0.131931
-0.144502
-0.0564035
-0.323242
1.4582
0.0209537
-0.00625368
-0.145543
-0.0383203
-0.316536
-0.333688
-0.336052
-0.314348
-0.0399491
3.46494
0.206668
0.168449
1.57992
0.307914
-0.267175
0.217576
0.658084
0.141344
0.461252
-0.419626
0.2373
1.33465
0.315662
0.0285842
0.462307
0.961254
3.12575
2.56874
3.11781
3.16769
3.12629
0.49366
0.764084
-0.487742
0.358225
-0.503917
0.593944
-0.223152
-0.514094
-0.195188
0.231934
0.411355
1.43213
1.65737
0.471948
0.508529
1.44423
2.0693
1.33051
0.114217
-0.323243
-0.333788
1.30761
-0.426985
-0.30174
-0.129267
-0.14622
-0.673484
-0.398132
-0.315624
-0.406807
-0.195446
-0.392101
-0.370147
-0.157236
-0.276367
0.450276
1.54291
-0.0179868
0.0631959
0.403324
-0.583418
1.39305
0.368704
-0.0453893
0.187023
-0.405256
0.401534
-0.492059
0.136294
0.27516
1.02276
0.321839
0.338965
0.419521
3.22958
3.15044
2.44397
3.11613
2.28052
3.40247
1.24477
3.3287
