546
-0.8544205493763273
-1.0889831025237837
1.7755946740215738
-0.019456600755692048
0.5488124169737862
1.1126753261943392
2.2496146304652425
0.291551347163286
-0.009926549961263837
1.7920298142305977
2.6921846788133843
2.023039524555747
-0.0895843599963802
0.9073175488738592
-1.1598256043333814
-1.1043088739676115
-0.8920744937780453
-0.497712546760087
-0.8591281629250083
-0.42826019226011725
0.0863153628870982
0.26139813372529247
0.11834745314250346
0.3379205784132529
0.15508288623155905
-0.10006262389316584
-0.595908704142513
-0.5362975828792379
-0.04053775079907374
0.5287587020638083
-0.21162776560341853
-0.43845385659389774
-0.6171121222820328
-1.0586550158582848
-0.5192995401832454
-0.8829802413447237
-0.052250358230484774
0.2704888691033856
-0.5927746638614697
-0.33767611044519497
0.09672186740042182
0.44080366299861273
-0.6337368240267998
-1.0034509889208343
-1.19283862572756
-1.0134130711028357
0.24342243673688851
-0.6845254754933046
-0.4180004583207787
-0.45014967696821145
-0.3508854553392217
-0.7921990732272087
-0.2597237840861766
-0.05442041604722051
-0.6118805347354382
-0.6834392474655412
-0.9243885935530644
0.6238790932077122
-0.8614494779466597
-1.0574527171359869
-0.1896548338301094
0.3980741029012066
0.6107851491206214
-0.3253101711464303
0.285069907658153
-0.14555836594899224
-0.5809855899435021
-0.8170319055453504
1.0614954427187449
-0.46808427402398756
0.18548000570838882
-0.17840901491182673
-0.48301811616788676
0.4380407238117649
0.8726829367750081
1.7434233824923877
2.6101605990370182
3.5788122752124742
1.5522024123824485
-0.13251929367385132
-0.5645047358011466
-0.9116812169987297
-1.1235360064115958
-0.7930221551721796
-0.31149680716886247
0.030702881891338532
-0.47210333209310706
-0.38407038940514854
0.06478660353367671
0.24432455278100482
-0.03924374596788343
0.3527820047621947
-0.4228890147973551
-1.298629850735195
-1.3360107158795966
-1.1892962874675643
-0.3843655533295905
0.07570101480422392
0.59738533117887
2.4146436219917025
2.3934349177400236
-0.8184927634862708
2.675997301706904
-0.2853695463296393
-0.16196939651404885
-0.9523233164139957
-1.0882567301910304
-1.1401464106034798
-0.8841567320241611
-0.12755662008868446
0.40414758199425743
0.16833151979247185
-1.130529992341777
-0.8844751221502992
0.024740834701754477
-0.608507903214807
-0.2819845161756079
-0.5375875760825151
-0.8592351232349261
-0.753534074388527
-0.5749319129379244
0.32018388721060864
0.46937705886135267
0.154793150798534
-0.7680170954107107
0.030760190439455253
-0.07096666169181819
0.023253128311322514
0.34640040829881474
3.1473371501895104
3.9323460590304147
2.787772574541658
-0.7584373008645567
-0.5660174919290384
-0.850676881913515
-0.36313018330682406
-1.0675662110854078
-0.9868219839918543
0.14049318838047692
0.9721070791786952
0.28615573642531594
-0.9253061556261802
-0.4811244981779353
1.1004897964773324
2.546068934042789
2.9382414383581295
-0.12732296265530793
0.5940622121079373
-0.4003091639489309
-0.9445094533665367
-1.2417608775804265
-0.898700344512271
-0.9242374433999335
-0.6191197326114719
-0.5310662797090572
-0.033794986101287096
-0.05252926488622271
-0.03387314674950576
-0.949107455009359
-1.04712063130664
-0.7750379764636395
-0.48823508631370616
-0.6347946930739008
-0.5689321654087292
-0.8779829179178013
1.4393783347599696
1.9462000977563452
1.715397311756374
0.8849610270452025
-0.6941470420848
-0.38845151067733114
-0.793622505538276
-0.22244420762772762
-0.7659774943250025
-0.7026323089601055
-0.9474425124854541
-0.3309344156688781
0.9566857916437433
0.7601821869107581
2.0760061585320417
0.7032688099079073
-0.829540437843806
-1.1518613018792443
-1.0188078985616034
0.8519656827988318
2.474305142428106
1.9400646460287048
-0.2603019781711671
-0.7101408128244692
-0.7415423487371885
2.23562904414469
-0.7399869670666035
-0.8105022752649353
-0.9023921854602418
-0.8418270977770125
-0.04598925235582234
0.7634800805401918
2.705576019670023
2.538143330618706
2.067785831893594
-0.4153748162525478
1.4271217292588003
-0.8622796969841083
-0.8673510822392234
-1.0355956311043946
-1.1875648041798732
-0.6903643526473221
-0.6295016890759532
-1.0146269409532125
-0.7429404350788273
-0.4399836248077255
1.356501485997851
-0.6774119377529364
1.7252204669200886
1.4574423999872452
0.602129635480514
0.4881523657634711
-0.1779772085534941
-0.3227421544262368
-0.1974326290680908
-0.17030258358857348
-0.8574489078457748
-0.6096739586711818
-0.9067239793434049
-0.8798690869196949
-0.44900113568382255
-1.282704215906547
-0.7627474237436903
-0.3064664074840163
0.5283091861741277
0.515615152697026
0.4331689075593084
-0.39282731060519643
-0.2892369605810566
0.3271733413831446
-0.894758514414225
0.4659330829346123
0.17753401012457276
-0.35703554255359266
-0.26862614572684174
-0.5665628353391674
-0.25072804106720625
-0.13957220464335454
1.0291518138128515
1.2967944876287842
0.6187890344878445
-0.5977612646344431
0.10909876638203309
-0.28720909522461635
-0.908300881670492
-1.199575780675027
-0.9316270644778177
-0.7924563202583331
-0.47405725721314923
-0.6463390311140156
-0.260644602731028
1.002658709898533
-0.2712542567642647
1.2583850757281547
0.08993634723233536
-0.5679360221758989
-0.8822044479865114
-0.7875799303450919
0.2594031231810684
1.7125895916576375
1.731934203109602
0.6907243609793471
0.44175821154613276
-0.8906979095515526
0.9145433549473367
0.21149103973719424
0.41884111777814265
-0.4885854907089035
-1.1938586622796241
-1.1980361710362746
-0.9265765456849159
-0.8411118825819052
-0.4323919672667555
-0.22770147319053427
-1.1692903970279096
-0.4745944057845864
-0.33710641585198353
-0.2032793796791667
1.5215648887350615
1.4679062978681034
2.0757858609992637
0.7935513800227069
0.7531856644756375
-0.532910924317545
-0.40137688937369875
-1.1762488774064666
-0.8916065468163297
-0.8058861853604168
1.296015115970267
1.9250363389113898
2.3653479264860975
-0.6089475792896507
-1.0251230152812678
-1.0219514970838823
-1.1827706690993811
-0.2777628964402495
-0.8919896874958166
-0.023162575201311465
-0.41254886766025545
-1.0309748614038785
-1.1548939203086552
-0.45825686521885284
-0.7307938749171577
-0.35014996963332484
-1.0077907141562414
-0.5220552052326235
1.323001030386491
-0.32344548582433513
2.089949109846973
2.2204690994902725
0.18276149041868786
-0.5012310625858264
-1.1128592054629038
-0.9661789735748904
-0.3109004049439008
0.2818374535454688
0.5739088446264126
0.737261989475039
0.7902615078604944
0.8272238880883521
0.9706618221812581
-0.1468413550958333
-0.6861095155994419
-1.0321445736581842
-0.8606050136234579
-0.7328892155537474
-0.07106826000417703
-0.1520039560383268
-0.323652859728898
-0.06296130676765455
1.4996465255964653
0.08689676910945962
0.04242462714480384
-0.4404194494185885
-0.7744023322337839
-0.5848389818761321
-0.27122641003444814
0.10745953794048349
-0.41149699200593176
-0.7235025991989705
-0.241281932725554
1.0785958516648466
-0.7127982644968511
-0.7272017309305698
-1.1325841923734528
-1.1872885173837024
-1.2920019785711332
-0.8894168443233312
-0.17708032730162712
-0.3020369107389942
0.0745637841503016
0.7145320452665821
-0.03477743146118514
0.6161736558240241
1.1114182773708057
2.8509590395271642
3.3261906693431667
1.8384108260693826
0.22626027391419093
-1.1146007847198054
0.18190307110656695
0.4200473001679495
0.7721231226759181
0.3499604973846441
-0.7240223352363586
-0.6369810230660705
-0.8728140660125868
-0.3292396821023973
-0.723365976454962
-0.4412744750537257
1.0858059098908428
0.6471694713587649
0.15672423475625166
-0.9292879843474872
0.033883547907786804
-1.1430957556171926
-0.7025561951874457
-0.3804973204955776
-0.03325254245126631
-0.3159725337106891
-0.7199843795601841
-0.6433463833890334
-0.6414337746682429
-0.3270514410321783
-0.57860271320986
0.2804898105478188
-0.2473899872635228
0.11521515999388957
2.228562106461555
2.296820689884016
1.3848580620350885
-0.1187259464615162
-0.7538984993265856
-0.712229838734853
-1.0505882835029905
-0.8537918206562468
0.12759026785391184
-0.44502587633997037
-0.3101582210980021
0.40571706381456385
0.3208928278457886
0.31854173968811733
0.7202724756258346
0.9292441490122789
0.43175778390967623
0.548371054570335
0.5814139363379016
0.09599033589695885
-0.564194586798925
-0.6371964697148966
-0.982915059145865
1.04328022035282
1.5188568722397413
1.2650250609066689
0.19591583445396457
0.34162463352670297
-1.0366231670429709
-1.0300089218507795
-0.5933014631460105
-0.4981978231486838
-0.11785974315772033
-0.2604864926293142
1.0936323728900177
0.5988053016944972
1.2637810862153647
0.04872743948670819
0.14192688210503798
-0.4085801412977642
-0.8563493248298311
-0.2851243191623438
-0.543983751078843
-1.1211696378375395
-0.724911604491227
-0.06740530320242445
-0.1525543324650782
-0.041786952602797314
-0.3400777641079008
-0.6320373305299987
-1.0196472118836843
-1.0490425621940993
0.8043112737617075
0.16360546546447938
-0.426997102939513
0.201007264480892
0.678380468202656
-0.10052936557902946
-0.7420965974372704
0.28688702069671435
1.124237342369022
0.5739339693092634
-0.4790874472576994
-1.044635693342545
0.6799751791607027
1.3402566457647738
1.4455482353722466
1.7309653079231553
-0.982638419693206
-0.9108715852573462
-0.8365048200573165
-0.7093367282756906
-0.7353045787166975
-0.8566421287281917
-0.868903051918828
0.4477772873349192
0.09825379416870429
0.49718923912061175
0.3759099171712403
-0.5006052275292664
-0.504001766663578
-0.10212754745700972
0.4083390407494417
0.050905239889566176
-0.10405647984508251
-0.07677193665372388
-0.1821006913464709
0.7310127581494914
2.264640973797323
1.9800157341032771
0.4488697085723976
-0.428428846966748
0.8020905433173804
1.8621629513099245
1.6683698382841317
-0.8219310093400994
-0.8969754168392229
-0.7881942681673759
-1.1311081520075874
-0.17439892826975847
-0.10422411657334368
1.1910666009560742
1.0910102849239323
1.0510735645930631
-0.7119750853172421
-0.19677279553312182
-0.4296903055348259
-0.6087240911987861
-0.7366345547972526
1.2810835385961794
-0.41145083465292426
-0.26209883160097325
-0.7690837925248868
-0.26602445452048873
-0.4625251003926511
-0.4644262847829773
-0.027376624513602562
-0.010573938427800312
-0.5605753442215774
-0.5610055581883227
0.34918489438795275
-0.9825543522943901
-0.44710994205465093
-0.3377907191418021
-0.09947590375891004
-0.13534026120815795
-0.3200240423846748
-0.520112493515256
-0.35469535274856273
-1.2037927202039178
-0.8944918420442256
0.22933852859293619
-0.8185778344035434
-0.5794961594972117
-0.4884828481634645
-0.6171730520975255
-0.514343305981605
3.5588656594856323
3.8353583814296774
4.117946451389075
-0.2841025105991246
-0.8566039187672122
0.42371132034077036
2.043328708516472
2.2027656484703697
2.184454025844741
-0.7097448958116929
-0.7437275550173841
-1.1070932011260297
-0.33556806263127137
-0.44158309829233866
0.4110371394925212
-0.5027119647847806
