548
0.339667
1.06393
0.000214567
2.12642
0.33516
0.0896095
-0.318698
-0.0291216
0.515955
0.437741
1.3851
0.731768
0.156848
0.375479
-0.162777
-0.115295
0.756834
-0.422158
-0.345076
-0.382952
0.0212809
0.203896
0.946808
1.48954
0.346252
0.514307
0.455839
0.305676
0.627011
-0.0770484
0.0749405
0.278625
0.890868
0.803559
0.262447
0.073497
0.461354
1.35123
0.223351
0.292119
0.25268
1.38531
0.579
0.299159
-0.0970278
0.762515
0.390136
-0.379984
-0.118064
0.66549
0.0595477
0.0758382
0.242828
-0.442103
-0.472956
-0.436931
0.511406
-0.196908
-0.369909
-0.0838803
-0.290524
0.0587068
-0.104834
2.01933
0.546151
3.19833
3.77174
1.36577
1.32033
0.448293
0.520923
-0.200691
-0.418901
0.611622
-0.46453
-0.189007
0.499023
0.609202
0.608643
0.558913
-0.00509556
0.46441
0.225023
0.970486
0.278557
0.424256
0.168283
0.884878
0.144361
2.93329
2.19332
1.61686
1.30178
0.440906
0.111138
0.551858
-0.202766
-0.412801
-0.151424
0.509198
0.236906
1.78674
1.49148
-0.242608
1.56012
-0.396402
-0.322873
-0.402502
-0.311918
0.172132
-0.0985212
0.00334573
0.207074
0.689566
1.9938
0.813243
0.662882
0.500722
0.721527
1.48373
0.325056
-0.274312
-0.182381
-0.100824
0.86971
0.145733
0.946483
-0.0495678
0.218159
1.2014
0.935035
0.657197
0.587676
0.286105
0.591968
0.541048
-0.0539406
0.103027
0.650983
1.77444
-0.0988573
0.0517086
0.483605
0.506652
0.203219
-0.362997
-0.383967
-0.465321
-0.332348
2.61083
0.0102261
0.491827
-0.436682
-0.373257
0.327988
0.237266
-0.449453
-0.238904
-0.156716
0.305615
0.00559083
-0.372524
-0.110852
0.584543
0.638116
0.642074
1.45047
-0.0632977
0.053444
0.143151
-0.401193
-0.715826
0.192373
0.015234
0.603321
-0.168959
0.140085
-0.0204939
0.424116
0.428568
0.464683
0.35323
1.12134
0.924498
2.18683
2.23124
1.42637
1.47545
1.12568
1.14612
0.342597
1.21163
0.415025
3.33442
0.951221
1.40218
2.56487
1.72299
2.24897
0.901102
0.739469
-0.209683
0.199328
0.432178
0.592162
1.49648
1.26915
1.43529
0.691629
1.39275
1.41895
0.978946
1.54346
2.3309
0.125968
0.677946
0.995055
-0.551729
-0.290686
0.0850944
-0.472969
0.101349
-0.378932
-0.285687
-0.447747
0.214208
-0.325223
-0.401706
0.822906
2.18009
2.97331
0.681155
-0.108327
0.634455
0.572279
0.556994
1.36789
0.53255
0.485925
0.360688
0.457695
0.492493
0.138413
-0.0381725
1.77358
0.559168
-0.326551
-0.531133
-0.0170033
0.23579
0.625986
0.339762
-0.305163
0.130123
-0.570916
0.732266
0.279083
0.265641
0.357017
-0.0656294
2.38067
-0.0300976
-0.689842
0.159863
0.0580079
-0.306167
0.00203087
1.28214
-0.158901
1.09838
-0.160702
0.120821
2.34112
3.06931
0.614281
2.3259
0.0784014
1.05301
-0.400307
-0.318037
1.45851
-0.221919
0.268431
-0.225637
0.26853
0.1587
0.491823
-0.334528
-0.29116
0.0724383
1.1543
4.50927
0.128437
-0.00508872
-0.270443
0.444229
0.0763236
-0.23308
-0.140721
1.80195
0.947538
-0.368024
0.507926
-0.127744
0.0203256
-0.223862
1.57911
-0.0987025
0.556858
-0.334472
0.586264
0.826068
1.12901
-0.344796
0.16505
0.0655777
-0.13297
0.0450569
-0.581736
-0.411773
-0.597088
0.581115
0.771948
-0.161678
0.46514
-0.360532
0.86574
0.406607
0.0274411
0.766844
-0.0170804
0.0349443
0.28664
0.751007
0.056982
1.30802
0.847805
-0.0315307
1.65108
2.63566
1.47492
0.681567
1.00895
1.2145
2.74586
0.466166
0.321264
0.349926
0.451726
0.709201
0.39787
-0.00300772
-0.416252
0.0744191
0.562061
0.606495
0.62965
0.488826
2.50511
0.160836
-0.358273
0.0235719
1.33028
1.2889
0.59829
0.340274
1.5504
0.420387
-0.460126
0.279371
0.18854
0.26468
-0.294111
-0.479287
0.258204
2.46142
1.75613
1.92359
-0.0638328
-0.545644
-0.302711
0.456701
-0.264099
0.53155
0.459659
0.920329
-0.0432731
-0.152054
1.07984
-0.295481
-0.102504
0.296032
1.32597
0.492857
0.472683
0.65699
1.02833
-0.0859835
0.684434
2.38854
2.27788
1.31619
0.0405461
-0.040335
0.0506425
0.131834
-0.275835
1.14264
-0.363772
1.42799
0.565986
0.307714
1.58421
-0.447817
-0.165528
-0.316441
-0.596084
-0.436293
0.510341
1.10667
1.99257
5.29791
0.140783
1.01867
0.330131
0.0834959
-0.434953
-0.466535
-0.116922
-0.00677764
0.70135
0.656115
0.696622
0.732496
1.60598
0.907868
0.311374
0.269413
-0.174063
0.288735
0.329475
1.31588
0.243191
-0.336798
0.390928
0.450862
0.576885
-0.138546
0.560529
-0.394992
0.542718
-0.376193
-0.504855
-0.24682
0.817845
0.632195
1.43068
-0.178423
0.446872
1.17647
1.34714
1.40952
2.36523
2.85089
0.537164
0.517438
0.713208
2.17721
0.0675377
-0.214459
0.578899
0.808854
-0.404284
-0.293851
0.594966
-0.411069
-0.302566
-0.562122
0.313827
-0.196596
-0.176197
0.909173
1.47115
0.94115
0.419981
2.19593
0.733559
2.22621
0.775092
0.320281
-0.0173199
-0.383434
-0.169452
-0.145336
1.41204
0.886699
2.70663
1.34374
0.451091
3.35994
2.97524
0.702624
2.17161
1.0874
-0.226769
-0.189497
0.569346
1.64992
1.10121
-0.0166484
-0.339644
0.743687
-0.197739
-0.527658
-0.336808
-0.14664
0.493254
-0.00989105
0.567012
0.352065
0.0938777
2.20151
3.81714
1.31313
-0.0524956
2.80067
0.310975
-0.0429394
-0.711089
-0.355278
1.20046
1.96593
1.39963
0.377037
0.29437
1.19879
2.27981
0.709304
0.277398
0.208714
1.13114
1.27348
2.97509
2.69959
2.23108
3.59985
0.190966
1.42401
