546
0.0689112
-0.413498
-0.239324
0.321306
0.366672
0.340356
-0.370591
-0.0808715
0.0505269
0.317231
0.382863
-0.459494
0.222921
-0.282305
0.273673
0.0660859
0.694116
0.689246
0.558474
0.0381798
-0.559049
0.0842522
0.212652
1.24636
-0.40179
1.59393
1.5355
1.42636
0.395189
-0.0950023
-0.2916
-0.400034
-0.436828
-0.39991
-0.401694
-0.408146
-0.526568
1.80746
1.6983
1.66546
-0.585031
-0.266335
0.145046
0.49803
0.454805
-0.0957596
-0.639116
0.462563
0.327161
0.785153
0.154109
-0.109293
-0.0531643
-0.0292467
-0.377492
-0.225642
-0.645795
-0.525397
-0.665328
-0.76777
-0.654011
-0.563469
-0.203137
-0.224302
-0.32653
-0.448484
-0.238309
-0.152306
-0.759129
-0.500822
0.0538185
0.148427
0.453644
0.617575
0.615465
0.238091
-0.751218
-0.79464
-0.682587
-0.676534
-0.770268
-0.89029
-0.880616
0.154895
0.0415852
0.38328
0.305484
1.08943
1.91996
2.67434
-0.67473
3.01912
2.73446
2.09269
0.824633
0.97175
0.91508
0.49474
0.432237
0.104936
-0.151577
-0.677262
-0.360678
-0.391532
1.66363
1.4084
1.30138
-0.611403
-0.400281
-0.636451
-0.226525
-0.48402
-0.270652
-0.705314
-0.472088
-0.687308
0.0186762
0.428645
0.157374
-0.159653
-0.67368
-0.649651
-0.731135
-0.413282
-0.410062
-0.528412
-0.353554
-0.494999
1.71745
1.42044
1.32829
-0.637065
0.150282
0.0846578
-0.0629156
-0.345255
-0.534978
-0.4135
-0.340224
-0.518223
-0.494105
-0.589759
0.726912
1.60256
1.7784
1.3311
-0.360021
0.913832
0.250819
0.423709
0.30218
-0.725207
-0.608156
-0.69365
-0.512169
0.0630403
0.87709
-0.481512
2.44068
2.69905
2.74472
2.84229
1.96723
1.92513
0.784184
1.22556
0.988104
0.567421
-0.802516
-0.204588
0.166353
0.395257
0.496101
0.153946
2.26379
2.19838
2.07868
0.391386
0.0600653
0.169457
-0.140697
-0.347123
0.109495
0.126057
-0.00573298
0.542702
0.728929
0.502432
-0.395805
-0.406611
0.208094
-0.417821
0.1872
0.378856
0.030542
0.175207
0.635196
0.74527
0.317029
1.26324
1.39478
-0.0516041
0.961247
-0.195437
-0.352415
-0.485518
-0.723308
0.0369442
0.00339871
-0.0671878
0.0494657
2.51605
-0.870374
2.49446
2.23096
0.564538
0.590204
0.511956
0.218128
0.0735986
-0.285228
-0.237518
0.257653
0.347303
-0.814201
0.422147
0.898305
2.77081
3.03385
2.9174
2.02555
0.835242
0.332563
0.0777799
0.511981
1.042
0.341766
0.642463
0.209985
0.459845
0.0955385
0.402166
1.03445
0.896772
0.671813
-0.290304
1.19306
0.574971
0.770116
0.540274
0.147239
-0.325122
-0.00955805
0.164964
1.05321
0.806981
0.610324
1.00042
-0.334165
-0.441963
-0.296742
1.94783
2.02972
1.7818
-0.315435
0.170722
0.355158
0.170318
0.466731
-0.164772
-0.419934
0.648137
0.924748
0.438863
-0.749486
0.102938
0.227618
1.28989
1.1242
-0.329412
0.99031
0.337504
-0.71153
-0.40703
-0.40638
-0.428479
0.623773
0.643108
0.4067
0.224839
-0.439177
0.0578379
1.34302
1.3068
1.16304
0.855541
0.587075
0.502061
0.328598
0.58012
2.80026
-0.56259
2.78825
2.63605
-0.0631358
0.316967
0.064732
-0.0390908
-0.309194
-0.344735
-0.319465
-0.307208
-0.44023
-0.59376
-0.187091
-0.33853
-0.190554
-0.487769
-0.3675
-0.237027
-0.356026
-0.189403
-0.603646
2.15406
0.529863
1.32229
1.36508
1.34355
1.1473
0.920998
0.41552
0.142151
0.188209
1.7755
0.403898
1.98814
1.61596
1.50982
0.388528
-0.204265
-0.250239
0.152644
0.599821
0.628213
0.156231
-0.0606312
1.8205
-0.343106
-0.469929
2.07926
2.07142
1.89296
-0.394009
-0.320789
-0.537856
-0.807649
3.6674
0.500578
3.34151
3.29131
-0.157504
-0.540014
-0.45464
-0.425175
0.677197
3.62745
3.44677
3.38848
0.91647
1.42979
-0.138079
-0.224639
-0.400218
-0.133552
-0.0771694
0.217857
0.422323
0.837356
1.10662
0.865532
0.964033
0.122276
0.268342
-0.231064
-0.00231014
0.251781
0.0977271
0.169207
-0.321031
-0.575479
0.411991
-0.766269
-0.730181
0.120265
0.398954
0.630917
1.27428
1.13884
0.719852
1.03741
2.39278
-0.686012
2.3449
2.00604
0.920212
0.715364
0.603392
1.65298
1.61864
1.42954
-0.11066
0.959238
-0.572466
0.881463
0.651597
0.0735676
0.146245
0.843379
0.983326
0.748832
0.501302
-0.025151
0.196983
-0.567582
0.529836
1.09219
2.02456
3.15957
2.99611
3.02874
0.771572
0.561411
-0.372626
0.29402
-0.372166
0.791882
0.438347
0.31979
0.0384337
0.363774
0.442697
0.649185
0.412775
0.288773
0.224088
0.0570382
0.628491
2.18546
2.15668
2.13356
0.83241
1.04435
1.63402
1.46968
1.29845
0.35731
0.505614
1.01308
0.0198778
0.422217
-0.0205063
0.82615
0.936695
1.01634
1.58032
1.85746
1.63419
1.97488
2.38138
2.8007
2.86154
2.65296
1.58454
1.5674
1.53365
0.801755
0.110333
0.640178
0.679829
2.16785
0.833665
0.457727
-0.0322564
2.23987
2.73937
2.53544
2.25213
0.632557
0.556157
-0.459349
1.84456
-0.305877
-0.103042
0.646411
3.66166
3.43766
3.48011
-0.185455
-0.275088
0.0155335
0.342507
0.698823
0.211954
0.263229
-0.377086
-0.553497
-0.334486
-0.308066
0.210577
0.336874
0.809179
0.408549
-0.0832309
1.83814
-0.503022
-0.0181332
-0.130877
1.10341
0.992011
0.847173
1.69329
1.40305
1.43014
0.214692
1.57055
0.0821751
0.276186
0.157406
-0.0995679
-0.478832
-0.503384
-0.526783
-0.293271
-0.193035
-0.111782
1.53618
2.31002
2.51574
2.33037
1.63911
0.385483
0.365008
0.651877
0.509436
-0.243596
-0.397992
