546
0.0648714
-0.286838
-0.237919
0.350287
0.411884
0.373815
-0.26433
-0.204416
0.0329664
0.54459
0.432727
-0.369363
0.344954
-0.290524
0.27393
0.136654
0.667569
0.798144
0.645657
0.103937
-0.525609
0.0717606
0.230943
1.08873
-0.539635
1.61277
1.57261
1.32199
0.45514
0.0518572
-0.313897
-0.300574
-0.466093
-0.456505
-0.384131
-0.486308
-0.341036
1.70996
1.91714
1.64514
-0.501557
-0.309454
0.0141279
0.66596
0.544454
-0.12492
-0.452896
0.454386
0.536265
0.773218
0.314283
-0.0322155
0.100628
0.0182309
-0.215453
-0.374226
-0.587539
-0.565099
-0.644435
-0.721764
-0.585279
-0.673897
-0.173912
-0.122507
-0.424046
-0.434566
-0.200419
-0.167471
-0.758343
-0.530013
0.0346233
0.197626
0.337099
0.545092
0.711056
0.286488
-0.686574
-0.791918
-0.701367
-0.662194
-0.707083
-0.816845
-0.739025
0.132518
0.163646
0.249833
0.376781
0.933499
1.74155
2.66471
-0.685038
2.95296
2.74041
2.0956
0.800873
0.982605
0.950083
0.577514
0.218078
0.150983
-0.0961729
-0.721026
-0.435134
-0.502158
1.52984
1.66242
1.41643
-0.684349
-0.54036
-0.424851
-0.306668
-0.357756
-0.325246
-0.63262
-0.388594
-0.688774
-0.0293326
0.401897
0.231468
-0.211791
-0.826276
-0.714609
-0.83659
-0.546431
-0.515314
-0.490603
-0.485097
-0.402602
1.62141
1.72573
1.32938
-0.652943
0.0369628
0.193307
-0.0434534
-0.280979
-0.569649
-0.372185
-0.33506
-0.408174
-0.604969
-0.638359
0.778088
1.55867
1.81754
1.42478
-0.237354
0.98341
0.175056
0.478643
0.150686
-0.75587
-0.715304
-0.641181
-0.575833
0.0127414
0.783093
-0.376843
2.38387
2.78344
2.67511
2.59415
1.91528
1.81695
0.888472
1.11605
1.03698
0.591542
-0.810964
-0.266779
0.11858
0.418263
0.417258
0.209307
2.14714
2.3462
2.09163
0.391131
0.116024
0.112475
-0.257403
-0.380623
0.0990296
0.0634428
-0.161307
0.460433
0.803899
0.424645
-0.462846
-0.275892
0.270938
-0.460738
0.203791
0.438591
0.0398117
0.0683638
0.696038
0.750482
0.265023
1.24987
1.44727
-0.0436509
0.930274
-0.239425
-0.24582
-0.572336
-0.765966
-0.00855151
0.125393
-0.184637
0.0782167
2.4427
-0.753179
2.61783
2.23438
0.540168
0.475863
0.364422
0.279234
0.0409402
-0.257057
-0.278831
0.273042
0.23543
-0.869611
0.371446
0.83449
2.70247
3.15755
3.03654
1.96066
0.728542
0.352617
0.152611
0.293922
0.919358
0.368512
0.59982
0.28013
0.399082
0.172639
0.306943
0.985741
1.00168
0.699962
-0.433107
1.31616
0.617064
0.813043
0.696248
0.206435
-0.25282
-0.0326898
0.301499
1.17285
1.05075
0.48027
1.11199
-0.333715
-0.403893
-0.394192
1.86102
2.1599
1.74664
-0.382011
0.117593
0.448315
0.341802
0.505
-0.130183
-0.432593
0.650345
0.875656
0.450041
-0.654974
0.101479
0.365682
1.09795
1.21104
-0.468048
0.986437
0.257417
-0.659668
-0.440791
-0.363905
-0.334868
0.5653
0.69762
0.439088
0.196314
-0.483364
0.187621
1.22655
1.47482
1.26381
0.743811
0.689071
0.610006
0.347219
0.532289
2.74014
-0.407503
2.95878
2.57181
-0.0674974
0.215293
0.270097
-0.0230096
-0.40857
-0.396153
-0.275028
-0.301551
-0.428826
-0.314109
-0.150916
-0.269475
-0.209043
-0.281605
-0.434816
-0.28828
-0.0457654
-0.300521
-0.565459
2.07405
0.398191
1.41529
1.40169
1.07936
1.07369
0.978361
0.456417
0.227744
0.240834
1.55533
0.38593
2.20893
1.76705
1.5428
0.314223
-0.0768039
-0.27243
0.195299
0.624487
0.559638
0.198317
-0.00925395
1.85338
-0.371098
-0.391597
2.07457
2.25535
1.94113
-0.0818882
-0.243164
-0.522327
-0.730228
3.49085
0.473902
3.60546
3.19916
-0.215105
-0.633813
-0.596948
-0.350495
0.603317
3.45923
3.74352
3.36477
0.796007
1.3714
-0.0460245
-0.273891
-0.308124
-0.0701113
-0.112978
0.330161
0.489976
0.783206
1.20394
0.969343
0.995066
0.288286
0.27528
-0.246468
-0.0582712
0.148967
0.314542
0.222413
-0.299502
-0.495245
0.388634
-0.687594
-0.662205
0.121751
0.408807
0.723733
1.30766
1.12486
0.876377
1.05385
2.39113
-0.698536
2.44143
1.9718
0.809429
0.705316
0.658437
1.59872
1.758
1.44738
-0.0835779
0.903545
-0.600202
0.986994
0.676385
0.00320692
0.175759
0.718023
0.99616
0.844622
0.548921
0.0575592
0.208725
-0.524024
0.449231
1.10816
1.91029
3.17975
3.23289
2.99188
0.860537
0.549294
-0.396692
0.376097
-0.414827
0.83139
0.46704
0.169085
-0.0155291
0.226152
0.362081
0.517897
0.340315
0.216732
0.199514
0.110996
0.584904
2.20292
2.29563
1.99688
0.867017
0.805178
1.61295
1.59707
1.36082
0.351549
0.474819
1.0459
0.101982
0.280701
0.10818
0.631846
1.004
1.00791
1.33611
1.7651
1.67102
1.86262
2.35767
2.74535
2.99252
2.64078
1.33756
1.68218
1.48212
0.825609
0.212204
0.468496
0.636063
2.31649
0.808838
0.495373
0.0349039
2.14686
2.75899
2.67969
2.15516
0.705094
0.4974
-0.44577
1.86941
-0.305436
-0.146774
0.562857
3.52308
3.70733
3.3279
-0.128845
-0.311499
0.0257972
0.23175
0.68681
0.104158
0.356085
-0.378448
-0.511761
-0.385094
-0.357383
0.186038
0.329363
0.818806
0.453268
-0.156847
1.69404
-0.411452
-0.142399
-0.0945573
1.15872
1.11937
0.888896
1.52478
1.65225
1.46505
0.218668
1.70818
-0.0182854
0.246299
0.193641
-0.113399
-0.499595
-0.413167
-0.527643
-0.523947
-0.13629
-0.126275
1.48613
2.17646
2.67312
2.38655
1.58492
0.390405
0.339303
0.721812
0.382394
-0.335169
-0.46761
