182
-0.4075266471168982
-0.399058200367653
-0.06254894467004896
-0.4185872625040426
-0.39960698747469553
-0.4301618257471525
-0.3660539194203081
-0.3842358000789709
-0.43285679390576304
-0.3101392512594869
0.3168451577246212
-0.19664768861317708
-0.030131941983539884
0.321709489978319
4.0434493063239385
-0.27955816063330796
-0.24381846132548368
-0.4099915970240556
-0.2859905735092985
-0.31212179157286746
0.06037398689288175
-0.2510894328559462
-0.4026077576955315
1.3439069874394123
-0.3022276189450023
-0.39805926217508447
0.3693720441686782
0.3121396441891886
-0.24971189706746566
-0.4444086262157475
-0.294472782372933
-0.3985581106525698
-0.2064851119999553
-0.46395211190946495
-0.007937181142232073
0.1193989693089579
1.5105601629147947
-0.1369875691922733
-0.36666844143132815
-0.06256313701035437
-0.25952165323091253
1.0992064132128763
0.2754647438037666
-0.22062109109815234
-0.39867774116669674
-0.3715999532284892
-0.06193884482483597
-0.21061393279694804
-0.42106600686320333
0.07758847463201156
-0.07214882608534236
-0.42229706360350655
-0.2111374339256118
-0.0019455368626081775
-0.3316834818715535
-0.34852199043876614
0.5502707163178051
-0.4357746183729583
0.042395797712120306
-0.24192077811817536
3.3661613872262803
-0.3058203758435599
-0.04036252886058242
-0.2818967259915034
-0.10561065925519456
0.12461086886753761
-0.40421276492373137
-0.4629608307364756
-0.2008470202565683
-0.2851687397492453
-0.14819711093435597
0.09782194404654872
-0.23500288432813557
0.01160999037673223
0.08116419533524312
-0.39964349287472595
-0.2133762025591747
-0.1939288058128139
0.0004112128644388956
-0.4375557975490815
-0.02289932331990945
-0.41334385909249116
0.18541944619029654
-0.19895129488745256
-0.3110034107397639
11.052958524319303
1.0403092203871678
0.46706005750195534
0.4205628797518173
0.9072855350556237
-0.37882939947368405
-0.0734779223217599
-0.23593035611254162
-0.051263396509194724
-0.22246912809147035
-0.29265278515258647
-0.44183462213140273
-0.2557247301225103
-0.4140635106139164
-0.4177446966009494
0.21379359122954184
0.7033139589626133
-0.3179487786751801
-0.3604923807405439
-0.00763520576876571
-0.44279368032189287
-0.0557398196921043
-0.4106092763113806
-0.4085651519691679
-0.35417080060105754
-0.028997907237744678
-0.19805036152615177
-0.30961607270214536
-0.43297761409248464
-0.327875746063022
-0.3546495587215962
-0.29657867226428425
-0.42493714232669316
-0.14897620866411376
-0.036114097629632476
-0.2909745662716877
-0.11187137668142795
-0.30796870113203056
0.5481927543943714
-0.027876474623073168
1.2340924209157742
-0.3709966670973535
-0.44032753301883304
-0.43724543153813294
-0.32631331351761417
-0.06150115955016073
0.03814365808039859
-0.0807032982900933
-0.12949405368996872
0.011960869699528821
-0.19583717042831125
-0.182858592681096
-0.45566262474038255
1.8320314902703871
-0.3976555047640912
0.024793951050630637
-0.3750520911322059
0.2670988807101243
-0.40226122631431105
-0.35832745621741774
-0.3516917192590367
-0.24706382173928698
0.6009311453980416
-0.28783143694466823
0.25883363844860274
-0.14115913686312273
0.44369683979648983
-0.10665717287807158
0.6785173202396572
-0.24190380921750348
-0.47135511603395025
-0.3396156338156858
-0.24245575464448518
-0.21863710670809347
0.03316246604285368
-0.07770212192990686
-0.4397690898275337
-0.16241854956579344
-0.2430799638887838
-0.19866016758770733
-0.2791809908107524
0.202368248983676
-0.1706316220351515
-0.4421674354958444
-0.4018963724207421
-0.31514295436125284
-0.03476303411183282
1.9949665834202732
-0.288905905341444
-0.19986631326350576
-0.022545695536758194
-0.28566299546558493
0.05453006763349774
-0.15619222301217645
0.24293720612901798
-0.1492517509450871
-0.38655242204274165
