182
-0.59298914776569
-1.0090027323636743
-0.6266758551421808
-0.6667205331478999
-0.03755383905644329
0.7154709165771591
0.116502747278988
-0.32834748209167586
-0.14321541641676597
1.6031249732192296
-0.32998844793455256
-0.7247286037596313
-0.6469148214439123
-0.30233521141648145
1.2710551463779907
-0.7729146152240001
0.5354487324490124
0.6200850645347958
0.007843627639073512
-1.1190414814075662
-0.6120927383774779
-0.40790644236280105
1.3553623069594942
0.24310529234595385
-1.1368172656612396
-0.5246134433831341
1.3020865906331527
-0.6681307282672343
-0.490808832482384
-1.1069309758611907
-0.8388916641227384
-0.6459330593437167
2.1008990632941082
-0.9216342773377297
0.19594414177607816
0.5141087017904561
0.5764987614588046
-0.68068753064672
-0.8582179015250548
-0.32858234347160925
-0.126463268133954
0.08247247770875216
-0.6575170782525512
-0.7106025405067994
-1.186935822209188
-0.33719765403669427
0.06612652163979833
1.172717236464628
3.083077028584476
-1.1392004082156104
0.9732214193507299
-0.5527707966756426
-0.26301940713741556
-0.0422849609856564
-1.0328310404898242
-0.6472701110960787
-0.597948897888994
0.1312265396921025
-0.007020256944469959
2.0311045131462837
-0.7367989863329143
-1.147317075140903
0.142036369951914
1.0938552835626245
0.28890754127863993
-0.9897055236270348
1.400502471873476
0.3405913924333013
-0.3235668950075047
-0.8060995240587867
1.392063218083067
0.14165320883316834
-0.4850726995628444
-0.2648914025654342
0.0014552036310710183
-0.9709037819268234
0.22716776912209857
-1.0064967025536782
0.7226506319425475
0.5280170852275581
1.5317560463121298
-0.9710166194679428
-0.7421765477293637
-1.029074159591537
0.5696319385773813
-0.10795108772821825
-0.25090716869078267
2.1923001409149956
-0.3887637904755319
1.6272218780907703
-1.0491983557470854
-1.1294193602114293
1.0013586844841766
0.060010335301560566
1.226378569122047
-0.27160122094171013
-0.47624757265677536
-0.38199162274584164
-0.6120261477615682
-0.05832791026536476
-0.07933338821341662
-1.1431007761422751
-0.6002370708685769
-0.25716008573757876
3.892543962443462
0.4564573942061989
2.146214587808294
-0.48521514926288595
-0.3444200241693358
-0.4069646392046759
1.572590086785606
0.18772739072239658
1.5676682802391904
-1.0076986239223225
-0.4437475680227117
-0.00783029556018597
0.6650721311166641
-0.12608460947356046
0.48577648313550315
-0.14342400304565914
-0.7018089361293408
-0.6009618884791116
-0.07830532185591565
-1.2451104051469293
-0.7425120726799993
-0.8112400524287209
-0.6636364183109679
0.601613478424026
-0.9371833915957164
0.6285490697611679
0.16552460178569386
-0.7355235552474094
-0.02834519754251908
1.4310293400583913
2.6159600072987157
-0.9254788877736787
-0.4296507566056063
-0.1048454578224688
0.033852229595116426
0.7607770419011041
-1.3910358249267765
-0.24940577792865046
2.5070632875030325
0.006626266732153871
-1.195523389263811
1.003043372172989
-0.6335146335227643
-0.9934732155165671
0.15509167363950913
-1.0844380739012491
0.2916983344031978
0.5083812148084553
2.201883256859854
-1.0472931412495656
0.45168830985354136
-1.0647310984384184
2.534489618822454
-0.2350349045265282
-1.2331132682111405
-0.3973680707017213
-0.14866756429368325
-0.8625823550812864
-0.8051013044779128
-0.4319254701502412
2.5169424380814247
-0.740715652471982
-0.707373820241117
0.507168633402796
-1.0271713383272862
1.5597281078167438
-0.10268428570578199
0.9859568809373618
-0.2401656028296301
-0.9353486003017402
3.0414197513140464
-0.27641908350043787
-0.9408858889892728
-0.9186659929052637
-0.44810477582363434
1.2439707591393225
-0.3166408056034446
-0.41205326092517425
