546
-0.44426490227557064
-0.16509195168735
-0.10040623787659271
-0.13108030872471169
-0.37109202825929244
0.2201148178743376
-0.07122499295962499
-0.1835427196110248
-0.3304696357195496
-0.2482186544265634
0.13442331650407263
0.4627400326835073
-0.21678230740880697
-0.40686475310016784
0.3082400297331472
0.45859239674960445
3.515509867435064
3.5178834414829976
0.19494662542127067
-0.5234689511186126
-0.4797124802445624
-0.6354664018765317
-0.04819088362965588
0.451127477766004
-0.07955351361585611
0.039635032417846924
0.16826084032227032
0.2887445928273341
-0.10514709070573068
-0.2447948270488243
1.4645251734765568
2.1528100333411113
2.8972919248971714
-0.691365921733661
-0.3934658560249961
-0.12038324960999405
-0.028713902823198287
0.1243634357079906
-0.2817005020526288
1.0565523067354605
1.7485604382336062
0.5396469102201199
-0.6771918681739328
-0.7043765479747198
0.5236280023398159
0.5945336492900083
-0.3942354198561581
-0.40289885794293817
-0.2853824329914894
-0.3674981528775642
-0.25464733274266604
-0.3060887281684846
-0.3382856904606273
-0.27521714018418825
0.09931580057358172
0.386168939104353
3.4066467947626142
-0.4530498365662856
3.254315433099348
3.2623633840828483
0.9800606812006775
-0.08422710066439473
0.10333483185459492
-0.12116880264226061
-0.3570320828052367
-0.41761847084497344
-0.4851588272908103
-0.5006785205842866
-0.37570737611331656
-0.38262144065285886
0.07100788024370823
-0.5091291201414471
-0.5787418267068168
-0.4990084358912454
-0.0477776549143702
-0.01942857800051781
-0.40986213611261607
-0.4201574269686981
-0.3113545128823992
-0.05685215070244803
-0.3256498965970028
-0.7068464382427547
-0.6526950943135024
-0.7382713076906221
-0.732996133801834
-0.7162220136082055
-0.5320799556786416
-0.23901439528826438
-0.5794364811151801
-0.41927935808093797
0.08129941465523276
-0.7367331456661946
-0.7768462263089161
-0.5668917586265131
-0.44166365893046633
-0.2975573769705864
-0.21779299927013435
1.0864556495322397
1.0205521429616167
0.08463743278133264
-0.439955829196522
0.18436662795556222
-0.5004206601019269
-0.277927524258541
-0.6776026461909731
-0.3788349179543892
-0.15481445862670581
-0.471192758382383
-0.48905354249120947
-0.2825207372716792
-0.593072838793584
-0.7851447059217999
-0.23299215126537282
-0.5924170407560854
-0.7047293346109611
-0.5410497776969535
-0.6347878602274445
-0.18605460032685467
-0.11676153813045308
-0.4403989714364954
-0.7076236992152317
-0.5145975902521873
-0.034208789920139024
0.12483805795268352
-0.6192248073497211
-0.31620010300869794
0.42643300118174793
0.8579634661671116
2.9255346080515676
3.857564247957573
0.1704733595743966
-0.7282101061285948
-0.43271077746314873
-0.010591388985336436
-0.24782838391317982
-0.5212011224656617
-0.523959242725941
-0.5997130179075641
-0.6427334201707277
-0.6900440887430351
-0.3186971694930928
-0.09997888717574628
-0.3866027791469736
-0.615814014414443
-0.4981394271074276
-0.4994384266867685
3.211730520851619
-0.45198340284538974
-0.6309898391775718
-0.042027336481906895
-0.1654405209763387
-0.5899621838268894
-0.6832787089050512
-0.6595715614181348
0.19047393524055675
0.6881260047133767
-0.3807710101964247
2.1996728159135577
-0.44594479309692026
-0.19438286772812377
0.7259750798122281
0.02783875697501516
-0.06310776170748089
0.21521073110211436
0.7302551922440917
0.4318807065539729
-0.15955263427879307
-0.4315224297203474
2.2700330605646863
-0.5324723771180206
-0.31820392819990645
0.983008817562716
0.9607438941426902
0.7743236308051334
-0.3699180418828471
-0.539127337842489
-0.49049035275079245
-0.24019615618583515
-0.5918795674053857
-0.3221714750236583
-0.3648204058744677
0.018059945855656893
-0.17878651421844655
-0.2267823951192734
-0.07562192785266852
-0.5885102169188984
0.02860643096953242
0.013960575135207112
-0.3319146407805903
-0.22881340038587586
-0.4604517337767265
-0.45474294005172383
-0.022441805128868942
-0.16144150946722724
1.0679495245484782
1.6037815606822943
1.1993011041540191
0.7954994982834952
-0.5959025165837
-0.5287650017563351
-0.42733807709630595
-0.41459434892811087
-0.44065121154171
-0.26682000088387425
-0.33443511044990054
-0.36708813725392
2.6972199061025073
2.5072924979541096
2.871859689692809
-0.16385860040469793
-0.20443612295894426
-0.02189344914959749
-0.6662225423702153
-0.1660128016093318
-0.11285161334025885
-0.28029156884654016
-0.3691119113984714
-0.39313629961260754
-0.26957810537418203
-0.4759804277997165
-0.4116808304242541
-0.15890579254727724
-0.28207693797462835
-0.45221543163675526
-0.6468077570138859
-0.6423505468647887
-0.5208970656070286
-0.5035656605124995
-0.7067894906757304
-0.02065809903819814
0.3790930317810522
0.389460545786938
-0.6451048392539388
-0.7358081441407901
-0.7169152872990484
-0.5385176448640702
-0.5684841841193
-0.44243598818867674
-0.2330027654259716
0.8548728230953492
0.9183385772999708
0.8651086197791124
-0.2678505513844818
-0.39752921894310445
-0.21910585147014314
0.022430108786823423
-0.4351108682894941
-0.18014335282859992
-0.18583270351362563
0.30863606985714087
-0.3407265319243195
-0.7405758770625426
-0.5329735165586176
-0.2223381139668811
-0.12736082501421678
-0.5862232638369023
-0.6207064886491634
-0.5452426331916969
-0.6609397840500368
0.09809146455534361
0.02739708401028504
-0.3856254133649486
-0.6812951002576572
-0.6798478305031266
0.2911707959132033
0.4307419261396085
0.6476289993966153
1.8191612349953064
-0.333934659385108
-0.026607483162782834
-0.3755877005618278
-0.296612232826125
-0.1415991977023762
-0.3430304633629004
-0.5023824490822674
-0.09030743086579107
0.19977261762034068
1.3683715488459562
0.3859657098926821
-0.4060045387022537
-0.3387626579946933
-0.3578837833854064
-0.5629254360034174
-0.4760670277326507
-0.6881867764524014
0.3386322941725095
1.1643567451766417
-0.16192055747979842
-0.23257943077171916
-0.5872698827960716
-0.4645846474796739
-0.0315831460586178
-0.10887390928371753
-0.30790708736051703
-0.20525394556632762
-0.3464780871618367
-0.7694116173696407
-0.5804113277958859
-0.3774058394245394
-0.6718815319969423
0.036984873749043634
-0.4057577953436129
0.17353295776611138
0.3648377369311022
-0.4416076733413888
0.8760742129308308
0.843272693474211
0.2249484084602139
-0.29865827619350066
0.014049169249311834
0.6271884278162825
1.2128384897013946
-0.4713758742784982
0.731267573676554
0.6101257104997967
0.3279734813069696
1.1598736324937569
-0.48780519860807486
-0.45186673308734693
-0.4634818307351861
-0.1669044228987881
-0.543321026931787
-0.7115826348519417
0.3266114972148745
-0.22666856613480713
-0.3821789123866638
-0.5923729433674123
-0.636149622737208
-0.643390960770785
-0.6967201949724267
-0.6823084127572375
-0.6407185637847713
-0.575429498309698
0.007268715812740033
-0.5492532622403021
0.7480573412184212
-0.010353478923087904
-0.6343498096809376
-0.6819338196961839
0.07822997356242163
0.3990995266102892
-0.10661759229570844
0.22500593646415726
-0.15052422719560915
0.003745928402709169
-0.27241596016023556
1.0350562373010226
0.42273714267053597
-0.072249773029795
0.09781118895102699
0.6294162426377553
0.15435318973051068
-0.11369619633827051
-0.6872026560948002
-0.3880236039201644
-0.2426611434104459
-0.26122256223751983
-0.027747030209262502
1.2969270683649072
1.3228730750000761
0.3618877893175887
-0.5963095352604608
-0.5770579034090018
-0.5021140658614044
-0.39009542284682486
-0.2682736446382541
-0.44945718813532454
-0.6021251442587395
-0.019630647921832157
-0.15859201713627621
-0.06473656415711403
-0.3810714577453012
-0.6105034826646953
-0.10348064557154799
0.034655656244157396
1.4982728354923298
0.2286057588062753
-0.3163564175744267
0.4358909248792032
0.054248011112651956
0.32342343258776807
0.09641492920220375
-0.54877838894801
0.21059247352126437
0.6355869563454364
-0.570205169678583
-0.4173071814396643
-0.42774876283991753
0.7201959114975552
0.2942952380945266
-0.19586313159414828
0.003679219490115551
-0.6065232176032046
-0.05908787952016747
0.07077506255246124
-0.46730162953152843
-0.6524557639863607
-0.7275527693784791
-0.7887050870086271
-0.8137989790304437
-0.13592715862865634
-0.42586360912535354
-0.23299195319370455
-0.5766594875911983
-0.0793810465946471
0.3056252299236912
0.9298379598447662
0.8918124836651555
0.5589906072268384
0.6014596360531237
0.09385285364284991
0.27223863111827257
-0.6010607238610689
0.4481207579084454
-0.264648515563325
-0.07811234075183075
-0.5083864541663037
-0.7293423016778707
-0.7157053115659521
-0.7639551501548936
-0.5387058442516928
-0.22581147602479967
0.1558057239196722
-0.6313330328036247
-0.5744598053304503
-0.5953787777561868
-0.4880485323004434
-0.15586681441495698
0.49229364159801403
3.671739350067801
2.959751658889937
3.0783533151667517
1.4000785603995058
-0.21869873886204577
-0.4071113218978758
-0.3330337080129261
-0.3202887181856656
-0.25031214489289544
0.14481731783986376
0.1386614659675982
0.2552310135660858
-0.7088810426559148
-0.8286292794452047
-0.7858504713955033
-0.7127797070648374
-0.4057124576403522
-0.6443883876151176
-0.7209803788391437
-0.812510070382769
-0.4770585346415294
-0.08255617763545783
0.3391006378907005
6.63895685454832
3.078116944444646
0.2932673972640322
-0.3883577785136191
-0.6391021224715228
-0.7513168000909619
-0.7394545818308867
-0.0837587523077492
-0.30526945608437445
-0.735320877895527
-0.6775712569131899
-0.604856631255803
-0.5134147908482825
-0.4440651107459896
-0.47101534240037546
-0.5625032067216723
-0.49550648386320034
-0.6986270453819504
-0.599292517325603
0.17424885117209668
0.2071436524693003
0.6345311166902053
-0.5927298986947165
-0.43154934166968256
0.17085001576302034
-0.05503387538000406
-0.6948561503569577
-0.028994408774639272
-0.7278347232500351
-0.0686139003128734
-0.30802142997207343
-0.5293783033949189
-0.5484522415637979
-0.6321371127168881
-0.6695494369788179
-0.6954907592414351
-0.6281112493885576
-0.6257048618764741
-0.5886902382865342
-0.6075697049249433
-0.6187146853876676
-0.6240667946396762
-0.7162911985617979
-0.6930743787926372
0.14837152375669185
-0.41593682132251
-0.03894633467505787
0.025852793173581752
-0.4961059232532792
-0.5219613576046782
-0.46573244687156007
0.47080478232972783
1.131187647401614
0.3478997673219081
-0.43035261367183214
-0.4773059908555276
-0.5941130451856119
-0.4248662833432095
-0.7216974671867901
-0.31874046919165977
0.4482068243567562
-0.5992182719799549
0.6003187150932024
-0.41473165264001516
-0.4964759718000855
-0.5535788494557442
-0.6423171322237037
-0.6740447229572587
-0.6000996107512272
-0.5372174642992416
-0.5234325338806259
-0.5938305297112484
-0.26210244568944024
0.1236272409396492
0.36633370842044977
0.22218849786376568
0.4346707489515964
0.5948084206650983
-0.5215175032949415
0.9831147124650989
8.224947870037528
6.5543688063627545
7.493279865697932
-0.21353959785495544
2.678364616889721
2.1790098102927167
1.3269327937085909
-0.09452724898965705
-0.6738682415642688
-0.5085023771509776
-0.3082704965634651
-0.6164761598929797
-0.701144816645656
0.36271881124252303
