548
0.0796398
-0.0900048
-0.00912123
0.265402
-0.39761
-0.134968
-0.427838
0.105545
-0.281906
0.930786
-0.194696
0.444858
-0.135536
-0.150313
0.552427
-0.0393514
0.74192
0.0565092
-0.203995
0.143089
0.224426
0.00819025
-0.345952
-0.463028
-0.175031
0.511424
0.05505
-0.170524
1.91523
1.05684
0.31657
-0.0379447
-0.22803
0.0470536
-0.205878
-0.136986
1.49132
0.378215
0.530684
0.669624
0.111073
2.22869
-0.0344024
-0.531688
0.631977
0.0312252
-0.185641
-0.113793
-0.672524
-0.528573
-0.116476
3.41062
2.15655
1.65211
0.602613
-0.384622
0.390567
0.246087
-0.512774
-0.0903539
-0.621555
-0.402843
-0.416496
0.676974
1.20208
-0.125812
0.629681
-0.137394
-0.255345
-0.0414778
-0.0420007
-0.133324
-0.31385
-0.0311776
-0.153781
0.181497
0.481245
0.756747
-0.00010826
0.107234
0.35316
0.278995
0.702183
-0.414006
-0.158556
0.100948
-0.264145
-0.272955
-0.199692
0.11443
-0.219779
-0.278759
5.18136
0.523561
-0.178692
0.181091
-0.0734048
-0.394861
3.15038
3.31285
0.430253
-0.450172
0.611239
0.615393
0.489138
-0.511985
-0.108681
-0.314047
1.86702
0.139089
0.565115
-0.0881112
0.405824
1.01387
0.239475
1.01633
1.49692
-0.0510805
-0.233478
0.536203
0.379516
-0.362979
0.00847333
-0.481834
0.21978
0.293143
0.787092
-0.381708
0.0935079
-0.0249601
0.171129
0.276519
0.345649
0.0558379
0.0244776
0.0617758
0.123308
2.92875
0.62222
0.279846
0.595811
0.433957
1.08385
0.47943
-0.614317
1.96061
-0.0172344
0.510183
-0.363991
-0.0153796
0.646757
-0.0798937
-0.356913
0.0735816
0.240145
-0.367011
0.584051
0.0106311
-0.323539
-0.467823
-0.572531
-0.22699
0.0446738
0.147469
0.325515
0.386506
2.18278
-0.0425358
-0.255761
-0.391841
-0.239563
-0.425863
-0.318163
-0.00877024
-0.338428
-0.419216
0.374432
0.0118702
0.876398
0.0692974
0.294252
0.96366
0.496153
-0.251431
-0.646062
-0.791219
0.483312
1.75111
0.173471
-0.265549
1.48271
0.195723
-0.333465
-0.0204665
0.123255
-0.553985
-0.554591
-0.303163
0.046933
-0.277081
0.0775768
0.427158
0.411559
0.522233
-0.0555705
1.09021
-0.249292
-0.446745
0.111844
-0.568823
-0.154131
-0.104454
-0.179219
0.187705
0.255968
2.76949
0.597253
0.0750177
-0.00104193
1.27386
0.323746
0.436466
0.0451384
0.315056
0.168183
0.0771053
-0.336391
0.118128
1.31222
2.22062
2.22655
0.124963
0.526362
0.464428
0.142823
-0.226529
0.124603
0.00691138
0.204202
0.0661818
0.230272
-0.0693628
0.341945
0.383854
0.617911
-0.280659
0.21176
0.20312
0.653224
0.41
0.0610955
-0.447611
-0.153225
-0.0881923
1.04544
0.136094
-0.41103
-0.364564
0.136174
0.034541
0.393971
0.457765
-0.186685
-0.0841275
-0.0262499
1.01023
0.0811083
-0.193047
-0.121647
0.538761
3.63651
3.37486
0.566946
0.776638
-0.187901
-0.548537
-0.257937
-0.455509
-0.63047
0.597888
3.15727
0.390972
0.823625
0.966124
-0.293035
-0.537779
0.286488
-0.459567
-0.0444524
-0.340609
0.152904
2.2714
0.575795
0.214592
-0.472146
1.80975
1.98174
-0.431311
-0.476712
0.427242
0.572069
0.646808
0.669911
0.0571418
1.95176
-0.229575
-0.472368
-0.0548078
0.0304344
0.494828
-0.299812
0.0653288
-0.452145
-0.594787
-0.337948
-0.518123
-0.136429
0.429848
-0.331768
0.313489
-0.0676733
-0.213205
0.634354
0.531635
2.13288
0.895785
0.553655
-0.333601
0.658
-0.188139
0.465623
0.400996
-0.146906
0.580428
1.98034
0.0877741
0.172177
0.206107
-0.344421
0.448624
1.1894
0.0554067
0.603957
2.17944
2.26531
1.44063
0.158272
-0.403856
-0.106753
-0.142381
-0.398792
-0.0751996
0.0319251
0.0843495
0.287201
0.175279
0.453679
0.303897
2.80254
0.867412
0.845259
1.14781
1.09169
2.35053
1.24136
2.36702
1.41798
1.01499
1.35807
1.01441
0.971051
1.05914
1.29159
1.03992
1.02161
1.04843
1.67936
1.24921
1.18801
1.48411
1.26309
1.77462
1.70666
2.08809
2.50349
2.4884
2.24357
2.51576
2.6524
2.31047
2.21689
2.00948
1.50954
0.78212
0.805738
0.638992
0.692805
0.82051
0.986743
0.924623
0.616001
0.783154
0.78571
0.471637
0.847975
0.857682
0.781823
1.87002
2.33404
1.16367
0.152389
0.226689
2.7867
0.601609
0.113438
0.117564
-0.166616
0.572067
2.19286
0.229937
2.90995
4.55705
1.01033
0.736177
0.164654
2.18088
1.34466
2.17828
0.231062
0.229627
0.814386
0.20109
0.512905
0.0760016
0.529352
0.97035
0.914884
0.558203
1.48534
0.049134
0.159879
0.319093
0.142327
-0.0708618
0.40828
0.624678
0.50683
0.0530349
0.994385
0.417271
2.72212
0.783752
0.169211
0.477672
0.810922
0.671638
0.659891
0.27644
-0.00869489
-0.0896044
2.79771
0.725743
0.0268601
0.0141014
-0.0371683
-0.162529
0.209582
1.67244
1.96289
-0.23873
0.10162
1.00039
0.291854
0.214206
0.0674529
0.0645127
0.800966
0.193792
0.485551
0.535874
0.759583
1.52387
2.76725
1.34912
2.21919
5.05975
0.901828
2.62954
0.984719
1.03802
0.287313
0.617698
0.682481
0.634768
1.18068
1.46916
1.13083
0.591112
0.689054
0.244862
0.805389
0.170795
0.656485
0.595567
1.35782
0.561514
0.7074
1.17231
0.76411
0.527401
0.322292
2.17547
0.496987
0.340362
0.223789
0.416996
0.381409
0.749731
0.597497
0.884309
2.59383
2.14441
1.51679
0.430581
0.644957
0.569418
0.928646
2.19586
2.194
0.803092
2.9576
1.60057
1.97438
1.23408
1.54604
0.34537
1.96577
1.52528
1.03628
0.565497
1.75441
1.1902
0.727636
0.707078
2.21272
4.94755
1.28667
1.52407
