546
0.591039942419931
0.47094051382366964
1.0175599830338644
-0.2775402069717007
-0.5318582558117594
-0.7080809836529207
-0.4021650857169887
-0.21208823642193433
0.41951901021311727
0.45955596737306637
1.1466065136113257
0.22674015007541803
0.01683767576878824
0.211124848990004
-0.42732124238779867
-0.6407792553574413
-0.2290384126874548
-0.06835135986658679
-0.28789657225396814
0.10395569772733754
0.11926043342514932
-0.22833774201251555
-0.32450787270732384
-0.7009244496286964
-1.0379932468110018
-0.8312274961252761
-0.7388566338451823
-0.850037217767664
-0.5355616042895094
-0.2696496065710934
-0.12392877555197504
-0.0903047535574888
-0.23161847988288775
-0.16499092901087253
-0.5858211847369174
-1.0798564741983865
-0.2060409987915799
0.37127940283216
0.43732517071980653
-0.7521347212781485
-1.3536145449655288
-1.1622291915409635
-0.29261402515188817
-0.43374694165039507
-0.8525989318966736
-0.9038689489430303
-1.281271697231627
1.124797979062339
1.397675558946194
1.8358257648644885
0.302406520122969
0.6645853792315082
-0.781135731722287
-0.509941358613194
-0.1720199767568723
0.6902992448055014
1.2307872016813701
3.026635664981811
1.0589503411968693
-0.3222727756569017
-0.2744345065959025
0.16277546487141145
-0.23099257738985485
-0.3054712442612869
-0.5107846812755308
-0.29897098403009853
-0.11262839198580733
-0.6527724511880384
3.274855623469298
-0.7240588878107569
-1.1697958609425123
0.022413267794159645
1.0718942389503578
2.0458202177195273
0.433776634471383
-0.5760537066532352
0.20540503079150685
0.4226898257256865
0.15803075257165075
3.687972352814418
-0.395697988292626
-0.798772312687267
-1.2941854520095044
-0.8176242362477977
-0.6015869701490226
-0.7075556127127574
0.23217136849722195
0.8382421010125419
2.2493366552590333
1.235310164759053
-0.4152416910084279
-0.10351558670283914
0.0296041247187546
-0.654783444057767
-0.6563590064427349
0.950368891523898
2.936120151515622
2.2251657019276423
1.6448581996045217
-0.4335884839946721
0.06115691938461812
-0.1633033164108586
-0.27816953601578875
-0.02451405615727493
0.6463773296193855
0.352909151519247
0.5908285321985549
-0.0683894329096622
0.39367867715822163
-0.5329976733319702
-0.22087292384178944
0.6128782532700703
0.1689389678296495
-0.4285755905602907
0.5709183236500983
-0.8584481787955908
-0.3887449870565737
-0.489375911570238
0.27601421598684994
0.6751105729328046
0.7284956031035881
0.08094237422082147
-0.815626542776811
-0.34728116844370144
0.2497049119476141
0.11869676077682727
0.5839548230473426
0.4552105814232222
-0.2966009753409727
1.097680856019732
2.0414731055153275
0.9536378079082872
0.01010329477736181
-0.765951678144472
-0.564953401961781
0.8031148139781632
-0.7114283100751475
-1.164113999428172
-0.6140732488458367
-0.885076133642602
-0.8621562539684414
-1.0952611302729833
0.7888949264411096
2.5716778698047498
1.8355243158450096
0.5508217892562998
0.8907885006403734
-0.6794755884741167
0.29356018269817297
-0.5935075389674274
-0.6057917079392292
-1.2474314959461708
-0.7879317881264206
-0.3498125001834005
-0.40102754564227777
-0.508383931915182
-0.46594642018618165
-0.17585237596172684
-0.9056449894829952
-1.0644393494090985
-1.405909871455803
0.014203409426877695
-0.004498756838404156
0.06410905856014344
-1.2156890090325403
-0.09766652521471221
0.45959881364392824
0.28383287690064096
-0.8351234812174213
-0.496426691786317
-0.5875341189371562
-0.7904928095223143
-0.9385124139046112
-0.9092151012221801
-0.7728398119183029
-0.000406668642609986
0.6339333796984256
0.04927895688328156
-0.646313780443285
-1.0786262182202992
-1.2030043222430653
-0.9079374512310864
-0.19753220535685437
1.5301955402833998
3.9588410476020655
3.946231407166534
2.1459351560870332
-0.699279831192132
-1.2438466850164545
-1.1960991389868874
-0.6241772151176844
-0.6681007428098045
-0.850195944216353
-0.8101566757957811
-1.1045317067386091
-0.7848423224925858
-0.8200287739872119
-0.8658893947095883
-0.4653717963194745
1.0752852958976558
1.6685520245403818
-0.25735830724535974
1.3146017008437247
-0.11504182484281905
-0.8882328400547642
-1.1309526154595464
-0.658145686144616
0.348440014549902
0.5259183430325332
-0.06684768775695507
-1.0531776344868637
1.45353689275497
-0.23899288677927555
2.880709106377474
1.951655512059359
-0.7745060384607814
-0.5254763962011628
-0.2749909748011566
-0.467040623658422
-0.8097544672713723
-1.340120951532854
-1.2157570540059495
-0.5960771508257616
2.1825667446497174
-0.32290755237465224
-0.6292906988767889
-0.30985487128662276
-0.6484664416863286
-1.0123165507266132
-0.7004115964176458
-0.5582948295740604
-0.22884575992593992
-0.24954212159950953
0.0927259581175854
-0.9804500060054198
-0.9353842575672067
-0.8596202205506563
-0.04310980169286797
0.5642414202149286
-0.14174095437724854
-0.5523962362543847
-0.328109396111067
-0.3285958926014919
-0.9054562717282261
-1.3012594701422437
-0.8995960187413249
-0.7479134721459771
-0.48411067793096074
-0.42708345095854233
-0.05991325745161379
-0.4928067681261973
0.7812045009755817
0.5120197042333844
-0.21893424698263134
0.7760327973633877
1.1401227296519687
0.6885205913825704
0.17809175894565604
-0.8264227032149021
-1.1537124120655091
-0.8562406511794127
-0.30196640945382275
-0.1535114655598231
0.4536427558669268
-0.06644958444272485
0.4517572127211753
1.0392909781344482
0.47485448402753944
0.006868399908772667
0.4180258294477061
-0.9130521391101636
-0.16590286897523884
0.043121853111128296
1.4015836615523425
1.3577088158499984
1.5441099684925
0.31289996930370273
-0.8463884488583396
-0.40603426026580103
0.5690589055179969
-0.9097770365550042
-0.8242477084668394
-0.8946504799250826
-0.5082856780803767
-0.4885866702665705
-1.012683600871624
1.881590257744402
3.078416658136479
2.327677726087638
-0.6279630843836731
0.9501507080238161
-0.942960784375804
-0.7925146413743915
-0.3787003800449855
-0.6749240462016364
-0.5728969306882647
-0.043374918796439656
-0.2483013901882975
0.7550001380027881
0.5380118436662996
-0.18821936990900054
1.113410589365631
0.04273130565458172
1.239166606940022
1.2180513689011327
0.836250161694644
0.6164486482991738
-0.560946850043641
-0.44445827793689285
-0.604959378334025
0.19151047364099094
-0.17597340500591307
0.6033576536995601
0.05020221216956253
-0.8739073997328645
-0.6077276055635488
-0.47052251495947334
-0.29380802328415323
0.4590502715097673
0.7618786856738692
1.4419031629136425
0.7258262896923979
1.348725364242098
0.7547005425334344
1.6483191869077816
2.049331508622177
0.8960766972973528
0.568085709206146
-0.47561605634668713
-0.5706744217720546
-0.9922958115841269
-0.540874853618439
-1.1106349563221616
-1.1081719622649568
2.926965520324886
0.7299504358893135
-0.8409675642208742
-0.5581841327261591
-0.7753356813559988
-1.1908007952949253
-0.4667639519346656
0.7029597677385312
2.356398298734214
2.1384063727666724
1.7231428364728365
0.31468367033935
0.8739145459352233
0.5196722228833558
0.37657224236574277
-0.25205086137220556
-0.7821073858513029
-0.8176852173867918
-0.9089117876021403
-0.8006478419658074
-1.145855280810795
-1.2027561920589476
0.39941304339103845
1.4591761135078072
1.9733015074794857
1.3798894522234357
0.3890586192054444
0.17372280154290104
-0.22511949927234232
-1.2487495062079705
-1.1171812765192004
-1.050782798822248
-0.6359499229015741
-0.9614316614392437
0.8621871547520334
-0.9083016188308243
-0.373191288427087
1.197896788787301
1.2655666770455918
0.5457400290189348
-0.053033565842972134
0.0746592788574248
0.6393368140444714
0.025483751699869488
-0.8735753991662751
0.1895806052409166
-1.366577826252527
-0.3144419855644267
-0.3721483626433063
-0.7971445305513974
-1.1084574268516338
-0.6720717139299142
1.2115148208217699
1.1048505744534582
0.44376568043109954
-0.6077447060137786
-0.9473811841919069
-0.8651272960250111
-0.7040865046582475
0.026739312326124608
0.14014015398974763
1.9347994273691882
1.1801363612957563
0.6946524716988851
-0.18961297308786715
-1.2335567065580162
-0.5560094489007412
-0.9411763577132265
-0.7743273262279036
-0.6575673540465339
0.36160801767779016
0.4164013301701888
-0.34402621206908224
-1.0181698108939168
-1.0497552599393996
-1.1004751899658005
-0.4378229651985096
0.21887513771706432
-1.0987206959177667
0.662277492607768
0.7894939493554075
0.7921638965645448
-0.38274483161224776
-0.5684071315063587
-0.9317270765591764
-0.9997232162430297
-0.8872215934371313
-0.9457623236400016
-0.4951576651485906
-0.870591309832831
-0.8084097146278697
-0.3941645028645708
-0.2811696790378801
1.7381605369243627
2.1015081890940155
1.8509561129822232
0.44890551618735997
-0.13892622865791077
-0.7723135369923264
-1.1494746823853421
-0.8213701805532339
-1.0984747800394996
-1.528430104050193
-1.0446180201015196
-0.6200157482097558
-0.2984973578382902
0.09565125725668859
0.5821691702929797
0.7700091089092271
-0.37919809316938896
-0.6664700141223516
2.2444125859476096
0.15461709874394974
-1.0140459783140916
-0.4151371033997059
-0.09877831013187735
-0.20125020158365176
-1.1441539420526528
-0.906071070772819
-0.39412407832858387
-0.6312986371142485
-0.24928915888456965
-0.23282241966292963
0.011022746882230244
-0.15489884989694463
1.1730273659803536
1.7550111546820095
1.9724892599278192
1.0521518499600016
1.9275407641230864
-0.24006506775647912
-0.814212228988151
-1.1765114168353554
-1.092347785337355
-0.21792881705660536
-0.8436319660301536
-0.8928109473514451
3.092305420566239
3.992494945990461
3.226661900878114
-0.4231633355662544
-0.7449336230660271
-1.1305340253386083
-0.5849129645244913
-1.0158050385551207
-0.4628613033595672
-0.8436595958081806
-0.8338967082776806
-1.1945591732031504
-1.1831583642702792
-0.17337767328742365
-0.27184002329426415
-0.11989555329865015
-0.7800214105501656
-0.10283877738154096
0.40463610477195905
-0.4808314848734124
-0.507786745283964
-0.39279767955909467
-0.42116708447583434
1.6134304403302309
1.7123690204430428
0.9632485221431709
-0.8947209741879146
-0.5967953588686089
-0.2797946487411148
0.16943482094924991
-0.6094772356565994
-0.3525807651256839
0.4060781333710631
0.5126741264219066
-0.02186596288013423
-1.3590189290212593
-1.4286873152572697
-0.749537162546374
-0.3709272414706897
0.7818338615044911
1.7309619203332092
1.6782130618431874
-1.051589588632128
1.2634099422685163
0.3452839290383335
0.10179394236665334
-0.454342908416614
0.04235389336572483
0.01595190513613663
0.616022808718958
0.6358530516250525
2.2747751459223844
2.706797591146159
-0.3390979121140701
2.384615519882584
0.7703321017339435
0.5442783097814525
-0.5629375929349558
-0.9234832699056641
-0.8922221295881791
-0.6250210855718042
-1.1662192260605424
-1.2199784836167864
-0.3213077127287958
0.9435337157485588
1.2864282039572068
1.28091089069609
1.0119934084493716
-0.2040934271012515
-0.6041931512459618
0.10415200061334237
0.06302623854798398
-0.6693675576791208
-0.8448138570351379
-0.6275021295219413
