539
0.14656991987530155
0.5267210615368736
0.27577544105265017
0.853966596852214
0.7314344028341948
1.1331230423196779
1.084874910008036
0.8888857496042697
0.914889197656556
-0.014377798257921572
0.8685399833810892
0.2442942725246681
-0.3906680531121887
-0.14729114015385328
0.08051354346618689
-0.45807445998331514
-0.765024637079221
-0.4325938877898445
-0.756699226253834
-1.1936918997916597
-1.3520275981213266
-1.1544408543470903
-1.1149656286261973
-1.137657046991511
0.17460398128935756
-0.961158343371832
-1.690894261987569
-1.2844506208099915
-0.6559635727456634
-0.38436155658022925
-0.2762565171621663
0.056004854417933334
-0.35704684626658895
-0.33673377432104157
-0.22377006230545446
-0.537522865008348
-0.5028595310472334
-0.06771895174078599
0.15976965779319502
-0.25516957008508545
-0.8658772264290895
-0.5422294226430281
-0.7748717198848043
-0.6159269627441964
-0.9041156041539884
-0.9042850680716567
0.01583760148417203
-1.1819781322412417
-0.9730619176052647
-0.5883870788710353
-0.5971677140030163
-0.166824574452787
-0.09618196098787954
0.32132922034481465
0.015689408180927154
0.9302498117799627
0.4157811101377018
-0.6711649561844145
0.638221428123824
0.16733518583887877
0.3539896144218198
-0.24679083768616594
-0.11442722096218808
-0.948348003369889
-0.9158547341908874
-0.19301006667589274
0.35616044340780717
-0.0033475142432533916
-0.40709883507983025
0.8201885089629474
1.2022162001681322
0.7502516992644462
0.7571666793871266
0.9951100841147387
0.4706953980366556
0.6506498516953836
-0.1263868951975913
-0.9814106020730423
-0.7522800650242949
-1.1752533916309478
-0.8232017325195672
-1.1711517170150687
-0.938128073873379
-0.0817221225405845
-0.563945307896724
-0.10407204991134288
0.0582714233813981
-0.40979767773437226
-0.2028681250458103
-0.3136358764154909
-0.4895707098360919
-0.1783297803608109
0.20413395473854554
0.2990688407057687
-0.1877603636365947
-0.6265062104203554
-0.3797412956820594
0.16304745634324924
0.4529947009390968
0.0735692546333034
-0.21294874304462053
-0.6138885916074037
-0.3780315689813645
-0.07349643947322534
0.06987413275437145
0.9168949030940177
0.16588307825447485
-0.4890772781061978
-0.008027037889079727
-0.4810249441171656
-0.611860488037672
0.16289050622460846
0.5524761228998656
-0.554191259934916
0.21281629316237063
-0.20211957403466713
0.5215717754125704
-0.5326787269155356
0.3688195335429318
-0.18095959168614217
0.09283672018888521
-0.16018486740268267
1.1812988433266796
-0.2033624855773385
-0.4018963750997583
0.1347550410143985
7.87595898348769e-05
0.45258509419199405
0.5172110680904962
-0.01810170585858747
0.8788406253605086
-0.45705570799912404
-1.405682981703666
-1.2101997228227503
-0.5908052291134721
-0.4026234931819731
-0.5836774689249633
-0.7767603805311306
-0.046805840725344786
-0.3445328162818982
0.9273450589959934
1.3350438914385985
0.3808406956885097
0.5834080958638754
0.2712248267128209
-0.32689319316742754
-0.5308462289099257
0.05058985301557088
0.2816553223129973
-0.46603833520681454
-0.6905183155813266
-1.2382476947921408
-1.1965067645039713
-0.7319139981012658
-1.0170713788607484
-0.8269563673599636
-1.110115723150311
-0.49121545938846983
-0.9980643552165813
-0.8065679125760267
-1.1623197730803576
-0.6927973063623585
-0.5009767127385365
-1.3780748598208838
-0.6807058092787607
-0.5488884009629098
-0.6385949900716553
-1.290220940188843
-0.024046459048057453
-0.5927273021629113
-0.14320399393995933
0.10615274825036777
-0.42165234900337256
0.2104588419890647
-0.3301273646273113
-0.2844926050455216
0.4600871283712703
0.12512418055879282
-0.10494175903454818
1.195517732867487
-0.43560748599114185
-0.6223194408658038
-0.5282360366667533
-0.8449696140285683
-0.9655395636275903
-0.8149660083137436
-0.7476475384855388
-0.8675915596656631
-1.0969599639025278
-0.786857915771769
0.5232746582201188
-1.0046996048322105
-0.4671259035455934
-0.5689619447901894
-0.8054312663671779
-0.2889499475191673
-0.4436355554118134
-0.34524243165834073
-0.6396290960489821
-0.7003210756474176
-0.6729583672503117
1.194649597213653
-0.4864651586413987
-1.0448844328592017
-0.3419828462565699
0.4153109160686349
0.08074379974182726
0.18241161316750923
0.1801194936916431
0.10885560111821972
0.7026612089536401
-0.2353173332904749
1.089790527680861
0.20647821090562776
-0.47296034137850984
-0.5615637995339091
-0.5805089122528178
-0.6651974298606399
-0.04809982295787708
0.2270196580616445
0.004928157024421839
-0.6551978277848047
0.29318165019897086
1.6485447422849817
1.8670111957361457
-0.21368931029366112
0.34569833821810186
0.391913871203184
0.5493180112690965
0.49188709905414246
0.15909934389740926
-0.759225157601572
-0.2787378852149784
-0.3604768424510724
-0.7607881456845337
2.1435638786740836
-0.6499007390283589
-0.4929229416576582
-1.0375011178589268
-0.9653646757772968
-0.009438901156666986
-0.27941024918616436
0.43697547453689156
0.1986834813726531
-0.215842257816679
0.09576278901028148
3.080826298918883
0.07843693906163897
-0.7052591920250738
-0.836719642574654
-0.9850726930942737
-0.742276231479028
-0.8604098330879348
-0.9997032660218953
-0.9529690431046353
-0.9919342370463075
-1.2125545446695047
3.3230691466451514
-1.0657982165753817
-0.47413846112985747
-0.6090127558150173
-0.3801035295800478
-0.3704289684556052
-0.041408341923326646
0.48575149890435326
0.1795624767706263
0.7927296079867461
0.9277651414998483
2.7346511284631965
0.3723440944677462
-0.31602450454388537
-0.6830456271235551
-0.5190693594384639
-0.8506117498924959
-1.5384798897735958
-1.6133795680601417
-1.516059485908122
-1.7003701413937553
-1.0170791581902523
3.700866820691795
0.058667186310585595
-0.3068663671467136
0.1687495322125218
0.22076102710572162
0.8204902090917079
1.4250140798129816
0.6989818132282749
1.6683355054371836
1.404838200152179
0.8383511515983375
2.0786405883396752
0.4214606123381471
0.10657981718378252
1.0822429513861065
1.1587999973789154
-0.018448025854505855
-0.41021778218711413
0.3032217143519957
-0.07026730234626373
-0.16511238846217674
-0.4224867797424403
2.314292093138868
-0.46923338369218587
-0.568788206700195
0.40779301896803516
1.0564620027786056
0.3712472638067788
0.49631346697405143
0.682526841889014
1.339980072163005
1.018240148251023
2.129055321727856
2.3264365558815188
2.3818605042229195
2.064838953279332
3.078957508704998
1.4653617323301693
2.3211323559542754
2.8642183649684227
2.274096425843948
1.378743280351216
0.7589187967445604
0.23960922904218845
0.9306109699765888
-0.4961666991029651
-0.6526687755288944
-1.2018541469586044
-1.0287298796975284
-0.35957865658324234
-1.0605031725559697
-0.7457937349974589
-1.2356405948571354
-0.14772753806119704
0.7040606917897052
1.0213386500293178
1.0624781970263077
0.2008775135309436
-0.17146019266984697
0.835746055369356
0.4006114886975137
0.2948471861599881
1.4231028016780645
-0.09636100981097079
1.7216728191966695
-0.34687983491696167
-1.035251086156008
0.33472686269387586
-0.5530628958924831
-0.6255019002763254
-0.2871529464113285
0.5145354542818922
0.8403323555165232
0.5917359183858338
0.44860083015299285
0.4172441589560605
0.17834579586383803
0.4067473143913939
0.4127004517831826
0.37150916765806336
-0.1704050588407678
-0.7131776237622446
-1.0728048891943747
-1.2755406315167914
-1.0437488411178277
-1.1310868536821983
-0.6250639989947575
-1.3257056120946946
-0.5804005440291782
-0.6386371589744609
-0.5700231296848038
-0.44060445653022234
-0.9662777507014844
-1.2339277163012006
-1.043124761250442
-1.026308401811159
-0.9715332447157898
-0.793323706033643
-1.281152102018389
-1.750533649444361
-0.5744359407328509
-1.6188108209719392
-0.6607694727852896
-0.09355073327928533
-0.3732940130066708
-0.23226235361183198
0.7710044318371821
0.9279187778108375
1.8302640596758533
1.602966287030031
0.8239360812710854
-0.8910465126540046
0.863301245011867
0.41282621345044934
0.10238885863355995
0.3824807008176275
-0.3998001493329792
-1.837091457588821
-1.5760901696672285
-1.3267005051848992
-1.091647135701122
-0.4065810539431055
-1.1538938466991562
-0.3680275318887777
-0.20841774697696622
0.5252365713394864
0.19247265727731833
0.8221345820666155
0.5315467640526439
-0.04855004533998481
0.728383731230599
0.9814446503371735
0.010396347151378512
-1.4591625797742047
0.34185631024870017
0.06860963796473625
-0.7689412822657836
-0.41623299710742095
0.7128387144347905
0.44149644385468023
1.2806983503069775
2.2381130836130185
2.2561193342627925
2.791529057079645
-1.4841760825449026
3.0424058343892475
2.5886310619969164
2.4251185765300423
2.7326896743450177
0.8524459821702065
1.8315454927797967
0.7022979781101074
0.28777998857244996
0.16737562701983735
-0.37241450760825656
-1.1562058671139908
-0.5642709898981155
-0.3851800288222909
-0.1843715601234407
-0.2877286451594319
-0.21596318103158468
-0.4668542665291161
-0.7846946986005189
-0.6466408130836934
-0.7380629622887372
0.1414722326784332
0.7368171709967435
-1.263496397977557
-0.32242335311584785
-0.5062251184158301
-0.38971568817358254
-0.32906172301624065
-0.11468601779940135
-0.17641641011151585
-0.40096441469025484
-0.4470346343258669
-1.103826443263255
-1.2534206051297436
-0.857818817245791
-1.2472302177767836
-1.2059117966086124
-1.2438569164813842
-1.292254304636031
-1.262804584775734
-1.1911040082085
-0.20193396333336763
-0.20755882564379435
-0.3244303184051441
0.06946276533628148
-1.686654373849161
0.02420729209263383
0.4156003330727952
1.804280099445053
1.9584240964460826
2.3654105269195904
2.400401851667492
1.9068291409475477
3.0816959889797833
3.2641437421013215
3.5298534788204976
-1.319040597417929
3.4895921273609565
2.3783976465479704
1.6705574665481207
1.2534280152458743
1.0784531784479716
1.2735939990759397
1.3118732645888738
1.458271877176398
1.2264968513438286
-1.754965862954128
-1.6573280480502472
-1.521645072630667
-1.3648265411222198
-0.060792943684167704
0.11402248889897058
1.1938129975045018
0.1116006936993352
-0.21903500755360134
0.1651850318151921
1.1148178740428232
1.668467521383153
1.179986591432661
1.7143323057695388
0.9486186568683956
0.34931801735720613
0.9925414199941129
0.9968314672163926
0.846114451054783
0.03609528265070974
-0.47305296926549834
-0.8138551856009482
-1.1877970281747159
-0.9882798137670448
-1.4705392057875846
-1.5160187619129295
-1.1175485540490662
-0.7999645005298986
0.7876624687524904
-0.6719539736871639
-0.2800896457318308
-0.5992605167035536
0.12538222893968037
1.2352122729925887
0.5766489115936783
0.4971052891848845
0.4674719286004856
-0.057228249983515306
0.7839125395978694
0.9943477226064715
-0.025693951923046625
-0.9994468008185304
-0.3817556859046517
-0.8342140409463843
-1.1231324271759224
-1.0038374045894476
0.09412477127264227
0.2641909094552945
0.040999604335527365
0.2015653776695651
