182
0.2653132294316539
-0.07912954326159277
-0.40518612621077915
0.850451224623892
0.22586824678565925
0.5047822267831795
1.4656509369835018
-0.7433965284833525
-0.39653480145526615
-0.7855686297893302
1.2743442912663943
-0.7077536993190462
-0.3700275270434979
-0.20826766158976528
0.6240740805828945
-0.43546457979780107
-0.46922333580161024
-0.39089875246034095
-0.4433490575180646
-0.7397510665674671
-0.841172797174738
-0.8989766560220066
1.4795214718363778
-0.7217734672619551
1.0461851444895693
-0.215474545313322
-0.20483640650875332
2.273362069477541
-0.20244685157732573
0.7258371560478177
-0.6616699814205523
-0.6924174156762827
0.32263535017110173
-0.8299706759519911
0.6747549303410171
0.5378464126109028
-0.8401443542149639
-0.8341147834442247
-0.35353171632904457
-0.6809114136344109
-0.26028429300165395
-0.693035712303495
0.47393497739187956
-0.4444195455707598
-0.6298165538592475
-0.5930882017967376
0.2424619880942818
1.4870856117178046
-0.6177024719207975
-0.44580478750072094
1.153259289372203
-0.6709889309588414
-1.004389122626807
-1.034258737796208
-0.8784404426432287
-0.465394999502431
-1.2629842545249512
-0.29279087120115427
0.6073596108769428
1.8295343168768776
-0.9529352838610996
-0.8749738537237232
-1.1481950723839849
-0.8447994432089847
1.6931790639190394
-0.987714901267527
-0.4423696379979453
-0.8900684083811713
-0.39647248480853237
0.3213925664125903
0.6469175035111865
0.42695980249873067
-0.5531625720138902
-0.2127528804452905
4.509691882618119
2.3541457346276338
1.2566029241459695
1.4740809852325953
1.9752441014533035
0.93918655845124
2.248777617586448
1.3224463835793205
1.9396224509575406
2.863999660268063
3.6388461617423173
1.6586199972571347
2.001829362877717
1.4604794253642208
3.14958203602165
1.3000817123311215
-0.3124355946699583
1.1919734904028332
2.0995641251663297
-0.6083838085409796
-0.49674102372553763
-0.7811087956010042
-0.5194893029223719
0.21054470741215092
0.14028254364199216
-0.40157245694108823
0.3622929395724234
0.322183944711127
-0.4071268527365287
-0.8366675682413669
-0.5358762859402381
-0.5999579883195059
0.6373968322508072
-1.0253273322731757
-0.9599927945970508
-1.008923964469591
-0.7480631013728868
-0.8426476759381363
-0.5967161451470302
-0.2562996041912972
-0.5084767932674589
-0.6630089820471238
-0.7689955432854781
-0.4666744188170466
1.9449458142168665
-0.07246481347215793
-0.30750599352933333
-0.29455517064927933
-0.3601471101288585
-0.08326364657455504
-0.07349037818112998
0.7262337107958997
-0.25261694134044965
0.3596704109284398
0.32912366230547946
-0.6030171101033016
-0.7932479152200174
-0.7771897815536858
-0.06222019714418693
1.4000057598391829
-0.12382818736013805
-0.755052357424566
-0.6088042197734913
-0.33358495370524033
-0.7319436816880754
1.9044553772404298
0.5936855927951195
-0.2551286722681263
-0.8706845180638966
-1.013399668420715
-0.6662020183030055
-0.5729234603610138
-0.7422315753144231
-0.5670379782450693
-0.6132424297266751
-0.32660363089806227
-0.8642315703096951
0.29530540946854283
0.012815060494410044
-1.107737797681633
-0.8459249873132064
-0.8359724110214527
-0.005931324395346821
-0.6349329067517983
-0.6412770888665584
-0.7095434634046136
-0.5399911403850719
-0.329008887782064
0.9193228142163493
-0.7879217392193207
-0.30900148416729367
-0.606588420445052
-0.11471160116592362
-0.6384632729089315
-0.13919247392004153
-0.9808841228871175
-0.5380163130560411
0.09483322916185644
-0.4435450811847906
-0.38086789536844673
-0.9278038310905089
-0.2946413775648377
-0.6106246368696149
0.251407713557818
-0.4538288760599116
1.1034080124499486
-0.37865999665228645
-0.07238866715293284
