182
0.4765390594507605
-0.4890082627636301
-1.2649066541036713
-0.511237153115209
-0.8740156887492191
-0.5200437803085877
-0.8181593514745739
-0.5381425507403131
0.13569908450016852
-0.4244713513723155
2.199976576810992
-0.8271273086343388
-0.9171237280089998
0.04926497730672733
-0.6778859611607885
-1.01948709545378
-0.32159201605978505
-0.11072586277900712
0.15343440825275256
-0.5299659847044615
-1.111424991402307
-1.1569229970466697
-1.02613833724549
0.979202590351011
-0.14707906603713425
-0.24345708721085682
0.3314455415909614
-0.22785022729833668
-0.11474705436924407
-0.529528231528399
-0.36848020180575336
0.32066999353772474
-0.3230971715731952
1.2152604650429129
-0.8073043744396906
0.4571714322856818
-0.9404420894792284
-0.30409212898309834
-0.4875091925323577
-0.48548974494167896
-0.6398172418289881
0.5001351177886145
0.17738664349214428
-0.45508050943879863
-0.12953441184350573
-0.5740844966909905
-0.3087419673527283
0.8090563761073147
-0.7226643332438483
0.21241817812130168
-0.551596291235684
-0.34166587365929424
1.1295889850329282
0.12164535062357977
0.6614805613378593
-0.3700525615801762
2.883701920912684
-0.7588043350105543
1.1588322226584271
1.9202229780123
2.582208158164038
5.7819038298228245
0.9384185900984173
0.2958351333261015
0.1812130327835787
-0.06342038920470904
-0.20398774345659273
1.1605503189406212
-0.139987709191563
-0.6790221436015608
1.3477638166058268
-0.48569207301972067
-0.8427042268265461
-0.21022372299588366
0.27757067233627614
0.264183320914252
0.47149598446876606
1.5475399743144833
0.498837904666004
-0.5919314372093208
-0.6473372571182545
-0.952977540673945
2.3471188340427402
0.9793037300277336
-0.4698720914443816
0.8895371286808077
0.22219085055460142
0.2672479296102357
1.2974920152465244
-0.15138999150961877
-0.664735612549386
0.18188334810429854
1.2833166815629151
-0.7638574900494904
-0.7609536551322346
-0.5748304734061316
-0.6480395264603122
0.6376710100579049
0.7587972773795402
4.655460531363275
0.9293455743109821
0.3878697539866366
1.0765143924616054
0.36616682591173216
0.6216589280474796
-0.6390594580472329
0.757595401657925
0.7923894983632951
-0.27768697690843996
0.3436279650875368
2.2811287801919926
0.1881790148291618
-0.16753000394609802
-0.7989633781146651
0.6726893437652638
-0.45937625533630033
-1.1581336456596705
-0.7367334352953094
-1.050470815888017
-0.660423693694037
0.24292420333012474
1.981790937200134
-0.7604847545920075
-0.543497191115707
-1.2595367142348488
-0.9250878813688933
1.1119455402367404
-0.4589873821815677
-0.5311615618112167
-0.22454082422698193
0.014818980108308679
-0.33287081020290027
-0.8554142313851187
1.080071491575495
-0.5036474423236227
-0.45145024819209423
-0.49138169536217696
-0.2020443132838697
2.040849922007595
0.5290118595208395
-1.0679907307309364
-1.1423886531107512
-0.3534118993298928
-0.2405621718568923
-0.01032315337896598
2.120983192193825
-1.0018047111700037
-1.0761654546604207
-0.8323967427699912
-0.5386364966531532
-0.7361573440213465
0.26448605219358917
-0.4912899174739924
0.41228792788884816
-0.3869689122505158
-0.8380132793702364
-0.17760984547722927
0.06754641532272397
-0.7580730964669474
-0.3702150024858741
-0.672675194634613
-0.6126344869673788
0.07393186042098127
-0.2642915197014764
-0.7051630229355607
-0.702655996270162
-0.21010384082041866
-0.41616023431944266
-0.8323678666525607
-0.5640473755173638
1.9404926371208826
-0.38339539981187704
-0.08398121014916757
-0.6556662527495581
-0.9904156423139292
-0.4820183670154332
-0.09218349643684637
-0.3707073069581843
-0.9281188885095613
0.6190390948494238
-0.7717615980842919
-0.6087195535895522
