548
0.34332
0.269514
-0.0223012
0.145878
0.0464423
0.19491
0.476549
0.396939
-0.19556
1.0248
1.73647
3.52353
1.44911
3.00208
0.0937076
-0.277246
0.495709
0.0788899
-0.242055
-0.0352463
-0.00322659
-0.100282
0.529102
0.849816
1.46196
-0.0478601
-0.465333
0.872015
2.65316
1.88533
3.71751
1.10907
1.12776
0.322968
-0.778952
0.00915471
0.864353
0.539643
0.309204
1.13223
0.325993
2.89465
1.12318
2.29355
1.75125
3.0728
2.2927
1.01422
-0.512446
-0.342029
0.319123
0.246763
-0.466901
0.183321
0.856306
-0.311926
-0.0227741
-0.352777
-0.138219
-0.326487
-0.411951
0.326079
0.306271
0.966636
-0.19288
0.923916
0.510991
2.43817
2.42985
3.15239
1.74061
-0.356597
0.925196
-0.0590345
-0.581784
0.586098
-0.397749
-0.341716
-0.534363
0.235286
0.216369
-0.254433
-0.758466
-0.246337
0.405333
-0.579471
0.233224
-0.61583
-0.206537
1.41099
0.628859
1.56885
2.19783
1.30362
0.00848211
-0.220505
-0.310853
-0.401453
-0.645869
-0.611326
-0.405242
-0.465665
-0.59768
-0.0518989
3.10741
-0.48837
-0.583242
-0.390816
2.61877
-0.301026
-0.360649
-0.250709
-0.471368
0.416362
0.231035
0.0411336
-0.0161183
-0.284837
0.0216111
-0.353603
-0.468652
0.550696
-0.230651
-0.39436
-0.428389
0.457658
-0.00344286
-0.195733
0.0934315
0.893948
2.83055
0.512306
-0.562181
0.138
0.495466
-0.491568
-0.575152
-0.44077
-0.658459
0.331404
0.835629
0.113526
-0.497197
0.614171
-0.243683
-0.186716
-0.396581
-0.291281
-0.349663
0.476019
-0.169323
0.234116
0.755608
0.162778
-0.559609
-0.265089
0.964363
-0.607143
0.00359182
-0.551059
-0.406469
-0.475885
0.145316
-0.474377
-0.435696
-0.330764
0.413695
-0.424277
-0.424055
0.426068
0.18784
-0.222001
-0.141254
-0.407815
-0.234345
-0.104894
0.0783457
0.72075
0.628836
0.696078
0.885756
-0.0972569
0.16628
-0.254505
0.251061
0.532565
0.0144906
-0.527942
-0.410958
-0.226147
-0.0620491
1.23874
2.6138
1.76987
2.41152
3.08948
0.504798
1.46015
0.137087
0.926175
0.251531
0.0870451
-0.245521
-0.405446
-0.46233
-0.351724
-0.560396
-0.495749
0.217415
1.50217
0.925296
-0.0955498
-0.695227
0.405949
-0.258759
1.48522
0.126854
-0.249201
-0.614228
1.24312
0.802884
-0.110236
-0.0934611
-0.733714
-0.290426
-0.731914
-0.659579
0.443498
0.506443
2.64635
2.60266
-0.365493
-0.443064
-0.661302
-0.539145
0.877218
0.493644
-0.162292
0.490058
0.688429
1.1986
0.52008
-0.161426
-0.159428
-0.0637894
-0.289487
2.71452
0.806696
-0.0120347
-0.459187
-0.471676
-0.629962
-0.122784
0.444056
0.840957
2.14167
2.59577
0.237562
-0.520686
-0.399584
2.22527
3.03541
1.22904
1.71965
2.62021
0.844184
0.0672227
-0.245577
0.144369
-0.377004
-0.36589
1.18792
1.48742
0.502491
1.76718
-0.212543
-0.659494
0.00389408
-0.432327
-0.571683
2.11089
0.533096
-0.526976
0.403111
0.150128
-0.364582
-0.391839
-0.223587
-0.416727
-0.134301
0.311866
2.64046
-0.11426
-0.385599
-0.266267
-0.464809
-0.575963
-0.610903
-0.652644
-0.435765
-0.430773
2.69752
1.37038
0.411319
-0.167941
-0.795778
-0.592727
-0.140738
-0.689643
-0.525601
-0.666212
-0.670539
-0.62323
-0.032158
-0.0942822
1.90445
2.32421
2.63744
1.96993
0.154479
-0.405425
3.21397
0.461649
-0.193319
-0.57907
-0.413583
-0.370927
-0.509488
-0.121063
-0.279902
-0.0409751
0.754808
-0.0774406
-0.473855
0.338241
1.35314
1.00505
0.836427
0.179355
0.90701
-0.0457188
0.0229581
0.402308
-0.217861
2.85623
-0.0652477
-0.232709
-0.235366
-0.0170547
1.7132
-0.0778749
0.232609
0.143682
-0.592982
-0.335341
-0.198564
-0.327382
-0.0207281
-0.107113
0.194929
-0.025962
-0.748769
0.0641069
1.21492
-0.0337985
0.61235
0.630443
0.223955
-0.0275029
-0.0336906
-0.213446
0.447614
0.977584
1.96922
1.49312
0.709753
1.27048
1.10024
1.77059
2.64935
0.989858
1.33305
1.57056
1.87965
0.705103
1.23114
1.96333
1.13083
1.95696
1.31895
1.34582
1.53519
0.494526
0.380298
0.513974
0.74751
0.596318
0.530293
0.588742
0.931128
0.620578
0.358993
0.512623
0.643634
0.401026
0.307082
0.541933
0.663696
0.554146
0.768372
0.456954
0.118287
0.0435453
0.620299
0.796338
0.293081
0.281102
0.682714
0.452341
0.536489
0.410417
1.82149
0.245393
-0.105909
-0.0271846
0.559518
0.266525
0.247979
0.479616
0.113397
0.644853
0.458035
1.47012
0.956958
0.665986
0.965605
0.922223
0.915801
1.03493
0.685058
0.221163
0.303803
2.18597
2.68529
1.44775
1.27057
0.629436
0.497177
0.231142
0.260213
0.118931
0.528662
0.466481
0.197587
0.49808
0.591926
1.31007
0.670653
0.83522
0.400723
0.879038
3.10248
0.560187
0.554905
0.473175
0.714865
0.48692
1.78604
0.44463
0.462124
0.776819
0.816136
0.388823
0.668983
0.683387
0.726859
0.94749
0.835492
0.515472
0.604266
0.238535
0.25163
1.05131
0.905662
0.718882
1.50425
0.45666
2.97643
1.02101
0.410062
0.409175
0.645395
0.780399
0.324593
0.248937
0.444879
0.180587
0.768372
0.48172
0.394418
0.642378
0.563354
0.186319
0.684761
0.183887
0.113431
1.37055
1.8154
2.33259
2.22376
3.48676
1.95854
0.701802
0.705845
0.914973
0.794467
0.7317
1.48896
0.870741
1.54706
1.08808
1.59332
1.03686
1.59445
1.19769
0.632483
1.08916
2.30822
1.36987
1.02729
1.16256
2.05536
1.82937
1.86264
0.871483
1.31406
1.77991
1.98678
1.72507
1.46775
1.35321
1.20723
1.76563
2.17331
0.964376
1.41901
0.70307
0.765684
