182
0.526947
1.24682
0.287986
0.368173
0.879147
-0.0673265
0.595658
0.00226397
1.06359
1.26091
1.69543
0.433619
0.0762501
0.608932
1.20665
0.914391
0.508216
1.51688
1.80146
0.651082
-0.6361
-0.174291
0.451927
2.73548
1.93104
-0.848454
1.33507
1.03252
1.05623
-0.167049
1.26411
0.813082
1.56255
1.88735
1.29242
1.73576
0.758613
0.0159472
0.492616
0.647956
1.23949
1.83677
0.556275
0.455615
-0.110029
0.261677
0.573891
2.2921
0.0884578
0.165692
-0.223963
0.68268
0.419778
0.946568
-0.333047
0.466037
0.294711
-0.47882
1.4047
2.43514
-0.800609
-0.260664
-0.358095
1.87014
1.74749
1.53442
0.200953
0.484999
-0.767231
1.52753
1.94261
2.33092
0.111858
0.530944
-0.23037
0.481188
-0.496547
-0.00686032
0.980476
0.559328
0.797329
0.0865823
0.284259
1.24612
0.476366
0.853835
1.91165
1.21956
0.663932
0.295566
0.363463
0.361548
2.0838
0.750827
0.214707
0.565004
1.31116
1.99408
1.53429
0.680663
0.704849
-0.552317
1.25774
0.306217
0.899989
1.9666
1.67509
0.668688
0.51748
-0.691665
1.50737
1.24235
0.850727
0.199339
1.97098
-0.290035
0.772139
-0.235161
-0.510815
0.713471
0.20223
0.269236
0.476065
0.256545
1.35252
0.442534
-0.274689
0.39766
2.02506
1.28811
0.807977
0.343787
0.405934
2.07847
0.40383
-0.382412
-0.188691
0.697201
0.961554
1.8207
0.924428
0.537332
0.931148
0.311481
1.26925
1.65727
1.23906
0.627125
1.57382
0.0934169
-0.521312
1.98605
1.70115
0.95536
0.170928
-0.783838
2.89269
2.09648
0.311625
0.613432
-0.668599
1.30969
0.560234
-0.144226
0.501517
0.896164
1.41191
1.75615
0.151142
0.976221
0.407678
1.41936
-0.0710438
1.37003
0.291773
1.83565
0.558184
0.158117
1.01603
1.66367
0.0122444
0.513398
