182
0.556607
1.14403
0.287636
0.423243
0.758968
-0.112574
0.547629
-0.00700151
0.923222
1.08428
1.87261
0.444557
0.0798926
0.711679
1.14299
0.885332
0.555276
1.30565
1.95333
0.554569
-0.607496
-0.298123
0.364335
2.64211
1.86365
-0.769455
1.29556
0.955252
1.05114
-0.209602
1.12898
0.625757
1.60846
1.96672
1.19465
1.69453
0.547989
-0.028712
0.809155
0.644081
1.26985
1.76379
0.415904
0.223144
-0.255973
0.497338
0.670743
2.15602
0.281197
0.307009
-0.00198922
0.755959
0.161134
0.906068
-0.416316
0.247443
0.367274
-0.534591
1.56218
2.52399
-0.851063
-0.16832
-0.492294
1.71305
1.84985
1.77021
0.10302
0.436602
-0.848134
1.49217
1.90036
2.51001
0.114848
0.44801
-0.155542
0.597298
-0.472484
-0.0594162
1.13168
0.603437
0.852918
0.011985
0.117069
1.15184
0.775849
0.823898
2.04713
1.20252
0.563329
0.190932
0.202037
0.467974
2.12042
0.768112
0.431876
0.349687
1.33919
2.11701
1.47702
0.9203
0.823435
-0.813747
1.25451
0.324746
0.952153
2.0751
1.59094
0.595925
0.375643
-0.776516
1.44535
1.21386
0.945148
0.161325
1.77789
-0.204158
0.887165
-0.515506
-0.564697
0.928018
0.166185
0.305462
0.18631
0.329149
1.28312
0.388867
-0.225661
0.419969
1.69355
1.10878
0.75786
0.417952
0.458953
1.81591
0.404886
-0.516871
-0.214244
0.577255
0.845549
1.66759
0.983745
0.641873
0.945001
0.322737
1.19425
1.63353
1.15152
0.585852
1.78342
-0.0232495
-0.404233
1.81673
1.88748
0.845152
0.274897
-0.552004
3.04637
2.02595
0.409921
0.638252
-0.805369
1.14417
0.681483
-0.0502168
0.629435
0.930245
1.33798
1.7579
-0.146269
0.911158
0.462454
1.5331
-0.208379
1.45284
0.379541
1.88284
0.59875
0.123399
0.850079
1.51039
-0.00595352
0.588257
