546
-0.00548587
0.112087
-0.322282
0.486116
0.681103
0.0607094
1.56459
1.46308
0.947731
0.407257
-0.120033
0.940853
0.682066
-0.00161981
0.845224
2.456
2.0659
1.59635
0.229403
-0.35599
0.426834
0.0900366
0.295149
-0.169966
0.43547
0.530035
0.167231
0.340453
3.42566
2.97959
2.42693
-0.0759451
-0.414874
-0.531425
0.474809
0.784227
0.285651
0.288113
-0.207681
0.405789
0.674917
0.832194
0.598859
0.842414
0.627315
-0.0824865
1.79785
-0.371537
0.210251
0.587326
0.735537
2.12676
2.58081
1.73362
0.583338
1.6668
1.52659
1.25244
1.39778
0.661116
0.871056
0.904536
0.25152
-0.551736
-0.504296
-0.251265
0.134011
-0.454717
1.13646
-0.373746
0.404337
1.08517
1.17182
2.36214
2.00773
2.03754
0.817078
1.29457
0.993289
1.17228
0.620903
-0.426381
-0.819656
-0.234065
0.332848
0.481866
1.55289
1.38179
2.28078
1.90099
0.731651
2.31875
1.33719
1.35918
1.81202
1.25967
1.29589
0.538524
-0.016811
-0.246178
-0.5199
0.832058
-0.149412
-0.358018
-0.112765
-0.423798
-0.462796
0.461789
0.316763
0.780819
0.931961
1.92471
0.995672
0.359609
1.24454
0.351375
1.6892
1.4815
1.48317
1.49422
1.2156
1.33984
1.15859
1.46088
0.739585
0.368355
0.133366
0.921117
1.72474
2.13718
2.25204
2.08338
1.03109
0.0707876
-0.445401
-0.334916
0.182981
0.342605
-0.42664
-0.480736
-0.616743
1.10795
1.90928
1.94086
1.16355
0.0273393
0.447263
0.433068
0.71518
0.447933
0.396743
0.65365
0.371171
0.901865
0.953365
1.85298
1.62246
0.535318
1.66808
1.77321
1.03627
1.64287
0.00533501
-0.574771
-0.678671
0.369618
0.722902
0.927779
0.328237
0.613834
0.486555
0.75914
0.981272
0.812697
1.709
1.39931
1.20719
0.56933
1.18837
0.873693
1.14463
1.04589
-0.0413977
-0.0913066
-0.629816
-0.0697195
0.97681
1.3337
1.74697
1.66073
1.84691
0.829593
0.521839
0.114003
1.00478
0.780703
1.3655
-0.531751
-0.032595
0.943277
0.932966
1.99561
1.94155
0.774359
0.554741
1.54229
2.03605
2.20331
0.183161
-0.435515
0.0151836
2.27809
0.55921
2.53054
1.66579
0.162234
-0.379311
-0.211917
-0.15882
0.156412
-0.233134
0.158453
1.4108
1.11787
-0.260741
1.12502
1.23067
1.33933
1.2234
1.00539
-0.410576
1.75672
2.44091
2.04404
1.4291
-0.236107
0.751142
-0.325117
-0.304345
-0.0788776
0.0399414
0.27416
-0.059961
-0.132863
-0.462826
-0.351811
0.114034
1.92852
1.49146
1.85306
-0.161825
-0.466878
-0.615737
-0.247262
-0.490112
-0.361638
1.02679
0.0624378
1.61865
2.09409
1.66271
0.0641184
0.983539
0.586626
0.226624
0.102752
0.691854
1.08703
0.55228
0.119247
0.712904
1.36379
1.18344
0.502186
0.244964
0.327893
0.814404
0.801329
0.637337
1.14213
-0.417633
-0.269376
0.879909
2.5262
2.16264
1.96244
0.00259318
-0.307802
-0.0505677
-0.344566
1.28764
0.543682
0.664126
0.897632
1.178
2.34225
2.31819
1.6603
0.368774
-0.171656
-0.118257
1.03507
0.0545125
1.33029
1.20453
1.01886
-0.273134
-0.259443
0.538672
0.65393
0.778583
-0.176211
0.837034
0.206
1.29091
1.25559
1.34518
0.052899
0.793258
1.78731
1.79486
1.27988
0.393733
1.78999
-0.211736
-0.093281
-0.320542
-0.228034
0.374967
-0.27391
0.521367
1.1342
1.3509
0.580199
0.788788
1.22186
-0.590008
-0.0164954
1.11331
1.30967
0.833063
1.05255
1.76099
1.52216
1.724
0.919217
1.31682
1.83714
0.710525
0.688245
0.486098
0.145228
-0.585174
-0.0593877
0.296252
1.77453
2.59104
0.661437
2.18832
1.31398
1.36314
0.230782
1.53828
1.17384
1.25302
-0.128855
1.53049
1.3316
-0.657425
1.51723
-0.269773
0.825133
0.0367397
0.330541
0.213092
0.341331
0.042426
0.080101
0.170279
-0.229918
0.790629
0.351893
0.473706
1.38676
1.49869
1.53074
1.15999
0.0709871
-0.275764
0.119787
-0.209378
2.25778
1.72563
2.62314
1.46809
1.13608
0.197184
-0.0789303
-0.456795
-0.444162
-0.425375
-0.57711
-0.155198
0.306914
-0.389692
-0.179719
0.0665574
0.272135
1.66043
1.36236
1.71156
1.49189
0.0418544
0.597243
0.0964414
0.356663
0.470077
1.12026
-0.0821449
-0.0267198
-0.0295894
0.129914
0.834965
0.586503
1.11818
1.67492
0.431599
1.28515
1.65155
1.88528
1.66698
0.918013
0.565783
0.529664
0.527707
0.966184
1.33853
0.952764
1.37404
0.80486
3.30735
2.64757
2.93157
-0.024706
-0.440367
0.108373
-0.0726306
-0.415808
0.0671671
0.107735
0.0742523
-0.439996
0.481363
0.799235
0.706952
0.448186
0.432079
1.59291
1.71799
1.52662
1.41874
0.576739
-0.30272
0.582767
0.620761
0.875635
1.16773
0.829234
1.27364
2.62266
1.78439
1.96589
-0.0499134
-0.0922973
-0.470182
-0.636988
1.17985
1.05695
0.515632
1.30432
-0.448507
-0.107447
1.13913
1.66349
1.90042
1.32094
0.55896
0.572993
0.0317502
0.413698
-0.198648
0.362993
0.762771
0.866287
2.49114
1.48974
1.73805
0.311965
0.088721
-0.655763
0.0394319
-0.389723
0.268316
-0.175729
-0.0512089
0.276595
-0.136924
0.30943
0.275771
0.717055
1.47817
1.26164
1.66479
0.434678
0.472593
0.733273
0.757704
0.129931
0.745861
1.0642
0.614177
1.83934
0.992877
1.6352
0.371199
0.45971
0.636791
0.063006
-0.467083
-0.180697
-0.281537
0.0370083
-0.271378
0.847118
1.42361
0.213487
1.8155
1.81687
0.450635
-0.0432705
-0.536431
-0.190113
-0.0781242
-0.0683321
-0.00156932
1.32447
