546
1.66842
1.56523
-0.355542
-0.384937
-0.302058
0.0924376
0.156272
0.0460852
-0.446553
-0.364296
-0.432158
-0.499541
-0.609937
-0.537401
-0.486317
1.72581
1.75277
1.84579
0.151743
0.442217
0.209614
-0.044464
-0.490123
-0.276226
-0.314235
-0.312211
-0.349792
-0.583289
2.15261
2.16203
2.15384
0.292822
-0.324102
-0.584027
-0.175414
0.209319
-0.104437
-0.441733
-0.503338
-0.623098
-0.578989
-0.517412
-0.483015
-0.453647
-0.432947
-0.592848
1.01251
-0.596464
-0.528511
-0.0453141
-0.0224791
0.171312
0.376582
-0.0359487
0.13525
-0.255696
-0.269155
1.22681
0.683922
0.56723
0.539615
0.055683
-0.711283
-0.459573
-0.441245
-0.491847
-0.66986
-0.591602
1.16991
-0.595007
-0.24486
-0.253013
-0.0629703
1.30135
1.55344
1.25203
-0.133801
-0.471386
-0.539445
-0.580906
-0.404971
-0.24721
-0.164417
-0.131893
-0.225508
-0.293226
-0.157093
-0.287031
1.47938
1.99674
-0.380645
1.88624
1.64882
0.605506
1.15948
0.810904
0.56598
-0.130875
-0.145379
-0.300489
-0.416846
-0.260877
-0.38484
-0.420694
-0.516668
-0.457088
-0.503
-0.437086
-0.361938
-0.396514
-0.350859
-0.158561
1.14385
-0.16919
0.0291246
0.0533546
0.174646
0.0118329
-0.23865
-0.122514
-0.222092
-0.421001
-0.368544
-0.280141
-0.232632
-0.434596
-0.329663
-0.373342
1.05901
0.847144
1.13698
0.000427412
-0.0440088
-0.508482
-0.295191
-0.369112
-0.238039
-0.174272
-0.40919
-0.473942
-0.489189
-0.393224
-0.316379
-0.261057
0.57549
0.348043
-0.314684
0.279768
-0.163105
-0.240051
-0.346362
0.1436
-0.111838
-0.194126
-0.307065
-0.259319
0.587426
-0.224085
0.540216
1.60434
1.80388
1.7763
1.34145
0.859429
0.981655
0.485936
-0.112332
-0.241181
-0.0537793
-0.400969
-0.551262
-0.563241
-0.38739
-0.232085
-0.174319
0.223214
0.0562473
0.0314645
-0.412217
0.334181
-0.348668
-0.243929
-0.220227
-0.338069
-0.40464
-0.322938
-0.181781
-0.0773217
-0.0181185
-0.327827
0.238637
-0.514477
-0.613327
-0.563595
0.248007
0.159333
-0.406102
-0.386228
-0.415197
0.905175
1.08389
-0.181469
0.789371
0.330974
-0.33205
-0.169026
0.743662
0.677602
0.813165
-0.196774
-0.402125
1.42761
-0.258375
1.5295
1.4876
-0.329049
-0.373018
-0.180489
-0.491407
-0.446757
-0.650608
-0.427806
0.0551065
0.79354
-0.436703
0.00111292
0.0939129
0.27725
0.0703648
-0.161724
-0.314964
1.38076
2.77164
2.56033
2.53411
-0.420123
1.00101
1.06405
0.578415
0.66965
0.187778
0.014232
-0.504343
-0.439899
-0.521764
-0.354437
-0.155516
1.17472
1.09668
1.04443
-0.534985
-0.615424
-0.489895
0.48447
0.773982
0.834585
0.504734
-0.146815
0.480927
-0.436985
-0.258544
-0.0782094
0.0517107
-0.145182
-0.567022
-0.401271
0.228813
0.222186
0.0338928
-0.130003
-0.135533
0.765098
0.55442
0.82058
-0.197321
-0.223116
-0.391682
-0.197142
-0.349454
0.982955
-0.00357213
0.116299
0.399595
0.820331
0.640331
0.283393
-0.085645
-0.155507
-0.295867
-0.352173
0.788822
-0.277955
0.27742
0.111616
0.968581
1.7597
1.84702
1.79892
0.708666
-0.251138
-0.302377
0.892453
-0.32573
1.21203
1.27018
1.22507
0.412382
-0.154267
-0.332645
-0.112498
-0.491642
-0.518557
-0.0142266
-0.43283
0.0200968
-0.0105875
-0.175427
-0.261304
0.125596
0.752332
0.578695
0.93919
-0.414992
1.58305
-0.400603
-0.550116
-0.542612
-0.27887
-0.35178
-0.161508
-0.331865
0.152132
-0.294258
-0.313663
0.738431
1.63925
-0.357224
-0.2026
0.192001
-0.0444358
-0.242958
-0.201523
0.475079
0.508226
1.01355
0.744221
1.60545
0.949688
0.64274
0.529494
-0.299326
-0.44672
-0.541247
-0.434762
-0.389459
0.880228
1.74712
-0.236545
1.78332
1.80156
-0.280753
-0.393188
0.309452
0.220076
-0.286609
-0.473216
1.35809
1.47241
-0.264742
1.65119
0.347276
0.911964
0.480679
0.430149
-0.381276
-0.289781
-0.190354
0.212633
0.743908
-0.313519
0.486135
0.201765
-0.399156
0.164824
0.0504162
-0.143028
-0.44627
-0.476953
-0.42902
-0.161499
-0.366846
0.664131
0.419831
2.24215
1.98062
2.06485
0.392632
0.707647
0.0830985
-0.0180696
-0.251597
-0.33483
-0.115239
-0.115714
-0.530679
-0.538672
-0.184498
0.200449
1.68694
1.65153
1.82145
-0.339758
-0.246221
-0.425858
-0.486253
-0.194157
0.612824
0.436443
0.350728
0.419814
0.247167
0.0263673
0.698563
0.0212114
1.60549
1.78552
2.17749
2.81034
2.86491
2.82885
0.613552
0.195624
-0.229835
-0.43193
-0.280736
-0.350303
0.734538
1.16475
1.30872
1.27932
3.77023
3.94732
3.63844
2.97395
2.4187
-0.246031
-0.203078
2.30881
2.51158
2.42067
2.47145
1.95533
2.03791
1.93824
1.70589
1.25074
1.6237
1.49216
2.83096
2.69637
2.66556
1.36117
0.970225
1.61921
2.38055
2.21072
2.3532
2.17806
1.65741
3.28895
3.21305
3.26802
2.76389
2.79729
2.65891
2.87326
2.73492
2.70625
2.33689
1.79072
2.39332
2.21055
2.41205
2.62979
2.61448
2.59806
2.38786
1.87909
1.72466
1.56608
1.18169
1.0005
1.44003
1.60904
3.37695
3.28276
3.29486
1.09995
0.221238
-0.437099
-0.323646
-0.282535
0.567737
-0.229103
-0.173521
-0.222148
-0.475385
-0.318855
-0.0483844
0.375863
0.414316
0.276132
-0.365989
0.512267
-0.25365
-0.386975
-0.341935
-0.383256
-0.333578
-0.0726963
-0.114043
0.903729
0.934725
0.819388
0.574342
-0.102895
0.0309958
0.307724
0.256521
0.644965
0.375314
0.355761
-0.219168
-0.328118
0.685934
0.0524342
1.17276
1.07505
0.857236
-0.509831
-0.480824
-0.336569
-0.403795
-0.476056
-0.515568
-0.44379
