544
0.9997449921215555
1.2898489170557996
1.3574684003713067
1.4912760995832897
1.3330035322454248
1.2238807434400976
1.2844242118802993
1.321529050496228
1.1818777901966346
1.1730353456635327
1.1523603145707155
1.1124436216182727
1.1160306329706926
1.31487649353306
1.1622360258570095
1.2249790501253968
1.1802210934991761
1.319147381189541
1.2262085458371481
1.2001611182326937
1.1430329855831656
1.1699672831888601
1.0098199798177723
1.0317628176114426
1.1216603227201694
1.0204993433469103
1.2433078822686978
1.269997761132308
1.263149001702182
1.2708318730505272
1.3105967268549785
1.0871937552601794
1.0751195690480704
1.0744932106145346
1.1324365479849687
1.184508362667064
1.080181205412193
1.0618780182322731
1.0857253885108444
1.0844162858520978
1.059878285053631
1.820565404252695
1.8115330951977004
1.67600214147726
1.631288772611763
1.633406415572192
1.1709839982287442
0.9949694683612702
1.000113177532977
0.9843398957348748
1.0419100467886924
1.0220593142461358
1.1071875191113754
1.2828540484721715
1.3261464096180595
1.3489376961595636
1.375316419348076
1.1207426608106454
1.4152905213601668
1.2761759012113094
1.1990780846556068
1.1406751965171664
1.1638410679801046
1.0726940590025256
1.0448337805994403
1.033988308525649
1.0685283245133281
1.1648101603116343
1.1659847398484626
1.1263912476288334
1.1387467764527877
1.4992502725094854
1.4399101702111567
1.3105986516385761
1.3600879342188175
1.3544741316989648
1.0548833897780676
1.0162554750517339
1.0082521367195345
1.077678706897386
1.0311474489397612
0.9835804818908571
0.9901817713895971
1.0043997769504736
0.995419273307267
0.9805559354955692
0.989980169350131
0.9804409026815366
1.0026357154067629
0.9936018059896199
1.024782922952657
1.0390811281915675
1.1246236884992888
1.2271261634646202
1.1996877762578453
1.1602281142910984
1.1603306355162653
1.1296899583257847
1.1743077669573794
1.167948555843374
1.1815220875679384
1.0607490250211358
1.2397574342111304
1.1469345135956803
1.0094159356181494
1.2080672656962574
1.1905764341580356
1.1741381950104794
1.2082344652843304
1.2225730313714176
0.9940513593033332
0.9890146794134766
1.2538735133484251
1.0839197388698698
1.063365685537325
1.0443805924233591
1.0691114859449176
1.1138314014193091
1.1801283895153347
1.0364108535804746
1.054318777649097
1.0652278280788872
1.0887122008753556
1.065263021033756
1.055190254830325
1.0699501187779312
1.1404903272668636
1.530560356874779
1.4903132907272725
1.4553561529516912
1.7153670467743107
1.6895272487358128
1.2086728505671325
1.2114200692378287
1.1882231834919073
1.069453464920923
0.9881775878726285
1.0736665246851633
1.2370487773061554
1.3407786017971897
1.3625228141875083
1.4775503569258683
1.4637174603187282
1.3713784217965208
1.230249811637543
1.218113244327785
1.0133544345517793
1.1118688515873782
1.0762052496913104
1.0361919097366008
1.039668936406044
1.0067780573780534
1.0006854670184533
1.009973863356551
1.0107926236876703
1.0027591501808313
1.047560887387555
1.0174150189014213
1.078120491290282
1.0363684455030227
1.0375137043655447
1.039249100524197
1.023437919124866
1.02798667137943
1.0245716646412275
1.0263341814790052
1.0988714026029602
1.177141902232063
1.0542599639618533
1.1077286038910192
1.1106394506298183
1.1012473253370065
1.0538160722588992
1.0037732853164751
1.1521521586058485
1.2455836361087038
1.277042155634969
1.247793970691938
1.302709842176819
1.0342573384002414
1.1110781808870556
1.0782564478674528
1.1166175551410902
1.1353848617032323
1.0828969455641286
1.0638638235870084
1.0347246259996101
1.0321528465459902
1.1430710311312147
1.1048928295789229
1.0152326612474214
1.1414155300057722
1.1901672337370353
1.1705710914961933
1.0196296823459683
1.030272391598929
1.011794586846633
1.1999822625350873
1.170367647283202
1.163358808997804
1.1292123547476582
1.0181717069870146
1.139723054030192
1.0211917382598572
1.0216970262479952
1.1218745354472417
1.199178493748653
1.2190257972569483
1.1684768628000035
1.4985149478022461
1.4237014525056129
1.3177976748180877
0.9893380475628326
1.252015733448625
1.342052456109123
1.062915893491142
0.9986667695535203
0.9974488782984394
1.0150328860336424
1.0046390843961182
0.9906657466347084
0.9938335648088966
1.0128503201191916
1.215551091551943
0.9817075602948065
0.9958065796944805
0.979647601276296
0.9907957036034034
0.9918045282192262
1.042886838014383
1.0371316754088065
1.0940932089007067
1.054928407812016
1.1021163770743487
1.0407633800724139
1.0012416240800148
1.0676832743660714
1.0891167313384038
1.1592078393371226
1.0967719300740633
1.0803160926878337
1.0789003540995856
1.0022823306656377
0.9870752273376905
1.2602124905885914
1.2802502614763789
1.0111338940696872
1.2988138277951138
1.3326316492488661
1.2809806561103085
1.1168371036364644
1.5095951448017386
1.5330487505352484
1.5163823339486384
1.535934104103386
1.7826767739612035
1.3175857242830606
1.0049792336962213
1.2998173700684341
1.3431770377030756
1.3904149370849341
1.047376608123955
1.0764249412757345
1.1209768608104702
1.1614829588578197
1.111462239227611
1.1102634832199503
1.103388044630207
5.571688193106918
1.2892895083393392
1.255111711857491
1.1940043410302306
1.2181522778339249
1.1402930953467836
1.0195730414859407
1.0041089686942375
0.9945180625093663
1.0310046340127523
1.0566594554991813
5.5528633867360515
1.0413243964038386
1.133516800305323
1.124720040897892
1.043861199794428
2.296319777357367
2.2294877932640627
2.169184365319339
2.3538332413515217
2.383797958261762
1.8296349258938338
5.718293353590673
1.6608634447036672
1.629798254249268
1.7185237313421233
1.7958886414600272
1.3695612723619282
1.3347099115783891
1.4661197867235731
1.3998120354385204
1.3593068177418783
1.424929800378103
5.927059638050544
1.43179487582078
1.2264138474841073
1.2616583022074999
1.1768274759442303
1.0782813286952015
1.0957101427076206
1.0357745942753256
1.0153804778720024
1.0073075257233897
1.0310403409353484
5.538288191844615
1.0551617186208015
1.15384698815082
1.129528450634146
1.1561972581171538
1.1106457741642752
1.0939434978069562
1.0023045569119904
1.0401310938783794
1.041096577977715
1.0311561134654272
1.3870978495382436
1.0393749068673814
1.0558694277691163
0.9977870513876544
0.9856249224879912
0.9960395277920018
1.002748753760197
0.9936219352179709
1.0084525111586722
1.047267210287653
1.0552667061226546
1.177811953839361
1.2573124804554083
1.0203042474856283
0.9982609648402478
1.031276245105747
1.1759421048905456
1.175108941926505
1.193999268252903
1.2600176229843796
1.2540345175389853
1.1008438919850485
1.0958229280009415
1.2136886855353335
1.1075644639583806
1.077425330652738
1.0753043313636914
1.0666170419676768
1.0464375243891417
1.0239563703741132
1.1063018222660008
1.7357497068994892
1.6364846102398736
1.5469270982845744
1.0400569533265824
1.665884285852707
1.5754132586674792
1.2255486269490656
1.1297226836204044
1.1804482338382187
1.0930617458822032
1.1410815394019926
1.0570880267133715
1.0698154239331645
1.1597308896508827
1.019262817904761
1.1428934297844846
1.0653061754388409
1.0875745980791458
1.0523480354314156
1.0617145982499074
1.0840877560719953
1.1137606428028397
1.763172445906838
1.7758386693655381
1.689306790970393
1.0002823933005964
1.704914800097479
1.738715721441082
1.4261209020868022
1.4012015595484972
1.3992159476847228
1.8546541104429992
1.8736114567769007
1.657085280948906
1.604656573488795
1.557835295996868
0.9931784161516399
1.3798890930487786
1.3262359133445174
1.2814895938773985
1.2725791769419392
1.3315696709113611
1.0333328289063477
1.0124351503896558
1.0218818551977196
1.0213195941479802
1.0208421551241056
0.9840827897575984
1.0494994233505446
1.1128639422210087
1.0798251637054466
1.2989040705687123
1.3313767623181683
1.2692642766030218
1.2762848828897861
1.3867450561091377
1.2066588368983846
1.1551208556342885
0.989617254822653
1.2069353991768277
1.2337981735400434
1.0860942402764528
1.1205741738933412
1.1229734501058126
1.0059519517598712
0.9946182523439127
0.9740733208189554
0.9981955147399418
0.9772829670604575
1.057419827390818
0.9845428782275883
1.3992899448904843
1.3005920736027572
1.3385393968326047
1.4303419002688353
1.5119656185422108
1.3835039951657924
1.2113576390101453
1.1261596071723474
0.9992050647624312
1.114167391443818
1.0201958890886267
0.9965825223385194
1.0280827184391401
1.5402619320002886
1.5345090170142226
1.6105268104674058
1.5909201152062247
1.549097256322543
1.1994074213054426
1.2790687109908567
1.2591978237173511
1.133243098061691
1.1233140406698716
1.0833395330876017
1.0999613487629154
1.4790644405049846
1.432295771661505
1.4551454941906106
1.4857657927399963
1.533427929807658
1.0673733754606156
1.0942017245713527
1.1378475951593356
1.0958068731589137
1.0693418473136986
1.099087046673002
1.207703620529959
1.1474327958052204
1.1176433840976379
1.11621786427606
1.1597940376697655
1.108178026368626
1.0958581151697544
1.1472808493307136
1.1788780190615569
1.2191464533210452
1.218269078320825
1.0888925335039885
1.1026711163889198
1.0662648222484077
1.1399640522411363
1.149904273973945
1.1516452483265105
1.1467301918122534
1.0780546838692993
1.109191542481263
1.0236613369599192
1.018875129080875
1.008449491781343
1.0038898802322016
1.0137904034156775
0.9916241187171095
0.9850739753932588
0.9725631363371559
0.9822890975578961
1.1107934607743506
0.9849554957844344
1.6346313559953256
1.6258289821408105
1.5544908363543262
1.085335773014121
1.136261500910753
1.1036297084511781
1.1425659283524399
1.1050060413741618
1.0361335787186978
1.108307852661068
1.135283223865968
1.1262120142806253
1.2078284600608513
1.1921479903689358
1.2026247860252495
1.16905453223925
1.186571275835681
1.0796744246802272
1.1368126720571872
1.3996389135166296
1.1216180956492647
1.1199209617819839
1.1649135055559023
1.170674336850019
1.0609333208015657
1.1000918748213402
1.07188672914449
1.060203230066954
1.0572159019219411
1.0772528728041202
1.4186225455523087
1.0026472253652963
1.0057052147812127
0.9948212957739088
1.0377256385195115
1.0184498669587403
1.4535603150553078
1.4427505700567285
1.4739074470560463
1.5446073821796735
1.5281811852907057
1.384403390490803
1.1681964792471369
1.2025413066810713
1.1886496331588952
1.0598784224262996
1.0331346939000774
1.0506361827394022
1.215048342129164
1.3350517993488258
1.2342830456985194
1.2209858359410364
