546
1.558713891824708
0.1159204043507667
-0.05240222433248187
-0.7493358518612162
-0.6590929104511443
1.2921599676449553
2.9313068781804787
1.0304134479299367
-0.3810509230736728
1.6598047486581295
3.96231056736633
2.752183306772414
-0.786313956305127
-0.49506384625040933
-0.6134856390551381
-0.6285445561046424
0.30295960988290516
-0.002781280387136689
0.30275859378822223
-0.6617701245067363
-0.5676406093170068
-0.39749703907024175
-0.48047546718658446
-0.33327003473758376
-0.44546290353353407
-0.6300544580068165
-0.6454353957613232
-0.4159623896689302
-0.26555876693670405
-0.2438610715503356
-0.5055188925717878
-0.7037331394657154
-0.7372467161481253
-0.6402669349059786
-0.7387155748501775
-0.3269399112311594
0.15136555717811456
-0.18986646495334117
-0.40687166680853054
-0.4968745061330884
-0.3686286840874793
-0.5018671360676459
-0.1995315896348759
0.09401678701559107
-0.6678510933235862
-0.6415528225844718
-0.08063935147929435
-0.6122712432138123
-0.6044425642612233
-0.533667796147909
-0.5449372865674537
-0.1847946358434676
0.08759593686278307
-0.3558861352551293
-0.5152746677974238
-0.5876249044834679
-0.6468699343007676
-0.5837462108284174
-0.7269307059120429
-0.23492319560923913
-0.14216975488545294
0.02616986036305148
0.5190625470657683
-0.04534996405697471
-0.6913108146442565
-0.7061037858036597
-0.6384409189797083
-0.7319019202836268
-0.3056204888752905
-0.8000532321603311
-0.5887287542670625
-0.08886920127463614
-0.08023061208104128
0.7378072935230158
0.727561963992585
-0.2462866199160515
-0.36317292656193795
2.002157937548892
2.1914403334600947
-0.30696913196872344
-0.4584303445953815
-0.4625173645957496
-0.39920163944502796
-0.23892040576409282
-0.3570365116857247
0.9474568089583945
3.0367173267468965
1.1584496718459487
0.6623259327181205
0.5251210864973967
-0.6456071325687528
-0.2184313838942622
-0.13458913606095718
-0.2973529059639816
0.45623671023329343
-0.3586797208006874
-0.2587676297618634
-0.6152916239079659
-0.7463444151594214
0.011617589208643192
0.7670086375259539
-0.5741773408112598
0.053119855801797254
-0.2855464416246622
-0.5851650364903769
-0.6081956208005735
-0.4529374131475473
-0.4763599058018615
-0.10630780561284855
4.774897008126332
3.2977370758256983
2.3493548090062015
-0.669726338404574
-0.5175428343480679
1.6807025239040478
-0.2655803786913664
0.005484270890481255
-0.08743669831791033
-0.31364154681299183
-0.3375258698389021
-0.34471469787402975
-0.3388032582835553
0.4688624277706222
-0.05718735647418643
-0.4329224170149353
-0.6615762889031965
-0.6869893989938058
-0.717897237111463
1.3562383880755198
3.185185438449307
3.2722466651627586
-0.46512121317577065
-0.11611098346566213
0.29823474583596243
1.0626087452905075
-0.5077860180415814
-0.578452079689016
-0.3708256493037894
-0.47353162873072563
-0.3050817276395345
-0.14697469121755244
0.07812140254394304
-0.2582536632107069
-0.15731645121980356
-0.1555953596553622
0.7237096269739315
2.13068264513249
0.5384748607157516
0.17470576112279196
0.07486150167518268
-0.36066733247121585
0.8271483168036061
0.36221348397781344
-0.06700297761194934
-0.29007756295744347
2.043687573062429
0.9572501018530538
1.5762993664157665
-0.39900523426551654
-0.14326451593408643
0.10538267829360984
-0.25696022271015934
-0.32424895058835823
-0.6965632184137969
-0.46982218968853917
-0.6206873747952752
-0.42629288899093054
-0.2260164123599302
2.053013410390237
-0.09721028535003048
-0.3504489563625175
4.984517101652709
4.586860843192384
3.44415365923999
-0.47682624002457047
-0.4266859506815813
-0.49186307108478333
-0.6421433311317312
-0.5855669259926053
0.6304795567400215
-0.6403441984683566
-0.693469642770041
-0.5334118831108549
-0.4201966153714718
-0.30893936626876506
-0.5922606869876634
-0.7280112098532311
-0.7499742459404637
-0.6277673717841288
-0.5353734641099607
-0.3228526413150431
-0.553553017768212
-0.5521256435955669
-0.36120388225522515
0.6522233016584156
0.7772504807152945
0.3830377450898978
-0.1711512400701988
-0.3085406471890801
1.2346419403576656
1.978962888004368
-0.4056865169619263
0.4162062930893821
-0.5592951199896934
-0.4045671113991963
-0.43537558582447655
-0.6574400931653882
-0.6918651588221658
-0.6369537278971152
-0.07347804764934177
-0.318219369483099
1.0733274215972242
-0.6442229849933562
-0.0838853501258165
0.32564762983422046
-0.26259883297522174
0.006383624090545063
-0.4195853644469729
-0.46711234981358596
-0.2117268091684872
-0.2642729384510765
-0.4066107773115046
-0.62664909514221
-0.7196447343362884
-0.7225493721937204
-0.6795012165777679
-0.6171272864025342
-0.5034038512406944
-0.37179520883951245
-0.14805233729984643
0.5835120866618252
0.03506091271902635
-0.4854719406900022
-0.804816464131915
-0.6515981955668028
-0.5892486072549082
-0.6963319180199485
-0.7152689015951267
-0.42903628856950365
-0.524209598076054
-0.29087142359820106
-0.5177006050185231
-0.533407949689986
-0.23220780540978392
0.3685717359019082
0.23576819373504054
-0.6605464123818
-0.4505913297449287
-0.4499842906681751
-0.23000516130514337
-0.3321446712013534
0.18573546406330313
-0.44455685794551886
-0.5348623931758473
-0.6265575937714234
-0.40626078292477164
-0.3062431304410933
-0.6859456361220816
-0.4847065830587133
-0.5331219425236197
-0.5831990158043053
-0.7148161510056461
-0.6908807265761437
-0.6801685431111966
-0.6817330063798575
2.109502319563252
1.7521158681494358
-0.10987111443496894
1.7014732537518447
-0.48411348074217386
-0.13039498677144157
1.62400655048914
2.201250060337503
-0.08648850889502269
-0.37558361250546246
-0.3704523436377335
-0.3036344194534703
-0.32657713770970176
-0.59088979259035
2.4525272560809586
-0.7300181597314315
-0.5209204844830391
-0.36221760808148445
-0.46232506184822464
-0.7179095114763548
-0.5225970293829423
-0.29572944494844794
-0.41111214432565246
-0.385450857120249
-0.6593581163214494
0.09621204009414099
-0.4749212101101026
1.770719244828497
1.2767398476766907
0.019891493316695482
-0.26659892767361
-0.2589019031566375
-0.7634844074477877
-0.7363469946506056
-0.7492110891535682
-0.4513392722434207
-0.2521478236936718
-0.49485632789762274
-0.33623077776635574
-0.13897767536931627
-0.32875905957906426
0.3373964045323732
0.6003376292993824
0.56314194737141
-0.5064389524000404
-0.5858144459435379
-0.4575282056565079
-0.22784409642658907
-0.23599842793215497
-0.4992631258901589
-0.46052668831893073
-0.2335193097186811
-0.1793299824504565
-0.007681346290606272
0.06810867364247437
-0.32007440304795726
-0.1416271753665366
-0.6000653450037894
0.47748424836420944
-0.41580044911677105
-0.206033426175901
-0.6687748832950202
-0.6836388237446782
-0.6256084141550746
-0.549093261168726
-0.7066488587877836
-0.5604420675008317
0.6360594720630462
1.0246421575476161
-0.5986533683262372
0.8088594532022051
0.014233886402832697
-0.3519354320909829
-0.29373094622895374
0.013978791514556409
-0.6389741268032494
-0.7096316043906991
0.5365702824007851
-0.11007230492320365
-0.39459028628890624
-0.634607516262282
-0.1482393189571406
-0.6267738557561096
-0.7159507286815576
-0.6303029954081676
-0.6598812969172049
-0.2389157045886876
-0.1624251342198505
0.1864718750556132
0.3261783447103682
2.15322811905842
-0.18378229541264998
-0.7330415426969707
-0.5531307732904678
-0.41819651284297604
-0.44553892010021917
-0.4746776129371403
-0.7615851381753037
-0.6404437471341682
-0.574335868225244
-0.7023306406151332
-0.5369201171767549
-0.5992578781169035
-0.764546023043048
-0.6813058698910056
-0.6617027427105756
-0.5098516246796188
-0.669565079280653
-0.26647602916814445
0.008282171956370075
0.24930437914207876
-0.15806510250310898
-0.576868051460254
-0.6065972571974184
-0.4080707336956351
-0.32734543491533086
-0.43934917488032627
0.6053577342640296
0.5683159305443969
-0.1706105026585206
-0.6068614183050216
-0.6308758106998366
-0.4083477380664909
0.12063534467182248
-0.35022005998205774
-0.2622638949997402
-0.3061571542616797
-0.6403853211665004
2.323312909127734
1.9387406328696477
1.1174096238154816
-0.6514913968981993
-0.34719186084884895
-0.21233523065354498
-0.4194827883983768
-0.6072352850051416
-0.5579558334355977
-0.563413723915804
-0.5998445141713465
-0.6607599140453425
-0.5827680763933184
-0.5434367031251106
-0.3889430281374686
-0.31497827752417573
0.3030091665047529
0.5733462342101661
0.07503281706199463
-0.43964743624715935
1.2922311661265669
-0.05213783956392725
-0.38925624949967247
-0.6819353866240075
-0.6600243662108946
-0.5273499800897966
-0.35005097689309356
-0.5755488066003266
-0.390827057951459
-0.6794706653461123
-0.509861792756189
-0.6510561483666832
-0.46989716206168636
-0.5788060708119955
0.1729915024759848
2.704232958699125
1.4272671517571862
4.166557510804869
4.567206131224969
2.9777134521527344
-0.09621552816264346
-0.4958716624257098
-0.2612584424478493
-0.47566432357821004
-0.6494476533364685
-0.5384962167402028
-0.5582995888434631
-0.34699164061811777
-0.496530445087418
-0.4510053756594799
-0.35080540687020967
-0.4070325123790626
-0.5381283577272314
-0.5773652121365666
-0.12354048238539661
0.04454893433053482
-0.08209306800324884
-0.34812524571537723
-0.21017898943328703
6.87960241950526
4.748381251995896
3.3428100572163157
1.7803834379991
-0.30301301313833995
-0.5705641467195892
-0.1767162461910824
-0.6224083649597976
-0.0963810715534893
-0.08797337046731403
0.2766025092068027
-0.12138749059152093
-0.23029801864919666
-0.31810600157531144
-0.06331571076678723
0.24654253233157536
-0.27826625351038753
0.2915763608636494
0.3322117130669991
2.8658519225876056
3.2277773191760577
2.459837752581918
1.3847613954575062
1.2274388029836345
1.3421565051629747
2.0043706009684326
1.0427834386528354
-0.3503961320086489
0.5347917951974559
0.6399080986326283
1.5205791455833313
0.7711310049038885
0.46830601209800554
0.611614884245784
0.4555245233991237
0.40933818019209595
0.48630559560346076
0.07764394424100676
-0.40952958114026194
0.0456539830813812
-0.3245023071607465
-0.5756281227006119
-0.3985038721793191
0.29244377674310923
-0.24586891113567802
-0.6372290747035706
-0.6239217283009008
-0.686989521629734
0.467964847800845
0.4046395211859145
-0.6856411270940291
0.04010683869127445
-0.10866671808386735
-0.06244605936062041
-0.40380592847287655
-0.6189415119297382
-0.5566879273038869
-0.6923742127098196
-0.546128407692104
-0.5877540473768643
-0.6838254473072939
-0.7498264079546634
-0.7893797267153855
-0.6574627638187571
-0.2909061906267358
-0.2891095781667932
-0.5314803498072204
-0.6963434083066777
-0.5977813396272511
-0.6380057266516681
-0.6029945290365304
-0.5983886636665934
-0.6135620031731578
-0.2741382328719666
-0.15509168747264646
-0.2771281940428289
-0.5430948829289689
-0.7142794734754782
-0.2142742074796399
-0.3441911519582123
-0.042909339686746546
-0.44508280454556903
0.7948654776700298
-0.14003300789050224
0.8352430311752662
-0.04789361650184171
0.5716875912267263
-0.45656252628373417
-0.7421840550158162
-0.6470294964147161
-0.6060876533341376
0.3801113300641795
0.5473889339326977
1.5024787312914105
