182
-0.27002670178042104
-0.26625185785634986
0.5451465705238597
-0.8053049871738194
-0.7473742478911162
0.4549978944041759
0.15459929115416962
-0.2473313261995699
-0.7152378978785489
-0.7628642408243189
0.8159922135475023
0.5142730619305239
0.25314639737555106
-0.6189812382275269
2.8370099551395414
-0.6555566604047832
-1.061690623653479
-0.2615896572968778
1.3060111403197188
-0.5671007730093427
-0.31763327679166586
-0.592477412776446
-0.8586529682593416
1.5694145525665941
0.30284841935470913
-0.5532898730732866
-0.023120510652465894
0.4865440268036284
-0.9892512673405948
-1.0692789371038625
-0.238632387238357
-0.1527186503633525
-0.07779416077167252
0.16251479887707407
1.4499910916159722
0.011748224824070475
3.6647081196756846
-0.3275187911082639
-1.0619276474333326
-0.5352487081868357
-0.9305163032554239
1.0357023315683305
0.874243917437317
0.22036326715402413
-0.2062014486358597
-0.7686777515577693
0.6593246992683197
-0.23390123529488432
-0.018955765425311768
0.5167047323090325
-0.6650732567798101
-0.47135875405074984
-0.8230242459275361
0.6701467588732329
-0.261328264636001
-0.4913583101198317
-0.07452099467738006
-0.8446851281086889
-1.0187932289104498
0.7032165934430006
3.187210094497453
-0.8901658424204929
-0.4001587445133504
0.7946532535194699
-0.08277811114053807
1.3089453262442174
-0.9369191596654607
-1.119777704935348
-0.6573302088299832
-0.22354632868051064
1.6573203615358494
0.39717335490592864
-0.770655148914244
1.2064252443619705
1.4699438999421934
-0.5952362253761089
0.8711315044646559
-0.2302508344136928
-0.5585501809775002
-0.7682550644686003
0.22582028229368364
-0.6192197226377818
1.1366926130480077
-0.775826728844952
0.328705368725427
5.136846164852861
0.27005910398272964
-0.3023874527187746
3.239366285917399
0.8257089417549649
-0.04098869177072336
0.5158547336524828
-0.24025478999268643
-0.11220706325696524
-0.3276563605136262
-0.7919179331428592
-0.6598147603216092
0.34410377184889984
-0.05864733524840592
-0.6713753814573916
0.08062960226633897
1.5161576536867813
-0.9570819715210629
-1.0179681445174757
-0.03376581511667819
-0.5259690847991236
0.2569745227385251
0.20426911361947012
-0.752609693804863
-0.9073764862460709
0.40636539830035306
1.2071158682781395
-0.7208637701577959
-1.086319803275697
0.5676759804046123
-0.30949825130229663
-0.020533209960407008
-0.4112816383374533
0.2907091434155924
-0.266327961154087
-0.8883851086545909
-0.9316661641767292
-0.39339292014038385
3.3442832679502974
-0.2797566725424191
0.8178857024862752
-0.9379988144625446
-0.664287196535596
-0.6543747866045038
-0.5021336935056313
0.32815042424740576
0.18382159235276146
0.4535291747058478
-0.09526898026315038
-0.38079711157780943
-0.41858174707750306
-1.120483009461183
-0.35963605660364434
3.5673755350602123
-0.7798133187143569
0.32539776252131064
-0.4556888354257063
0.2580744521116498
-0.4143033289292439
-0.8965422358495335
-0.3059512236752572
0.4812677956401924
0.2946711960337433
-0.4790842502150435
-0.6748593030845791
-0.5596449391054483
-0.6034451255032427
0.6474993470216991
-0.5063624892191686
-0.0680501629189825
-0.7485364769260747
-0.3413685070258551
0.6928381304388658
-0.5102794557039773
0.1747127494514287
-0.2694569761766124
-0.12018268049774927
-0.24551139020632098
-0.4043779042689835
0.4781483082937605
-0.7600764574241562
0.39096261789039777
-0.0405524908382525
-1.1901346918060374
-0.7598880341681136
0.49204098765220683
-0.9968684248425476
3.0934685751364235
-0.9519633565904999
-0.5683581273870117
1.2088744996579806
-0.8254177274420956
0.30873424509374714
-1.1608573395157333
-0.28062223788599233
-0.8418614542350553
-0.38065570787291725
