546
-0.09945419358419398
-0.39391212559293853
0.7191887217554833
-0.40335035488416077
-0.47588045382144367
10.091267186719023
9.433526585651919
10.84565527662499
0.5678630798146458
0.3076078208956807
1.535838728227121
1.2253786499915151
-0.5419537571084949
0.6798672968905386
-0.49259600905868467
-0.6029959020951586
-0.12330357450130325
0.6550373929189929
0.8514272716294534
-0.49883789110735083
-0.4538435775771365
-0.5718941538698127
-0.5508935977772992
-0.5084548989949182
-0.36028546948484047
-0.56250411663409
-0.41135688480253935
-0.5331988480674398
-0.47040754865189094
-0.31745279378403013
0.040368651550328205
0.2989468443319956
0.38599459958714805
-0.2822303966212201
-0.5294123040491532
-0.4296847381499332
-0.314380288025977
-0.39204127050328463
-0.45129951455958034
-0.468657721406827
0.20987171031542137
0.1431788369607026
0.537457534249227
-0.19188761388860884
-0.582335027279003
-0.36924252629175497
-0.4977833423455782
-0.47592082813974085
-0.4390717067572051
-0.4105520695530813
0.7573396315068883
0.611245093438013
-0.08724917864755881
-0.25368623009394936
-0.5346385716391797
-0.49693849561008285
-0.4371643622726712
-0.5589779625879886
-0.5359597244370804
-0.5359487426680748
-0.5310504305580649
-0.5506186727442715
-0.5872226520894765
-0.49046452143074354
-0.544710713291048
-0.4046045580491462
-0.40942531048773556
-0.36788863739182553
-0.5255594683833265
0.022940572507003924
-0.20720519308895527
-0.361195719771039
-0.27937830937703134
-0.40442596981863377
-0.08377442701620844
0.6708283645447016
0.08350568694482509
-0.22560025845340628
0.24506027834828098
-0.509463355279013
-0.03266733687244035
-0.12352694428743331
-0.6088895047673079
0.735979923492452
0.719051895885654
0.6360774185189206
0.1107481479256098
-0.5817074294616249
-0.5496226179122101
0.069784405466696
-0.5456304770103894
0.29696036491065736
0.042708386583133036
-0.3149500441737692
0.021953737889511177
-0.03807436467494238
-0.2884443223212684
-0.4634118503417878
-0.1919997073668324
-0.35650798520679755
-0.2876627518617043
-0.4960950357521903
-0.05175589388742961
-0.0015197127225738936
-0.16906834105213878
-0.2524572391749545
0.049165021162285875
-0.10852282220237108
-0.176526008140906
0.3090528167534153
0.3537908398267306
0.44425531456588746
-0.5704364296785476
-0.4241215162898741
0.0053383085737034415
0.0913498666703406
-0.4840945290125119
-0.419591730606646
-0.4047037749909454
-0.3756537031504561
-0.5491743822878029
-0.4229627754814622
-0.5045417211110523
-0.47136899210895306
0.38962664113232787
-0.45473043515586986
0.05981230479424173
1.0302711680234653
3.3067940065474093
1.5793967067637993
1.6363968478117399
-0.351621813334561
-0.27539841871637477
-0.4120171447211677
-0.11048159552562202
0.6755361795899342
-0.2054581274744221
-0.4999382952125644
-0.3768213172896762
-0.3977600743268022
-0.05180363061870291
0.23205780232167228
-0.33949439032183554
0.08493683172257206
0.2914850145032252
0.050716021668319095
-0.17965463348569458
0.03284448674139071
-0.17987736347101854
0.9370028951089906
1.533274889620654
0.5077439821142677
1.197135633075283
1.291702369442085
0.34511870496534974
0.8345992104179951
1.4874512996432772
-0.48862241554419766
-0.11676062801534656
0.09468643362749884
-0.5107576755153914
-0.3259611043360725
-0.02536786043174278
0.04533391983867505
0.41529680578757855
0.19290917710315142
-0.0007735092535882485
-0.29394878127125856
-0.5374816526297292
-0.029770977169114074
0.3582448162756971
0.09152573471432403
-0.5116785443789452
0.05792396114721535
0.22238849524010804
0.3195163314284161
0.07635608115674511
0.2703195336756856
0.8041625566426559
-0.4581371424020439
0.6280366861914247
0.8102047121016509
0.08658375066905467
0.3439711975490527
0.45394203584999876
-0.5342494099217834
-0.5223627192969688
-0.4260918565103364
0.024453798060980515
0.041103631635919013
-0.37067010969168057
0.16346262358754132
-0.4048500950199919
-0.5753917644814612
-0.606141175377945
-0.4734388465003904
-0.4399683517193287
-0.37663244091091175
-0.5025647359248611
-0.13557704842936258
0.8608718872780285
-0.4817412765482213
0.46386711802483144
-0.05838102118831287
-0.22486693750428374
-0.2809876991726177
-0.18328694276012297
-0.46128375575315295
-0.5201534473767878
-0.46001197266068905
-0.2935052562718877
0.1615618620794595
-0.011778961320587556
0.5011596507843461
0.19371786241549377
-0.19527531391148928
-0.3402484456956565
-0.416346297974432
-0.4100759193820116
-0.4664220808028438
-0.3772276389681026
-0.4150848552563093
-0.34600976581624293
-0.5822909972962284
0.3190128480434186
-0.5753140454601511
-0.5930023587807359
0.5436876424673354
1.3751478561217405
0.45563590362750367
-0.42290171504692436
-0.489128345207992
-0.3989798726487863
-0.13501911990778218
-0.2507698428381528
-0.13772571441396952
-0.35699246295817805
-0.21776126284130454
-0.33128230960247923
-0.5320149274496617
-0.5193921770757233
-0.3380440970345543
-0.18532141350050166
-0.3303252999487579
0.0694090157811836
0.0035588492974621354
-0.1449391775243481
0.5239274069248416
-0.008134749358143028
0.06271013141721302
-0.11697549223430892
-0.41828182910305467
-0.4646716360277573
-0.4113799619047527
-0.4679495362553567
-0.4469833393388494
-0.5540182058753604
-0.19506050470428082
-0.5047234204989904
-0.5147015764480889
-0.5137981800467671
-0.3281376850132279
-0.48755612504432894
-0.5436485247864207
-0.36322015610465275
-0.24977734635348145
-0.5744170467045626
-0.5761240023206338
-0.2536188943575722
-0.5904081174077482
-0.475677535534978
0.21125566488272066
0.3343260899222897
0.12066482512718335
-0.5287406796111451
-0.5188501573074603
-0.5188663121590401
-0.5479741642784015
-0.306949814566552
-0.49657325771366323
-0.4028872147934083
-0.45800126816071385
-0.4677037955894681
-0.3094967585000934
0.5919171328666343
4.101205340650612
4.96472214811814
4.748113607738638
0.17660037280107826
-0.04833429876382965
-0.5001105891458753
0.11901675571550593
0.19331486611879142
0.8883687717636827
1.1077275768536696
-0.4172751947269677
-0.35206867931285674
-0.2809793410182342
-0.5005861370914545
-0.40870644057991934
-0.374478818521412
-0.4628080618491609
-0.38085168293436866
-0.1762371686152709
0.2703546565711078
-0.4823665798121638
-0.4070764228491696
-0.17730494950468528
-0.20953711176747636
-0.4403769674014035
0.05403452548702478
0.35983484661417753
-0.4036685223178373
-0.4803977378839055
-0.4157012888112642
-0.49307672428281174
-0.22165766892245517
0.2832633124432371
0.24679137989521738
-0.22277665095252647
-0.24032919448884824
-0.4300425322096458
-0.45625348820437744
-0.11340417677265888
-0.3172278852239872
-0.5732595717966218
-0.3625942943685946
-0.4221378466456009
-0.558465903309185
-0.3881388675094755
-0.48392736246270524
-0.5691137559511348
-0.23565482769838988
0.13360915223665054
-0.48131872123280756
0.23130818158859345
1.0398476763851936
1.101978491211821
0.4218167420788001
-0.11989542205373022
-0.4170765529156027
-0.48248467000306156
-0.18305148868618623
-0.18417065819982414
-0.4414378392749776
-0.4716484271427246
0.3483032405354942
-0.4783890999446834
-0.4082600891541858
-0.5440135864083678
-0.455021768498001
-0.41240113534921713
-0.45873530540703034
-0.5609455247243985
-0.5438351460962542
-0.5698168776001085
0.5018861394806597
-0.45809556470869184
0.9868362247760053
1.5587104486661585
-0.3127503140423501
-0.07645790671747263
-0.3383076858000731
-0.49315554395172634
-0.5960679481396877
-0.14155047823889422
-0.06596339659328662
0.28994064570022016
-0.42389741716033297
0.26117094338413077
0.46849276464351797
0.1868465226559705
-0.530011777690199
-0.5588185976668647
0.1494160995373313
0.07703955315612868
-0.5057007013936903
-0.4359517779891149
-0.4220621645883073
-0.46265405963982953
-0.4065129384218375
-0.20993129815267167
-0.5888309664700139
-0.5053407239228932
-0.526648037180751
-0.6323321111435356
-0.42461125595065874
-0.3473130988170744
0.020677474686836127
0.0013191672918499578
-0.5972257434094046
-0.20881737883079685
-0.3321646702338738
-0.42074852230272747
-0.434888730318618
-0.1504289749539777
-0.03758254972350654
-0.4781660273282435
0.6251374656090624
0.11108016703275905
-0.3860189370298905
-0.3732706497720158
-0.2613414962169822
-0.32798680984559314
-0.2824288801829012
-0.3353156159501805
-0.26376518384133696
0.8662446701807519
2.130983909323645
0.40590126795312015
0.23262994869323408
1.0808843398350132
-0.48625286271468904
1.0680555185591525
-0.20317672148655957
0.4160012719083148
0.65476864488471
0.6909746482312675
-0.2592120644282086
-0.13043535096316877
-0.26338439964271176
-0.26319894120647475
-0.03180811704480307
-0.4340725512511276
-0.42425495784945705
-0.21955678012465954
-0.39527155102270933
1.9686443962392832
2.072908584109255
3.1308978930337057
2.5748638561472275
0.8911719807652512
-0.4195088218403982
-0.35382100204449607
-0.4051220414433453
0.508948554384575
0.6923248572779387
-0.2796440943464765
-0.22589173630814127
-0.35272762829514615
0.30335619673574293
-0.10643867008111492
-0.0639623552861679
-0.0029871867536729784
-0.19046484799819244
-0.264405437223902
-0.4312924308489617
-0.32716913707268896
-0.4676723162773694
-0.25548662650418535
-0.2747842676924915
0.03654983030258118
0.47350674035890566
-0.3773042303591735
-0.4299515444290884
0.0470258091835024
0.09706324762259202
-0.22289672781010722
-0.08292738625614693
2.0227599349681613
2.7648910151561132
2.8417277293444654
-0.15087765580542217
-0.19968252382044197
-0.039194238520173445
-0.17298853672788247
0.0035076033142571426
-0.25758925699692203
-0.3685181075924075
-0.4286226781218638
-0.026911625337609185
-0.12998282552275284
-0.20865246814356686
0.10602956932644081
-0.1265408862380187
-0.41804953783069043
-0.45262199831796074
0.20277585022487166
-0.16268556751832808
-0.5112339458793397
-0.21717892816422968
-0.18702942977048698
-0.2932443109157487
-0.43909798844115566
-0.46865687292135993
-0.07327655802384361
-0.18902221376589168
-0.16417853744005267
-0.5437758340550917
-0.5747895152222953
-0.5304446699253537
-0.03139611441240695
0.7095356963834686
-0.16207156121895225
-0.11499144319084319
-0.1313339930577631
-0.1313866737278861
-0.5843784108376823
-0.5262730100934804
-0.4494072962074239
-0.48158388717237144
-0.5554703622729609
0.40962939722281777
-0.5330560075925369
-0.15193067111197783
-0.17038220848064656
-0.3807853743554688
-0.26177568596607964
0.2368850134416332
-0.15488853708050465
-0.31041986819166856
-0.5148343673414957
-0.569699274722654
-0.3423457098938588
-0.5452213942929109
-0.547237721043407
0.8405368404030055
0.7890445281430305
0.7439000178327023
0.10548315465033122
-0.5176083004264591
-0.23232094071850473
-0.0982774496159485
-0.19457389682036924
-0.1452932372851852
-0.1910948991043468
-0.11243750935328291
-0.24544574363191304
-0.5374789806483214
-0.4803988177768106
-0.27546184175088556
-0.11828299474623695
-0.20846678637788058
-0.196564746302929
0.7753362135704156
0.678598934982255
0.24840356345558426
0.2301932992781709
0.2152613265872779
-0.1493927438425006
-0.19943901426157015
0.6565702195762699
0.6676817556283245
-0.0868459832203264
-0.5699914370643497
-0.4634999876194388
