182
1.18018
2.94689
0.94219
0.325508
-0.054297
0.731198
0.440183
0.984238
0.585135
-0.520992
1.48978
1.6382
0.858343
0.411708
0.381052
-0.215127
1.18249
1.64519
1.35759
0.462661
0.000235537
0.379827
1.88851
4.69884
1.41735
0.529759
0.767015
0.690956
0.0457633
1.63125
0.667139
0.322786
0.343569
0.966379
1.57159
1.08629
1.34375
0.548464
-0.296306
-0.4532
1.08343
0.293458
1.19033
0.837381
0.357776
-0.0991336
1.3954
2.47683
1.67012
-0.23909
0.041724
1.74286
1.16939
0.753368
1.02003
-0.332156
1.53824
-0.247908
0.432394
1.51429
-0.0419734
0.861566
0.587223
-0.22931
0.65635
1.43926
0.317916
-0.106558
-0.17662
0.367971
1.90222
1.31063
-0.491663
0.439168
0.929151
1.07589
0.742122
-0.028475
0.392987
1.20558
0.64721
1.6168
0.923792
0.253813
2.08055
0.421564
0.467506
0.175532
0.938163
-0.0184386
-0.176948
1.03154
2.72555
0.462953
-0.026193
0.926125
-0.442955
0.693722
1.55302
0.539914
0.714898
2.18177
0.914845
-0.173627
0.089695
0.423433
1.76575
0.57333
1.1055
0.447776
0.550937
0.777582
1.21558
1.20239
0.738536
0.888166
-0.304322
0.0458054
0.206448
0.721307
2.06667
0.789275
-0.270185
0.533508
1.79177
1.42591
0.401335
1.74563
1.21084
0.973556
0.647236
-0.0999963
1.10931
1.08692
1.35715
0.220216
0.514946
1.07347
0.29323
0.948518
0.0994374
1.62666
0.737946
0.48548
1.07945
1.40975
-0.340313
0.407647
0.704479
0.370199
0.646406
0.824163
1.65906
0.515859
0.0307446
0.819964
1.54488
0.632804
0.31707
0.680478
0.234938
0.239554
0.439374
-0.944082
1.6166
0.3683
-0.0615035
1.4515
-0.0603448
2.43542
0.0201387
0.533124
-0.58512
-0.391147
0.128054
3.09339
-0.344833
1.56795
-0.160491
1.86385
0.651406
-0.298794
