182
0.13861
2.87279
0.591726
-0.12822
-0.337105
0.503511
0.0421755
0.484565
-0.258971
-0.470408
0.345939
0.440325
1.20594
1.12318
0.992672
0.105705
-0.589159
-0.557945
0.166454
0.0243832
-0.43397
-0.090735
-0.116185
4.01178
2.03898
0.0772326
1.96516
0.456051
-0.275941
2.09387
0.623051
-0.422807
-0.428568
-0.081665
0.101983
1.23367
0.0556238
-0.144045
-0.570055
0.0734974
-0.352669
-0.366794
-0.272162
1.54051
0.861777
-0.0751611
1.14515
2.81599
-0.428623
-0.237227
-0.356398
-0.0229422
-0.462138
0.295812
0.40466
-0.743194
-0.0376814
1.24808
0.0741373
-0.200249
1.28365
0.508107
1.40017
1.11299
-0.441617
1.14014
-0.863608
-0.49341
0.567873
-0.584303
1.39602
-0.35717
-0.497536
-0.450722
-0.621163
-0.372266
-0.382058
-0.516121
-0.595638
1.41172
-0.402099
2.41912
2.31243
-0.120638
1.97247
0.027744
-0.623614
-0.188563
-0.44035
-0.482968
-0.180862
-0.668002
1.98932
-0.565221
1.13258
0.286408
-0.250261
-0.178682
-0.0951649
0.444821
0.0119273
1.3073
0.442512
-0.51966
-0.739471
0.0660405
1.34092
-0.0459956
1.13384
0.33434
1.50525
0.311981
0.0859396
0.178321
0.435786
0.143309
0.242376
-0.501118
-0.560343
-0.472862
-0.0972768
0.390746
0.468446
0.355212
1.58969
0.359429
0.204278
1.22767
0.577644
0.165053
1.31107
2.0662
2.07818
1.88606
1.3769
1.91106
1.42965
1.56594
1.12977
1.29202
1.79486
3.00173
1.52279
2.0612
1.028
1.17369
1.21304
2.12304
1.38852
0.021895
1.8728
1.34445
1.89589
1.41908
0.0702573
0.342207
2.45606
0.120203
-0.538723
0.316323
1.63498
0.705405
1.3639
-0.323935
0.533885
0.873589
-0.238601
0.175203
0.0801532
2.31796
-0.0970074
0.295596
-0.206932
-0.794393
-0.381261
0.647382
-0.269519
0.58127
-0.498877
2.23278
-0.0222668
-0.653978
