182
1.06608
0.324621
2.1644
0.320777
-0.589627
-0.231019
-0.582852
-0.860236
-0.510346
1.69124
0.964429
0.301309
1.18682
0.869733
-0.270549
-0.479315
0.0507959
0.0512254
1.08179
0.427949
0.589835
0.639899
0.77616
0.919913
0.419921
0.732428
1.14018
0.151156
0.209605
0.380906
0.402091
1.04024
2.12013
0.946561
1.46096
1.33006
0.465132
-0.281447
1.12283
-0.229531
-0.727566
-0.157975
-0.332744
-0.522921
0.463215
0.106254
0.306237
-0.0978284
0.0072709
-0.447674
-0.773991
-0.36066
1.09482
1.50083
0.452909
2.12416
0.538544
0.352066
0.0430988
0.806152
0.0166142
0.693704
0.121719
1.23439
1.72299
-0.101638
-0.859447
-0.525607
-0.542101
-0.487069
1.26172
0.438005
-0.499595
-0.196645
-0.0825103
-0.177526
-0.0723071
-0.459845
-0.889835
0.614041
1.2514
2.126
0.920027
0.106417
0.230457
1.75211
0.787533
2.02176
2.02916
2.2368
-0.833806
1.34791
1.95097
0.156984
1.21732
-0.468263
-0.356672
0.976427
2.38987
0.0229281
-0.302857
-0.398653
-0.287704
0.130381
1.03862
3.41321
0.0825706
0.679661
-0.520984
0.0437482
0.912637
-0.895543
0.96492
-0.0891786
0.00187105
-0.664556
2.25153
-0.157792
0.972858
1.4678
3.04073
0.851242
-0.221212
-0.810665
-0.172625
-0.496938
-0.567323
0.865057
-0.584829
0.437912
0.0452556
1.59818
-0.612586
-0.0252557
0.0256675
-0.303368
-0.480979
-0.150581
0.459997
0.503972
0.641684
0.223577
-0.227441
1.90461
3.69573
1.9527
2.2715
1.14445
1.66508
0.378272
1.0163
0.381641
0.783455
1.34139
0.147829
1.15183
3.57552
0.906857
0.432354
0.0804394
0.23606
1.21073
0.153852
0.0404977
0.524654
-0.266348
0.385427
1.17105
3.32778
1.33754
0.338531
0.129395
0.0299885
0.20183
-0.724793
-0.696848
-0.462979
-0.344567
0.560282
-0.378744
-0.48835
-0.066249
