544
0.4680710444955435
-0.02056217352645319
0.7470211706592484
0.28058620248006433
0.5164708357764828
0.757505868721101
1.0661894905711211
2.0349810043516174
1.5838781010681298
0.20913177929565813
-0.017780457505492894
-0.2180736189938897
-0.5079895029483452
1.1696958172557137
-0.4073657018823216
-0.27151067404166024
0.4431217408641988
0.0015014782864643328
-0.3004056538344192
-0.4297724214317901
-1.2505147328312112
-1.346263517871777
-1.4013774980891613
-1.197029724327559
0.6768069757520808
-1.2340581287597088
-1.1707893805325595
-0.33385562153701376
0.04500801420880558
0.34470738461926537
0.21139833502319258
0.1988556178615688
-0.5458296190973876
0.059639262295222185
0.047335111491705745
-0.7462726360538161
0.5729235078540749
0.659744201007435
-0.13099201999080998
-0.4659414518709287
0.3669374945892164
0.09642068298458682
-0.4094265160880519
-0.3802219641482341
-0.06460890691650481
-0.2054476233503514
-0.6881697980852106
-0.2747784504733526
-0.28567148762560235
-0.7016254147125932
-0.8285805478600937
-0.832460981304919
-0.9654494745719913
-0.5021985545655312
0.25595906810687413
0.998671167387658
1.0559621476918788
-0.460039178213627
3.274673914130429
1.9802264338736435
1.7164813314058418
0.2712989097930149
-0.10374499302282472
-0.4465752669421218
-0.4568347226214365
-0.7654646429795051
-1.0088128299950339
-1.0272619026743783
-0.8161739984824179
-1.0572528113046291
-0.725516790401014
1.823838096258897
1.1031384880998436
0.34716491796392124
1.2455593794076885
0.1589538950436558
-0.7797623386304627
-0.8280973720464124
-0.7315252618105834
-0.557137067332416
-0.6574013725987389
-0.8567997356132693
-0.9696171579168228
-0.9943638049927503
-1.082226639701081
-0.6046848587911107
-0.7461528722556434
-0.5088323065611838
1.4422691124280123
1.0536547382776504
-0.7300245791488672
0.7147781306846944
0.4408738313467546
-0.1875873159632561
-0.6191381795641527
-0.6755365144567395
-0.0797050296837759
-0.11266899208417268
-0.14058382554983503
0.05107929808132767
-0.18367924963250823
-0.4735986132206431
-0.5545928392684546
-0.3430736049784239
-0.39347084439576946
0.05936628749583527
1.448042122090111
1.1155805898015367
1.7625702741247045
1.2151920747458518
2.8512861546442134
1.4382183442864143
-0.08927230347168257
-0.9656604690986772
0.9417954745130026
0.26525132271263246
-0.2072955178522232
-0.6583195208647932
1.0805590020240738
0.998022643451922
0.5800960111943362
0.7049196535131322
-0.16572082637039337
-1.3772876429395475
-1.0536696707241446
-1.3661134725251338
-0.16333873013196368
0.9936951430840942
0.8642116636831432
0.22645297835226577
0.7234472108939181
0.6210781410462188
-0.5270959010107856
-0.3090199716082223
-0.4346508062959611
-0.9431981431676677
-0.4116098654280308
-0.6109745265281116
-0.8230749367044806
-0.8964271214546836
1.3754185513610617
1.4951732659572707
2.3290551005200073
2.0667268763736546
1.966129856702238
1.9685872352673377
-0.8705715284939447
1.168274165171427
1.7557291965125452
-0.36612320118263464
-0.2769013092188741
-1.3877213288456565
-1.327674429664682
-0.8796777153246997
-0.5974528006324336
-0.514229046007341
-0.7741708925457425
0.08664449850883385
0.18404675945153812
-0.41516284204929427
-0.5037406704515629
-0.6958213545881355
-0.5436826354025495
-0.4634033724031897
-0.4864883637641101
-0.31719435891959086
0.5703997217931305
0.4412658681404476
-0.0622941979604727
-0.5937079029415495
-0.6357781225637663
-0.7208316375887802
-0.0850142535878695
-0.03507222669657953
-0.417294606891879
0.9303802304493968
0.8677251202706602
0.5094520347383197
0.9430416937358703
0.17488975486960157
-0.014953567191653354
-0.8661273130747765
-0.8295718798393671
-0.5010195897142349
-0.5811006514866669
-0.21493804932111038
-0.4995405991585317
-0.17413486211514237
-0.5428743609261973
-0.5364824473259959
0.9626077492400738
-0.9985442438013036
-0.3163395142645999
-0.3076439039497268
-0.3610777513157091
-0.3905750497554053
-0.48493573181917005
-0.24188977022877334
0.020216757217099278
-0.24131160668016136
0.40962117821419464
0.4865160306415885
-0.1918209282804442
-0.4616054469071382
-0.3842459100591191
-0.6077867511863512
-0.7639272112052815
-0.6963169026380711
-0.5468985504116675
0.4144419743906255
0.5080298596121207
-0.2339194180493387
0.5600762467921674
-0.012696181270347493
-0.2807522467243135
-0.4463612408990263
-1.2090519626407001
-1.2254437035455494
-1.0439666009020336
-1.0288597732041371
-0.943650465753061
-0.4567698821599134
-0.9292114502029359
-0.06577609928715723
-0.09107502607286284
0.31709280480011814
1.3977283226277128
0.5510327170880314
-0.4601482617419579
-0.06306749995677675
-0.3735111596536956
-0.42999841663275257
-0.17445666526416106
-0.2984495252492559
-0.3059518413849825
0.779654532000929
-0.8032178861425887
-1.1010102008110665
-0.9407771780057002
-0.4030223030856822
-0.5469645858895121
-0.36180303952276854
0.23798726553918423
0.0869296325472806
0.9918078453213712
1.303188634123877
0.6746034658756845
1.4638887160017862
0.6981705707844006
1.3615727019030537
-0.25510977734186524
-0.7961628296593737
-0.8323361023710901
-1.303137322387233
-0.9797731449309977
-0.7266078137686998
-0.2518360421920378
0.7576950479333536
0.7484786845599227
0.9728403555133145
0.13700017608860093
-0.0592236743650823
-0.9010571835896289
-0.7278392421517872
-0.3324794886404431
1.05374042847513
1.210867394832184
0.48317714205985607
0.4776111988650914
2.876050333897129
2.584510331388109
0.9043389827428907
1.4424577623894572
0.8561497708892984
-0.6859113366823177
-1.0528464932072645
-1.1919272279624264
-1.2240425691070347
-1.3077824900372754
1.0935472703766669
-1.1826974238585104
-1.0234057726237857
-0.9751945662897665
-0.7763520389104037
0.7583929826077137
1.3442284011359371
0.6809278129424129
1.0969281127659682
-0.03688262356029075
0.39222002961130803
0.6833279377403664
-0.5072490167080523
-0.2261455503586374
0.42483379288760326
0.6148666583996848
0.06151679376218595
-0.5340005596866809
-0.47886951897240204
0.5461535251294046
-0.2900542256075561
-0.47848149533611417
0.645326753824501
-0.2290640632304592
-0.0994506021241647
-0.6397114646675832
-0.41737116534013896
0.1278750223846472
0.11173817029036064
0.26050696221688285
0.5761652936012902
1.1069398737817608
0.37096906427157433
0.3937926798967444
1.4406507183458341
1.3487333335317988
1.4325064983592675
0.22979809289201517
0.9867137819841951
0.15902323831066087
-0.673245836356604
-0.1622921782813409
0.31005620259014594
-0.09008223461632886
0.3714248486509208
-0.6869130372977215
-0.8179226034331598
-0.17602481358189154
-0.592920759838149
-0.5872303550199908
-0.7639341684089385
-0.6629730313524508
-0.8989486323467968
-0.1217991260159042
0.6827200432085707
-0.3214445875837252
0.9316457652480886
0.1583998901382866
0.5507264769819242
-0.44752956412497535
0.7571453625147769
2.107381196779299
2.0387473272560226
1.2113302265937225
1.7205155219764472
0.4045401976825837
-0.9425884268392648
-0.4679370290851725
-0.8227078960972234
-0.5522764287983992
-0.8877542322044675
-1.2218099042648811
-1.2953894582527485
-1.0226336935365203
0.025042805434187375
2.0898696012935747
1.9486782034902252
1.3962268996389655
-0.7147606924415288
0.8488980965677857
-0.05990714420393212
-1.0156443610435781
-1.3274727459679776
-1.0362597823366166
-1.005942207308541
-1.1166687551149943
-0.9634903105806335
-0.5158159216202393
-0.3212137504963629
-1.3435268667057845
-0.388513775864225
0.11219766571736833
-0.5519662075630787
-0.8483288216413132
0.4288122371676393
-0.0024577401777822606
-0.1672439006463628
-0.00878509736251492
-0.3568409827331867
-1.2848859976260272
-1.3868301609804254
-1.110528852017974
-1.1561690238109976
-1.0719571150049256
-1.0932755389223834
-0.9216267081736202
-1.175667539738809
0.22824321019523497
0.6863237176812315
0.3171826487243711
1.9095089338882811
-1.3626734845360102
5.569677177989122
3.42398362629112
2.416689233816591
1.8388049493459333
0.5666925126613094
-1.372414309447623
-1.2736584403870033
-1.0510411549244125
-0.8844152742544308
-1.0264080663382176
-1.4220600183482242
-1.1452085752336438
-0.5922834971460147
-0.5123537741015753
0.3399324751228042
0.47288178218956056
0.6271600194243121
1.3072829162308712
1.6219683727863787
1.249380915280125
0.07065610618676808
-0.9049837820592749
0.2128987270590911
-0.496387981405573
-0.633016355444647
-0.6861068731499027
-0.48200475743952487
-0.5288323488457677
-0.4407102990133365
0.2558033927200546
0.3941606828583591
0.9551878516041282
-0.8822535975609441
0.5935600192607039
3.789528374005247
2.478563040056752
3.216185965253169
1.9216889884261765
1.944154964723847
1.0627579841648633
-0.5819507311806233
-0.9256808206023586
-1.1778271921050305
-0.48676571522481227
-1.1720492262361366
-0.9160321718032551
-0.8072946857155365
-0.5946189386035966
-0.9316664438117428
-0.8609168380766058
-0.5035636574198592
-0.14650940817007185
-0.6381272132537069
-0.9038397514545636
1.0251221559063997
-0.5983647905423564
-0.5929968469231466
-1.1385252827134391
-1.2478700601623836
-0.036410773986950466
-0.4201176084596698
0.07862951061695447
0.7639616107285995
0.5733637803662525
-0.35321489359591435
-0.5661466814161519
-0.47851074286755785
-0.5679710393806146
-0.997814504056876
-0.9177768028918096
-0.9099669072422438
-1.1154982165672258
-1.1245111958085952
-0.8902991679647322
-0.4791925857961647
-0.23882457835696286
-0.15897303963109394
-1.032430917680811
-0.27324001645385754
0.5789888479512856
0.7707318276774423
0.47235184800529506
1.1336074448016678
0.11200508946861204
2.231546338635564
2.7156155225757956
2.5541260566558646
2.790696074396557
-0.6817736795445476
1.3376022585080338
0.4871924174633122
0.1956340102360396
0.04837675716093119
-0.47642020600717755
-0.16582512659562804
-0.1585409791809558
-0.5972565443864024
-0.5551724993273813
-0.8325072942490263
-0.7112521379872931
-0.957754203734963
0.17933164280443534
0.4744223595958625
-0.1880228510001933
-0.4059078626400366
-0.7200166595938783
-0.8937773111919667
-0.9874387728055577
-1.0777635293589098
0.6248290638094193
-0.9249844797087208
-0.7555367101612201
0.09375180546463523
2.883545173691625
2.158481936880598
2.124546249544524
2.2546410651145545
2.337291789926159
1.2381079863323918
1.0769718755582784
0.6751561117521303
-0.0698658110140734
0.09140331753653717
0.40485436146193426
-0.43044896022589557
-0.5897432538659158
-0.9737385211040578
-1.446839614391105
-1.4408575870457012
-1.40984182590451
-1.0424609403717038
1.1873695022312334
-0.9626053193163424
-0.8585525950524024
-0.22373617963605852
0.17641393206640743
0.08221772086217982
0.13441926704087026
0.3394093710971942
1.2078474340572432
1.8479794100945546
2.2233731456968564
0.9310135903225422
0.940375097265515
0.383514278767169
-0.4315108721873671
-0.49406271735333973
-1.0098040423863235
-1.1795222986798557
-1.1042660558713666
-1.0421860967310135
-1.349886454718754
-1.2504345649025455
