182
-0.41582557738128095
0.3801069929678606
-0.46800521307141135
-0.4427156162404975
-0.44911460329215885
-0.26590243772216093
-0.39740732187652944
-0.2826062258789623
-0.22430121932244645
-0.4764861136385522
0.5208102220067796
-0.348525958162046
1.0619447048295225
-0.36334622406607997
0.59465977376913
-0.40185946650841575
-0.20106532064926164
-0.2425723807056973
0.20817994090730707
-0.3198107322633472
-0.44754726144384277
-0.2662892875393089
-0.2681551658046758
3.181149083943032
11.304020218196063
-0.39288963335034266
1.9010719774304186
0.14570677634887905
0.3282015403022653
0.049142047578291936
-0.16773993427814754
-0.40388816214138656
-0.3074350182906946
-0.08975097832721336
-0.4153931750329221
0.5999804431894952
-0.30222208554828134
-0.3953172943854072
-0.44093384744713193
-0.3091242576029411
-0.39592333781119016
0.07060036239610579
-0.2637846719352566
-0.1744920501988902
-0.3883799318232319
-0.3844864781169491
-0.19881275892861006
1.8223817971241612
-0.1740435398853506
-0.3091621491743042
-0.2603377855078707
-0.17893645808925668
-0.4659480183043876
-0.13794803146586546
1.4733184664497843
0.57337553647544
1.3656210794610326
-0.4582939878568722
-0.41639665061190007
0.7152231228949164
-0.39782050300072563
-0.30765724759162
-0.2927553413210537
0.2510133573057328
-0.1617771649450771
0.10062866503076023
-0.12644407381806144
-0.4568449977717812
-0.46436126987590304
-0.4447976511833488
0.4595704567414847
0.5579587910261407
-0.40259890309185303
-0.39275685903576557
0.9881871036778601
0.12193833027902586
-0.2066470969185589
-0.41030038550312103
1.3155721236524007
-0.051157684537074824
-0.3213200385030342
-0.2033259737071694
-0.06640413405574994
-0.406165940194281
0.10905503448869003
-0.3158161610867008
-0.04312457782315903
-0.3526345468779935
-0.3746123106712527
-0.45683802242257804
-0.44757445830417025
-0.4742070690664951
1.7900919806083337
-0.10330350010348006
-0.44029746317588175
-0.3361547105755368
-0.10624290327208005
0.0005239240183341396
-0.3211480792163209
0.00394580698814603
-0.3358589174059288
-0.2938950825172351
-0.40506118400008373
-0.4331362328423733
0.8799625634858735
0.7019216383909477
0.13484473221239468
-0.4136726167714648
-0.1543520874036117
0.33847064902196644
0.24170759796296093
-0.24228450934809695
-0.016207942304733353
-0.2131148836031013
-0.1392783779083223
0.0612638364909877
-0.3255843436529746
-0.4593397672516655
0.42325801137273034
-0.4127592659886069
-0.12967538319002836
-0.3645600836771265
-0.275800058239356
1.7011719016488633
-0.4654459555221544
-0.43530852242229995
-0.18969470880451092
0.020269851798053164
0.5790786165693531
-0.10867289459045773
-0.33562542650785365
-0.36029091248332396
0.14148115957990384
0.9653476417276009
-0.34682389909281847
-0.4477344939026957
-0.4167948994970233
-0.47394578657180664
-0.40251924693676183
-0.35349917872350717
-0.06676079696867175
-0.2485950007030554
0.13480662361597595
-0.36137008716873037
0.22033703977629232
-0.37557836214636525
-0.4549720459999753
-0.09279376505939273
-0.2838993029720156
-0.32462667359279085
-0.38710949304979625
-0.11569174747378652
1.0814890927317413
0.6132725074700061
-0.46168966622366814
0.5156704604461051
0.008554270720170027
-0.2723115485525679
-0.3782491936480034
-0.4117366433005697
-0.42650259389857864
-0.36629368655555655
-0.3204082934875522
-0.4270003060159373
-0.3702388532510167
-0.0019570204280519527
-0.4375729477029823
0.16473857477663792
-0.2988694434168052
-0.2169298235533888
-0.38785920853050626
-0.24892270605257427
-0.10265829357331573
-0.3123693529110213
-0.43159722567544656
0.07672180397405641
-0.4636606553496618
-0.10522516423148195
-0.20954461575843822
0.664142723643511
-0.2818095024514529
-0.46848484730955753
