182
-0.6918984475406321
-0.7240253025799743
0.34896976626012083
-1.1342289052418069
-0.9383241343213407
-0.4257233260506299
0.010928355800591023
-0.7576543286225683
-1.0679221942454011
-1.1768394127067634
-0.6696989161358773
1.2933378730561536
2.711700171247646
-0.2848570534742329
-0.6956687934387865
-1.1257846275037886
-1.0438883475003804
-0.5819946002130525
0.6382498354829823
-0.47439743012074803
-1.039155128494518
-1.3625450770794088
-0.901462699460138
0.32990751287360265
0.17454887125626917
-1.2123058543186243
0.27669029045520727
-0.6588062227788389
-0.8250482280959545
-0.4682043116469154
0.3753147371172002
-0.7438353017015972
0.3615960642276429
-0.04870838311357002
0.16187389638503624
1.3970245501870704
-0.5069734092915011
-1.202274540214893
-0.9125512236184817
-0.5588864681364393
-0.2482123480493256
-0.04685240470884819
-0.8568344034323366
0.03319346944973817
-1.0270908233204366
-0.48174338590816945
2.504322357961515
1.291637417844781
-1.1956934243217414
-0.910884262437759
-0.21943826857706752
-0.34713216983420947
-0.2689979293984764
-0.031506221480054955
-0.34906939378725615
3.134007662191738
-0.3195741046842299
0.32579686092443144
-0.05817422752628245
1.9078590519044423
-0.35541138085244406
-0.42484998669165913
0.4168382638493967
1.4241231363559577
1.447041850003819
1.6157108317710611
1.3192447541102559
0.10822748256992484
0.8767813888655821
0.03803517950880886
1.6151266639224813
0.9472914117431713
-0.25099618226708675
0.2172813876800363
1.1374071061117816
-0.3060869928768874
0.6354176351762599
0.34677831373138723
4.189562793194552
1.7827564734848562
-0.9052434171772124
-0.3600609942188212
0.2169291563283581
0.5111626854187593
-0.03288942378397579
0.7129120790192517
-0.04931235272196307
-0.7608786457597931
0.5435605203612958
0.6498107174612335
1.4934907872259475
-0.32632018904408344
0.35533294148190764
0.4755639142515426
-0.045901927588682306
2.2014594883773744
0.1499349921216996
-0.007504823442742057
1.3051597755233533
0.6357267332882965
-0.2914518762561347
-0.13235793316016606
1.1302078393648516
1.9936413288964336
3.0012928098980702
1.742211833514779
3.1306261547641308
0.5344656105189848
0.5562264457316314
-0.13242980226558781
0.01096684809964783
-0.010180167504890389
1.399742157135149
-0.26921980224361775
-0.23482174997100247
-0.49132496672047127
0.4661096586834773
-0.8684154136715615
0.20462647934693023
-0.1385824620346117
0.6010429726446748
1.535354950908145
-0.6277368429463599
-0.8182275770521854
-0.5928531192031669
-0.38576049587694844
-0.43945907581577565
-0.4439869869649878
-0.34587923904809126
-1.0143024550803448
-0.7957984053235512
-0.7538861374444012
-0.49969736625043243
0.6275261365744023
-0.5077933032814834
-0.6115283599508542
0.1603103107003471
-0.341729374094814
-0.778109350511159
-0.8445479897737737
-0.6715699281556883
-0.6652063659186717
0.9513403804269986
-0.36837505971991324
0.365330426396612
-0.7464968381227016
-0.5380504127158553
-0.5411218383211679
0.23105907144959376
1.0141631655634236
-1.4734726502428157
-0.7706572325437688
-0.6704694660034151
0.0912786117145335
-0.2878236841063702
-1.2238276033488003
0.4993839527379399
-0.9489514534873693
-0.9033035578140669
-0.8173123111388931
0.5153485138649287
-0.6482626274353356
-0.7208391743574001
0.06198545596951424
-0.46230995575884265
-0.929612314185185
-1.0377180556194094
-0.21140468840756288
-1.1537524696948571
-1.2045870019899314
-0.35598206330853294
-0.06607020798827244
2.996783102932152
-0.5560196408766646
-1.3022122295625913
0.18397402834113588
-0.5265060036635026
-0.570004177528071
-1.3234819654562933
-0.2247872876887547
-1.3590236900209338
-0.5810108945765231
