546
0.296807
0.0158306
0.466028
0.652702
1.06403
1.75887
1.42582
1.5031
1.60496
0.950611
0.640692
-0.513186
-0.840365
1.09943
1.44023
1.68052
1.96944
0.334046
-0.172333
-0.398739
-0.391385
-0.570627
-0.0483738
0.0523843
0.632528
1.5148
1.91259
1.93657
0.368908
-0.630448
0.444924
0.824628
1.43092
0.95765
0.233269
1.19041
0.150432
0.302732
-0.114034
0.483126
0.373139
0.550729
0.273828
1.17266
2.04781
0.984081
1.11242
0.371413
-0.167012
1.27334
1.22317
1.69561
0.250112
0.333685
0.107497
0.10398
0.287919
0.910194
-0.484025
-0.121887
0.416428
0.411107
1.71526
1.16017
1.16887
-0.142295
-0.0373873
-0.0665429
0.522587
-0.322913
0.283718
0.76213
1.27475
2.01636
2.0564
1.75265
0.926477
0.249004
0.0156226
0.363285
-0.249107
-0.014369
-0.453357
0.955508
1.73399
2.00367
0.878493
0.031392
-0.0945441
0.380512
0.60455
0.976154
1.74359
1.06559
1.16915
1.81405
1.85085
1.47389
0.735014
0.324426
0.811635
1.30381
0.535471
0.144412
-0.40902
-0.49241
1.34294
1.48375
1.91473
0.68812
0.237796
-0.152146
0.334844
0.582062
-0.0454042
-0.586262
-0.691042
-0.355614
0.539863
0.776313
1.82419
1.70081
1.38068
-0.287267
1.53073
-0.575173
-0.280801
0.149644
1.4374
1.61027
1.4907
2.28123
1.29876
0.903402
0.0977464
0.968668
-0.0214765
0.641066
0.411623
0.92392
0.203789
0.759454
1.56104
2.35314
2.15911
1.80167
1.36035
1.65685
1.89621
0.841011
0.688668
-0.0760359
0.0502154
-0.112502
0.798151
0.806889
0.899996
0.854062
1.49998
0.826272
0.584406
0.522287
0.441619
0.449942
1.27301
1.49585
1.49802
1.07554
0.502707
1.49323
1.0613
1.62171
0.710526
1.20009
0.86825
-0.13916
0.835582
1.34698
1.68945
0.555054
-0.114494
-0.715764
-0.672646
-0.703562
-0.410728
0.0948466
-0.0525758
0.959516
1.47219
1.82314
0.825772
1.35775
1.65516
0.753292
1.14682
0.625509
0.709648
-0.263819
-0.00207302
0.584633
1.06857
1.5193
1.12283
0.537334
0.385331
0.532089
0.18734
0.0145846
-0.727966
0.117973
1.82311
3.20166
1.35446
3.15862
1.56319
0.72832
-0.158138
0.941209
0.611773
0.7271
0.74307
0.338566
0.731262
-0.00812433
1.15507
-0.279987
-0.00703512
0.4799
0.988493
0.224416
0.699757
0.325039
0.41356
2.66218
2.52836
0.595365
2.09731
0.406969
0.00582077
0.397047
0.808215
0.252882
-0.282757
-0.334064
0.00626193
0.188333
0.640266
0.547965
0.578424
0.99755
-0.133115
0.128484
0.514503
0.999025
1.44984
1.22143
-0.945786
2.50979
0.255214
0.318674
0.510305
-0.263581
1.6086
1.53
1.65111
0.4608
-0.140592
-0.656757
2.49345
-0.818133
-0.589166
0.982144
1.49456
1.50685
0.400546
0.419513
0.410294
-0.6906
0.325486
3.0771
1.1992
1.46215
0.0734519
0.0492603
0.421855
0.443951
1.49708
1.50024
1.46709
0.200405
1.40929
-0.663917
1.05987
1.60585
1.43538
0.234775
0.27826
0.694171
0.89429
-0.263897
0.0842591
1.00722
0.960568
1.54988
0.978946
0.449605
0.743556
0.73786
0.755408
0.180417
0.247715
0.0278582
0.62307
1.05095
0.377176
1.34194
0.651138
1.36827
1.92
1.94851
1.85762
1.41545
0.55696
0.853367
0.128495
-0.11922
0.00306104
0.334567
0.0451704
0.665665
0.232834
0.937219
0.545969
0.179212
0.0936219
0.915863
0.4997
0.741354
0.91119
0.428216
0.360389
1.05389
1.45385
1.55413
1.08777
0.284117
0.760326
1.21962
2.35512
2.04638
1.87401
-0.0490337
0.20156
-0.366391
-0.429014
-0.198563
1.4521
0.190727
1.75847
1.1499
0.374691
-0.0547721
-0.115446
-0.549104
0.778233
0.632729
0.637591
2.19272
-0.487015
2.68837
1.727
0.534294
0.271203
2.16855
1.38518
1.13076
-0.215567
-0.666516
-0.797764
-0.152292
-0.208936
0.514274
0.960515
0.661715
0.514494
0.867938
1.37808
0.729056
0.381291
0.0552627
0.451886
0.560345
0.584692
3.32018
3.28155
2.75683
0.0557987
-0.814068
0.253902
0.15546
0.717604
0.779727
-0.92508
-0.294209
-0.214477
0.567067
1.08923
0.916786
0.66344
0.443214
-0.137466
0.936945
0.336136
0.815933
1.03134
-0.503578
-0.234127
0.356639
1.22629
1.49835
0.719911
1.1527
1.03211
-0.00462482
1.39132
0.993809
1.12346
2.98807
1.91065
2.15486
1.40313
0.635917
0.213968
-0.341917
0.81751
0.288292
1.19542
1.39845
-0.277164
-0.273364
-0.0419241
0.68223
1.18808
1.45306
1.16503
0.315576
-0.246248
1.07812
0.831291
1.79724
1.34199
1.31835
0.17716
0.017302
-0.0578398
0.527024
0.995059
-0.0170629
0.968775
0.649913
0.833654
1.53849
1.63875
1.69464
0.694629
0.777962
0.158913
0.318016
-0.600452
1.06676
0.684398
1.91205
1.20376
1.5849
-0.589878
0.0493332
0.247619
1.09711
1.41116
-0.618693
1.22051
0.460022
1.15455
2.07483
2.14179
1.68941
0.238466
-0.640276
1.27829
1.10929
-0.599887
0.855411
-0.0172388
-0.216222
1.7122
1.87986
1.7674
0.47988
1.13508
1.21857
2.81789
2.45741
-0.712245
1.99785
0.0372327
-0.424466
-0.462406
-0.0693645
0.258264
0.633063
0.928862
0.457283
1.23558
0.608357
1.48826
1.24252
0.453473
0.876526
0.633933
0.0102935
-0.781364
-0.527428
0.40813
0.158471
0.772691
0.229449
1.27065
1.43266
1.67193
-0.0969799
0.186595
-0.273413
-0.456809
-0.459645
-0.587971
1.72209
1.15519
1.16609
1.99138
1.5906
1.00497
-0.114295
-0.433888
-0.507187
-0.986458
-0.447267
