546
1.2072
0.899078
0.558454
-0.424705
-0.331247
0.877751
1.08655
0.663129
-0.0985865
-0.00432858
-0.109962
-0.383487
-0.565085
0.572481
1.39072
1.73466
1.48748
0.838692
-0.287577
-0.318036
-0.330925
-0.00685084
0.383218
0.587473
0.417781
2.53634
2.7416
2.67043
1.6238
0.825291
0.621065
1.04563
1.19023
0.781823
0.290519
0.191221
0.127497
0.0969361
-0.350227
-0.488543
-0.287155
-0.2244
-0.350841
-0.368091
-0.179019
-0.234224
0.0817824
-0.051827
0.218662
0.795729
0.753886
0.251441
-0.255894
-0.364253
-0.398365
-0.107996
-0.237224
-0.687125
-0.549877
-0.02852
0.141546
-0.0810728
0.498112
0.505025
0.204004
-0.447985
-0.442734
-0.618883
-0.575469
-0.659824
-0.78081
-0.660419
-0.384927
1.63116
1.97098
1.77198
-0.582763
-0.655086
-0.6016
-0.409966
-0.810558
-0.619604
-0.583071
-0.567364
0.610983
0.473235
0.409345
-0.309389
-0.284305
-0.31682
-0.300758
0.0479017
0.512862
0.339846
0.388228
2.57447
2.8028
2.68181
0.576972
0.305839
0.917036
-0.397889
1.02498
0.595712
-0.261893
-0.285249
1.42362
1.58143
1.18014
-0.197233
-0.077801
-0.0381479
0.937959
-0.65318
-0.0533787
-0.233427
-0.362397
-0.427819
-0.588788
-0.624142
-0.0655209
-0.0853105
-0.361061
-0.556381
-0.324388
-0.809825
-0.850695
-0.138176
0.981268
1.13756
0.785306
-0.392515
-0.120757
-0.268374
-0.2668
0.18459
-0.367506
-0.301207
-0.331235
-0.435252
-0.541618
-0.0763224
0.555908
1.12983
2.11132
2.06711
0.348277
1.80119
0.255223
0.431723
0.24598
0.331233
0.505233
0.124554
-0.60968
0.0997305
0.219327
0.319727
0.484106
0.566632
0.563652
0.260623
0.33397
0.341977
1.65624
2.0748
1.96526
1.25683
-0.339384
0.865979
1.0266
0.963273
0.510356
-0.216047
-0.201727
-0.493091
0.261483
0.557313
0.446475
0.13481
0.217184
-0.358904
-0.659185
-0.514279
-0.422074
-0.449046
-0.221787
-0.360994
-0.566836
-0.510107
0.42203
-0.502982
-0.159119
-0.0353725
-0.0191525
-0.226211
-0.396911
-0.371422
-0.198932
0.125435
0.175454
0.578868
-0.063129
-0.585154
-0.415868
-0.512507
-0.401758
-0.246834
-0.191101
-0.0414426
0.214465
1.4057
0.416556
1.54829
1.174
-0.298803
0.0804425
0.293072
0.31483
-0.10572
0.0454054
-0.188564
-0.542239
0.163172
0.183327
-0.726466
-0.478849
-0.263074
-0.0395324
-0.3295
-0.503263
-0.520345
-0.0882339
2.70329
2.96668
0.21274
2.9477
1.67988
1.09138
0.72536
0.983434
0.665999
0.464711
-0.0800959
-0.0112999
0.151395
0.39901
0.123413
0.0239566
-0.455561
-0.465433
-0.414361
-0.477386
-0.282253
-0.291885
-0.433405
-0.726138
2.48011
-0.63281
-0.646881
-0.479915
-0.385518
1.44131
1.81936
1.54757
0.879226
-0.415753
-0.710623
3.3346
-0.503219
-0.503041
1.27511
1.62257
1.37479
-0.594728
-0.559488
-0.632624
-0.502428
-0.0222638
3.48459
0.985597
0.830661
0.797661
-0.503506
-0.472835
-0.474217
1.75868
2.01691
1.9415
-0.131039
3.50857
-0.595768
1.33817
1.52605
1.19222
0.160113
0.0010589
-0.00288798
-0.340934
-0.439819
-0.0509219
3.38065
1.34121
1.56216
1.52755
0.61233
0.870716
0.842599
0.724738
-0.144468
-0.0980353
-0.297568
3.33654
-0.469678
-0.361795
-0.371391
-0.349547
0.0534787
1.55348
1.79587
1.5615
0.833396
0.156585
3.42141
0.080902
-0.0346763
-0.244291
-0.614708
-0.690373
-0.646899
-0.392768
-0.22256
0.0131864
0.190507
-0.498746
3.34973
0.202995
0.241939
0.29774
0.183639
-0.0912746
-0.37692
-0.358781
-0.329312
-0.473905
-0.547458
3.25174
-0.310202
2.46872
2.72742
2.59683
0.514717
-0.0647476
-0.171937
-0.395623
0.429643
1.79164
2.48366
2.09232
1.95902
-0.393388
-0.414131
-0.592806
-0.542168
-0.544876
-0.0611633
-0.0550286
0.15488
2.00228
0.102095
0.0593485
-0.359038
-0.42238
1.59395
1.76529
1.37582
-0.068898
-0.169574
-0.6326
2.66431
-0.318716
0.203116
0.241065
-0.019939
-0.403091
-0.481599
-0.560473
-0.549206
-0.621024
-0.649151
2.64934
-0.476712
-0.118409
2.59422
2.7456
2.42563
1.05815
-0.216902
0.460818
0.557426
0.4655
2.38648
0.285912
0.44242
-0.352242
-0.451039
-0.388452
-0.194498
0.378582
0.331745
-0.0247161
0.297116
2.05885
0.170672
-0.344133
-0.529238
-0.283013
-0.135454
-0.0376985
-0.455631
-0.274126
0.355309
0.308548
1.42213
-0.0792702
0.380332
0.599217
2.79116
2.9683
3.02327
1.3762
1.04452
0.485315
0.222655
1.33153
0.614081
0.69317
-0.198002
-0.219604
-0.230569
-0.27452
-0.0361537
0.542543
1.68942
1.9405
-0.526375
1.00875
2.08325
1.90438
1.45905
0.655163
0.280566
0.154042
-0.618954
-0.669931
-0.341891
-0.307546
0.964046
-0.357224
-0.159449
-0.0291331
-0.115408
-0.279935
-0.656903
-0.443826
-0.471205
-0.517996
-0.158768
0.52344
-0.0496313
-0.207372
1.1063
1.36156
1.02249
0.709489
0.505631
0.135368
0.255923
0.0781119
0.243823
0.953158
1.1223
0.737564
1.59762
2.27185
2.41461
2.13659
2.02805
1.75612
1.2723
-0.248759
0.502437
0.156164
0.171494
1.66692
1.84601
1.52171
-0.0674576
0.39194
0.795758
3.31074
3.43154
-0.681414
3.31985
1.35143
0.569777
0.326858
0.678732
0.65733
1.0809
1.28853
0.739636
1.5995
-0.483413
2.07982
2.05377
1.87046
1.73366
1.37745
0.362346
-0.646959
-0.578796
-0.189535
-0.0253475
-0.347406
-0.226731
1.0532
1.12675
1.23559
0.997601
0.668443
0.228375
-0.438845
-0.515588
-0.550118
0.264997
1.15341
1.36844
1.23005
0.925677
0.572482
-0.367376
-0.266227
-0.480996
-0.678194
-0.720478
