546
-1.3716618394938291
-1.1839602648827363
0.6568659594345226
0.9596869243695346
0.7126254556546181
0.9173618084447019
1.0193781532057882
0.10886528963421077
-0.19156857547479803
-0.6405285346486834
-0.31184923056917674
-0.0609547968493017
-0.4153566403456084
1.2915439689019255
0.23654748354254748
0.48157164046754153
0.6825635071428201
-0.7325731019989304
-0.9110881750124378
-1.3271688975946418
-1.1372894463136876
-1.0364156662315616
-0.66103216919882
-0.38672361834791125
1.5784145748081324
0.2838089769302105
0.6952651902744977
0.1773246174699156
-0.40771138633728166
0.22302826557853672
1.0945817075267117
1.300374539336486
0.531160133516781
0.14048230795163202
-0.3726094285777477
0.9940342679831446
-0.599969814339728
-0.25738737663623895
-0.9738264403704113
-0.7018061730856765
-0.5968449889324111
0.4272731456480928
0.9267033513870175
0.9778983712933532
0.39913764135340574
0.15433525813870183
0.8790494956477473
-0.16548906755042445
-0.6826146936911258
-0.8457172579446924
-0.4662782558702282
0.16373894721543805
1.008690220605922
0.41264047774096574
0.07697927054581911
-0.3315611176060265
-0.8824816568427587
-0.1533656023477647
1.038613665032467
0.3999778169392567
0.9972256015926113
-0.389290224588085
-0.41857169457568594
-0.970474721407181
-0.7228913545738941
-0.704324945944578
-0.6216474672934099
-0.3357378760299245
-0.7133286058271946
-0.7891277424836911
-0.8841216833959633
-0.8954175510035947
-0.15039930754043032
0.6232351426486221
0.6214872886937313
0.37986141371723786
-0.28882620145273596
-0.9165493451196576
-0.7796765066648461
-1.338445978082159
-0.4091742836394504
-0.4260748919662601
-0.6646386341221585
-0.2793874325403623
-0.7317636359960911
-0.45020806807826136
-1.099559716300369
-0.3956759976536268
-0.6494230308859287
-0.11592175300732786
-0.9849293774020809
-0.7268175981234148
0.038770299527687326
0.1210909939866599
2.2330149180731333
1.6162434884864258
1.4888591364535289
-0.42524130494070955
-0.5003356939653419
0.9682623500057975
1.012025799248457
-0.6867876300950982
0.11016371210912541
-1.2712036549933838
-0.8615441549766336
-0.6685421390061145
-0.4407379564107045
2.9517741939212554
4.463727211104254
4.277494814393957
2.2137226534428875
2.3582856358219986
-1.0362306448072756
-0.6355439226805379
1.1457092932596113
0.07810305187181936
-1.084848053164377
-0.7691299137945686
-0.6799389008207098
-0.9293517179562542
0.1018368064285986
-0.22824924969005747
-0.19260423363160042
-0.941720793400393
-0.9260802552022492
0.6820725448529812
0.020418676626446513
0.4630556032902015
-0.4672861895598016
1.219349888166484
0.8210968633621565
0.5884985956933672
-0.6985546350599754
-0.32718759511983203
-0.9750161780370441
-0.5196491301395901
-0.8972708602096318
-0.8539787730536559
-0.5312577801766403
-0.5069523659357044
-0.8612846331951101
-0.9398903403711595
1.8377750180462322
2.242982448255616
2.2875035551292804
0.609081116042424
-0.6176554680269374
-0.11518905294885877
0.15679501942885998
0.21262901913511922
0.2030294303774239
-0.4635221281033202
-0.8260627969275516
-0.6120494853537045
-0.3434242518841454
-0.2928327890517771
1.524984003694544
-0.10152250579367778
1.538902593973186
1.2286664324979597
-0.03569461516574726
0.006977613516441001
0.020830661777576347
-0.17644033229098852
-1.053264544865846
-0.23104472440706209
-0.1996004850814428
-0.5029761150141575
-0.3973361282611581
0.025774551045705234
1.0026514544405856
0.5257284904460918
0.0649117345983611
-1.237418584651548
-0.020401641859891115
-0.5475328369059127
-0.43968706526013956
-0.9300200512482543
0.33689378860863817
0.3359049552472289
1.084681802853249
0.9474179735999074
0.4418012602453197
-0.6747659406443112
-0.3342353582563112
-1.0344077731882695
-0.14746904940773042
-0.10033552371915737
0.6787653754650055
0.19140618088906444
0.6932934064922314
-0.5388676945720113
-0.5785513052280055
0.7089558397733823
1.3773573719455123
0.08382742525076414
-0.948870656511472
-0.13992762616728988
-0.24355607100935786
-0.5329068283846315
-1.267819474578676
2.64016298209891
-1.135197938361001
-0.8075640431622454
0.18597133240471755
0.6733824519922889
0.2593592784248405
-0.34448676618825275
-0.7849968020961345
-0.3725441423234967
-0.7335125582550258
-0.23091997538801076
2.000977882153128
-0.1131180682486745
-0.3587782207718918
-0.2291605858396501
-0.471493287661481
-0.5977399455847823
-0.09970582725932514
-0.43859557021699264
0.006403391384419983
-0.3839877038069911
-0.06455038491301941
-1.05564808041284
0.46447698144001043
-0.9952963262510413
-0.8376475698009667
-1.1880261130654388
-1.0422071313004568
-0.8677927285050647
0.2560105846364805
1.0358145817274487
-0.11065832756587134
0.7346988083890155
-0.3781078510956349
-0.6374879986475782
1.384808082182992
0.7487159499510279
0.34005969143355375
-0.6198574311707072
-1.253198936658188
-0.41673602802847026
-0.6784082637958682
-0.6483934639429283
-0.7924556282994304
-0.5850420249449122
-0.11103994724022331
-0.06684877798925674
3.3585668534928543
2.841256137847496
3.0163185130093093
-0.2528633029958742
-0.7520470724686854
-1.0407712419190855
-0.8889081249921333
-0.5460894001934633
-0.40106709827940284
-0.31961100807618364
-0.5165786967416303
-0.70409016423207
-0.5612423139582625
-0.7617890342597433
-0.5456870980567236
-1.0512813568152835
-0.7396378670832886
-0.47493310864917326
0.1312300596971077
1.2615839254286882
-0.6489393729533456
0.5492675856579718
0.2598785594792125
-0.47073907960263806
-0.4777922634240698
-0.8614361074422953
0.025694297489677383
-0.40640572872748953
-0.5158611598766998
-1.136188422823077
-0.9513706545576645
-0.518695100549505
-1.2050335129568819
-0.9779849680015539
-0.37701058336429755
-0.10424078287915045
0.08155204078788897
-0.39561976723486375
0.7705541170228906
0.8697138171881027
1.100351799369479
0.8543661175894309
-0.4752011978587233
0.34379546485025025
1.4618117101725372
1.3326761725171183
1.2968261916234014
-0.530713746280687
-0.9141244314980256
-0.8801979844941136
-1.283281755531931
-0.25018665872182577
1.4854041077105318
-0.8626885923497444
1.0259085193164217
0.7470241851333348
-0.46408734327452733
0.30143689228409454
0.1052137851134488
-0.1752722387423068
-0.11755886925236098
-0.3638974671322947
-0.5714156691697452
-1.0375915778496199
-1.2378795187903955
-0.9803197734184698
-0.719193571734399
-0.7261697273428672
-0.4539042801592445
-0.6578917188610646
-0.3902498294679493
0.3601453946918809
0.8822249478865931
3.9463400574514607
3.4226129487631045
-0.23335024277359448
3.470660359473599
0.11741590364809174
-0.401865449214741
-0.8545676633186488
-0.37148163972126375
-0.466847565041684
-0.8253481359087544
-0.823264955051083
-0.5486924763340166
-0.2509249932620611
-1.0760113109425196
0.2747388064128947
-0.452100010828556
-0.5414015591805555
-1.3406043018896103
-0.8522112700922782
1.1791213922321664
1.1852860082887426
0.6937042565858169
-0.34700548621964755
-0.41104635862886424
-1.0095226141437794
0.15061316766741256
-0.8475997698065789
-0.6543113861630997
-0.8504712436895213
-0.988832402102782
-0.5195856542163135
0.9579021433842022
1.3604217045389382
0.05938941462121186
0.6913800515593783
1.0323433861443814
-0.6526985234485896
0.720255123899127
-0.5050436084120254
-0.4242780266753746
-0.053444912731662964
-0.024999651588795625
-0.7254651204350312
-1.1394788426657896
-1.101834464102307
0.5413773835316851
0.9099127786602929
-0.8185974442229191
0.5913910889212112
-0.8188760237156275
-0.9123311414398733
-0.9721393539093112
-0.2910753259707774
-0.40437661187065044
-0.5015045069716348
-0.4996021722081749
-0.1895436258313281
-0.06480879872980905
-0.960547204424315
-0.3973501244397715
-0.778797491073211
-1.1515995801227021
-1.3607801558073676
-0.8637626143734312
0.41706178434219654
0.7759273453521144
3.083229471407548
2.107986649269046
2.1875924882117572
-1.054887101741159
0.08066836822784196
-0.5235277869243545
1.1768820734740746
1.223988772690357
0.5701271821761238
-1.0854773384435816
-1.3412551930408911
-0.28050072348841326
0.5211650030913304
2.753433421839076
-0.8746729210450169
2.0872974009095917
1.286646006263264
-0.4110950607336955
-0.003052276356088355
0.4384863529074995
1.2678961874510033
0.5095077499650456
-0.29464929491073655
-1.2077736099708
-0.4404255426011293
-0.4698403578655634
-0.13125742648350394
-0.32242563005606767
-0.10218818587398673
-0.6710861626364004
0.09171292863722716
-0.21165280843432996
-0.3042543781442318
-1.4622002773902065
-1.135527362439087
-1.1337204777776222
-0.7131816864087488
-1.043117931677822
0.19880045773449762
0.3210114852789038
1.947990121130201
1.0418359498720655
1.0005324413645422
-0.04877903250164807
-0.49288393353359056
-1.0998892072662338
-0.7535759214519058
-0.33529509109101513
-0.8104803903752358
-0.22147801974261283
-0.4366270525416671
-0.4557083520504755
-1.4575418355688357
0.26983361282534546
1.5389152737862968
2.1394225459862524
0.571511753595227
0.014604658947929571
-1.089337470089217
-0.09653015191851162
-0.7682414738331087
-0.6090312043829911
-0.714728646271279
0.1364410415211487
-0.25642544426174146
0.07165181474798049
0.7341074835591385
0.8927473867579949
1.035232063120872
-0.36796110961006784
-0.18120155526291362
-0.6628061465737387
-0.7089436464539872
0.7445734457555857
0.7235394765129194
0.839641121486497
2.2512972202593886
2.466509438771117
0.6478155343575361
-0.97764127070043
-1.3111055860719187
-0.9848092889010734
-1.2825235490650788
-0.7723748158258313
-0.9947415849829901
-1.1688460469242221
-0.8072859847072759
0.1526325955895971
0.32015786950155184
2.15497225263567
2.2778080611415983
0.9774762830656223
-0.9036229125045162
-1.0276226570257823
-0.5990530095379648
0.031871116982472726
0.2259680737585302
-0.11340230203724169
1.7007532436293025
1.6663829524866458
2.3612636217241145
0.7420407916450678
0.6241816064424114
-0.3387492381853798
-0.5302721943504828
-0.6666003299450609
-0.5476083414391433
1.154910876559608
1.1329428579479814
0.9850389237003676
1.474117261945937
3.687364338691052
3.418665690944992
2.1183163874274937
0.18774065088597922
-0.5368814830360036
-0.7619669180175322
-0.6852196879764679
0.14871565824995164
0.7557994880890638
0.2858417788839056
1.6819536617488484
1.14194180185426
0.963099552796042
-0.4497558191259138
-0.6719446987795311
0.8307384077210471
-0.5672423549183634
1.107171559832755
1.2486229732199707
1.0907436346335868
-0.7915201384683642
-0.8398941570997381
-1.2255283034620892
-1.0714326876151394
-0.9101996062743557
-0.9334634926000788
1.0565816020527907
-1.0295548684255245
-0.982567591789574
-0.9029789038679915
-0.5629660207584529
-0.9420486834281119
0.37540343532272535
0.36128823830905743
0.46618343136842455
-0.7116604391311538
-1.0922376622941414
1.4698463018026604
-0.3682082206705089
-0.5543076266698642
-0.2590812507471611
-0.6116826751052021
-0.975171322492709
-0.6192537484032069
0.1931129963243522
0.5243042473206243
0.12956730932696695
0.6881455962904749
