182
1.609058555581031
-0.003910774641386372
0.1269216358746115
-0.5291465979016975
-0.6956406143485593
-0.6769559666126929
-0.6152104067675706
-0.5239745343202888
-0.41557405403578207
-0.5158133926152374
2.6742819837478917
0.277951930771887
-0.4612027492696729
0.024007616372712284
-0.398195311380663
-0.4523789189552289
0.45674350200819713
-0.710631443307989
0.8704127809841962
-0.16945902711015415
-0.7075753638693658
-0.6278967272206307
-0.5512893983723106
0.22585653627223895
-0.015012664639481005
-0.2196451108289013
2.292454689073669
-0.036687495660346105
-0.06767109819083644
-0.45802550124307284
0.052941843835875524
-0.001004910732651721
-0.45221740486165873
0.39248419808999313
-0.4979576571444168
0.6020182785413268
-0.33773207685171697
-0.328985860834175
-0.5740187527347043
-0.6550448136251775
-0.6166350393804666
0.22838100740870196
-0.33340303094321655
-0.5908238548354723
-0.635101344729202
-0.5413797561996102
-0.22255436523217628
0.6663329563260791
-0.6637213856485916
-0.3329723275452418
-0.6328686248740346
-0.667513752807923
-0.36916221797660054
-0.7178974361017721
-0.4051584364142858
-0.7458406206546804
0.7105001246201337
-0.2789528706261733
-0.3290090155391984
-0.3026290000538058
-0.29342402615295304
8.384003313352178
0.8399087111944176
0.15287302776422193
0.028946982228992814
-0.32504886079029727
-0.44480991436666223
-0.14104375565192054
0.67254142423599
-0.46273676638051353
1.123486258793031
-0.4071110898611624
0.5583454397801022
-0.031024131900525845
-0.25836956897994384
0.10736731767196751
-0.005675973105211683
0.21532984324307047
-0.029669044307801755
-0.4863948673475491
-0.27587780887374813
-0.473506203006122
1.93661753049615
0.4472451341263014
0.4628564202473354
0.9372606168837639
0.7672698382525801
-0.045206677300493416
0.3316031933395181
0.4851344958656522
-0.2682817662036443
0.05264421872353346
2.4419242149107583
0.11619885309656693
-0.530656527356267
-0.5404171514017319
-0.30492487294312964
0.14421176240469163
-0.15938211594756316
3.953017510091568
0.7811093182328652
-0.29479128615709344
0.389663875892698
-0.5068994272279965
-0.46259541647972463
-0.22192664065025322
0.4341724489516694
-0.5235951796437504
-0.7154080870069677
0.7708729783114757
2.0088573768222004
-0.419579137685196
-0.5040119920339234
-0.6383620128634411
0.784962897041498
-0.5442874444386269
-0.7110907615266671
-0.3476198245938926
-0.6660241707482767
-0.6951671952674241
0.18569139906456414
0.35038874683278926
-0.53253045134445
0.3057641170075911
-0.6971657006708549
-0.6026111946383994
4.283954945219003
-0.3696941806115268
0.18809582887468776
-0.4286131047635474
0.18224019090001004
0.4485596489746484
-0.34747079927021224
2.2642275077425973
-0.18515344518401483
-0.38290397990706093
-0.3892918457116657
-0.5617866024244533
0.049617225967278855
0.010054678289997279
-0.7407128349668918
-0.6826666699699641
-0.5101320330091456
-0.5306952106698357
-0.5778307268604952
0.6334203492963156
-0.28223043621071503
-0.7425457933996027
-0.6074523781157979
-0.4571705030965804
-0.6792522809097156
0.32000633632689934
-0.582397092241932
-0.43138095283719713
-0.5983796904405286
-0.3618164837589708
0.7557590548671674
0.030501998695107155
-0.631139697913573
0.18831312295491423
-0.42890311886889365
-0.26262694034746903
0.8790185092774842
-0.5699683456492123
-0.7075801775646717
-0.4070005870651041
-0.3682998604138667
-0.34561019861994585
-0.49514049733202503
-0.698168966435501
1.2814218548729173
0.05453353184176753
-0.023099427484123514
-0.4118902875793581
-0.5023758263401381
-0.4194383575884193
-0.6466627347764845
-0.31575405888734054
-0.6114101222085295
1.0984296053353655
-0.4819386164177311
-0.6204776754591945
