182
0.3243885964876531
-0.17722989177944035
-1.218250212458977
-0.9087763318798444
-0.1691940974571893
1.8826292828462408
-0.427511841634476
-0.43637663836348806
2.3583751501987114
0.3380395331579372
-0.19819435892311504
-0.6133545968431108
-0.9876360584668542
-0.7960307006411339
-1.3240057404780763
0.0922162735932877
-0.24418378186701545
1.803721409879808
-0.42606602069560984
-0.321580657330515
-0.22769951131056534
-0.19542702635815076
-0.9210401238591865
1.7556197886241096
-0.18630721944164091
-0.39590302484667744
-1.035233515836983
-0.5875322063210321
0.8667696958844102
-0.6247843904976167
0.880108241151733
0.8601742646910459
-0.18350412645752684
3.856195503472175
2.03209149065786
0.6744774392546156
0.5391661269813499
-0.6763435319275272
-0.8585565157967352
0.24942837279899557
-0.6088996210373585
0.8360170182469241
1.172808080917048
-0.054951142551351806
0.5819592711396392
-0.8281417104778379
0.4036519505117363
0.18441876545798097
-0.39997450764157483
-0.5625809538568709
-0.5871712626066307
-0.5333165981026043
-0.3495081211190923
0.9760744738020807
0.7696553782075591
-0.3131561627279366
-1.1371141521128976
-0.42277520696379467
-0.01988700797983252
0.3759729900424857
-1.0097462722969148
-0.7893312536291551
0.2912231571851876
1.778352947216389
0.24361012124692538
-0.23748096686825115
-0.4963544908952617
-0.4210586246257318
-0.904431934964355
-0.47103473649685235
0.5987122693126347
0.6584930171455178
-0.7785492806957135
-0.1851732810191157
0.6257010534824353
-0.8753128093300925
-0.9624690938753452
0.4674878668980329
4.219344075465177
-1.0445547409671856
-0.2684672792848416
-0.6742816373766161
-1.1056022795878733
-0.19286602534520242
-0.778784941811785
1.101364651508165
2.3052409582211064
1.3615844672303756
0.2941224378079378
-0.4052453830316432
-0.2962791135315938
-0.5085682110024086
-0.9111702902651555
0.264206788687642
0.13571546642576396
0.22446519313660696
-0.10240492115283427
-0.5046998418860831
0.1868908316699832
-0.6491986059321335
-0.9341162593045605
-1.0547633114670332
0.3707685585324006
0.49084180938290495
4.391518980806717
0.7354641657460441
0.7065590526376276
-0.7537894524711062
-0.6705671707384347
-0.3923482467447157
-0.537617522698786
-0.4961234950980415
0.6494920041880174
-0.20841020276239383
0.4328692627880445
-0.9861539457223119
0.5900031869052771
1.123731817559776
-0.5815291169115978
1.679604846563402
-1.2379329927418028
-0.590053812468327
0.772091741500907
0.08365247518785358
1.1841626969318089
-1.0989464412108474
0.7089232331403367
-0.5517169157209733
0.4114761575881611
-0.274526832106882
-0.47120502492251204
-0.5012988711295475
-0.5973006806896575
0.20615547186689573
-0.11395239301901537
-0.9505030853899274
-1.0235180342491015
0.08087685964216217
0.7553222003474831
-0.6211141281513598
-0.5387280823756342
1.3712918884088952
-0.764933241512718
-0.3997980283864601
-0.9668289976939788
-0.3568323549163779
-1.1318169128978812
0.03279989768010945
-0.36650836053544794
-0.26583079205779153
-0.27224336664778576
1.699509779956846
-0.865624814394866
-0.33261100565521945
-0.41440609471927947
-0.15013814722435767
-1.0214131118417595
-0.4600757538354703
-0.5380674643408605
0.5323918662809656
2.684552298443888
-0.6294045233591125
1.4982920102491155
0.093516479307433
-1.0700976276299332
-0.3398395359830958
0.01850718611624223
-0.9443725264840764
0.66676000866705
-0.38965854520772963
-0.493074596657177
-1.1699853575348826
-0.8299400724339574
2.267419206911492
-0.166926822648963
-0.6320325776111505
-0.9259993489617282
2.8721101520033243
-0.13131720227825291
-0.6955000031624307
-0.525431767367115
-0.7129501393895681
