546
0.38754681192247875
-0.6121057884515133
2.1953898265306813
-0.6617430678417647
-0.2679078825228044
0.8507455669665098
1.424763357181002
0.4962850862393177
1.8384705242027801
1.3858345644200794
0.9431535783446546
-0.9164798812393166
-0.15186923500094981
1.2010721129584547
-0.5611147963642532
-0.394333310508963
-0.5293457824958218
0.07111467629456689
0.6432412543727098
0.39293501624455
-0.823555272447799
-1.117186212990805
-1.3711669736649166
-0.6354841290179088
0.6929425677452994
-0.34787815247662235
2.2006412267581394
2.3008929153079962
2.6400432785430508
3.4823686730611754
3.156965775603306
3.365263581192733
-0.16692108312419907
-0.2658629809928762
-0.34004097561718544
-1.134611661898906
-0.13531342232194982
-0.5992333437274738
-1.2771042933324799
-1.2420341956305774
-1.0053290677386586
-0.6259045783378038
-0.7390169514357322
-1.0732247565010318
-0.47933390482000515
-0.21162065792476656
-0.8686294751095475
-0.3034415573511377
-0.5171810039317611
-0.7480161680832608
0.5591896556782312
0.4904145930330442
0.5041983067422255
-1.19188697774733
-0.7854138093536818
-0.022953078774976116
0.29858452220903725
-1.1324297366326044
-0.26600562038291925
-0.9447923551761821
-0.819096618044716
-0.7693345968345295
-0.6359486580901839
-0.11715433918329515
0.19808053093248948
0.7784391058820432
0.570422504008203
0.49423471172237626
-1.3679898232920498
0.001910481752742198
-1.0008856668793311
-1.2643051967913401
-0.19789904323462043
0.20915569099097983
0.6132405043722536
-0.9901548096730525
-1.3394910229421713
0.37458521269202316
0.32740452463424513
-1.3092095654445837
0.19655985095401113
-1.0628885559399903
-0.9439634082084531
-0.07460179115382018
-0.3960512869696623
-0.005303299168645794
-0.5158920191444061
-0.14043473113904148
-0.6063215974093523
0.5233709299601873
-1.1232819799175677
0.2989356627181913
0.7344811526252693
0.015427083991534429
-0.35360363244587684
-0.7620258923998746
-0.4170674992121182
-0.007077096955521172
0.9707366211125525
2.7995397240844024
2.6837666997734826
-0.9999252956241229
1.738777632972309
-0.2569756883889003
-0.5562113206650272
1.213445831779446
1.3687753354804533
1.1710638031944098
-0.5139026025660877
-0.6550512202434051
0.9592728004709086
0.8300724212888201
-0.2878292931971894
-0.9120440115754622
1.1302156251881694
-0.27489530014184116
-0.7080150530171204
-0.7758444294489425
-0.5213036062649451
0.5893811345203869
2.5114103235970595
1.8068251094924654
0.9716043756288566
-0.7860124922595157
-0.15573120647340766
-1.3437644467243512
-1.2806130321535905
-1.2289517917319606
-1.2163301716078558
1.718702683827291
3.7575224397656943
3.7418683734626614
1.3259026668278573
0.1953055896869661
-1.011901878430641
0.3189771890580308
-0.8623423082346194
-0.737751639722322
-0.5366817626296428
0.01702754253700114
-0.39269695738761873
-0.21535427036319688
0.21975705949028013
1.3538783206156022
0.9177079968284164
-0.04435139519058357
0.10048440553838305
-0.6480608502002556
-1.0763893696343836
-1.117233398742376
-0.5594000114088206
-0.512669607069523
-0.5515368458976961
-1.0948642495982908
-0.40764499350829697
0.26012930217529673
0.568028237082308
-0.021410779360026146
-0.08425483470643753
-0.49761980408222767
-1.0837136685130937
-0.887571745892045
-0.7690968850391389
-1.1805893176723186
-0.8843294055070916
0.39032774076563825
2.1118756752283825
0.9163406234479393
-0.2653490377810781
-0.9390839608867221
-0.8997331481487194
-1.112535849632495
-0.22037144616913681
0.8799281907571301
1.5713001628547307
0.1830867125171544
-1.0067167907277585
-1.1817344101712677
-0.4049741240967812
-0.5184461531685212
0.7879336294604614
1.0695841700752153
0.4258030878473148
-0.5095016691207983
-0.7287551322400896
-0.9183579105894317
-0.5507216788117161
0.14398528888544593
0.2837794291962043
-0.026153846980285316
-0.7084505863539929
-0.8296903480950588
-0.1841680108404395
-0.33617385601006805
-0.7445341615845452
-0.6200958570989913
0.09417780675709175
0.5871217383534872
0.5201824106328634
-0.23606882728526707
0.6465980887341891
-0.8026176191149413
-0.5880060081416326
-0.34287539587213445
-0.8094700136458894
-1.2390602723891824
-1.1257695919118715
-0.41746367300723497
0.009888249370818144
-0.41766422131834857
0.01533877685274854
-0.013296297960065645
-0.7891895545100475
-0.3486467601071702
-0.8695750435487062
-1.1017781434775433
-1.1327559302651984
-0.8247366916203915
-0.27049502243612045
0.005188574805805424
0.7859877587611412
0.14828724794088327
0.05094545834631555
-1.206672869330164
-0.2544062482510568
-0.38402296948471476
-0.43316110529951646
-0.7924256396244199
-1.1929275651746123
-0.9000387912767238
-0.9464450470278399
0.8272315853410577
0.9072932898570394
0.6855218641469544
-0.952252833179398
1.0079451794853376
-0.2510947885721934
-0.7762352435971152
-0.4094460587853837
-0.43680304227919287
0.03063454456682729
-0.5887149025172673
-0.8543661547913622
-0.871943812630715
-0.8234424847595385
-0.3799070837873444
2.413026035172606
1.0937528506703098
1.9334741234882395
0.6786778742120146
-0.7055483077971959
-0.19650410795041884
-0.7519991314515094
-0.7612621402185461
-0.6718977152478529
-0.21515370401776715
-0.3427907888308252
1.8456331691468408
-0.7735164769845656
0.3305642324956769
0.5421888431293858
0.1003817412537886
-0.48422770940610854
0.08745379379292707
0.23998496317929552
-0.27265992628141844
-0.8948465141831942
-1.3278427550658203
0.4339912228933924
-1.3678143943257512
-0.2309027335617453
0.9096655664190355
0.6268453446357088
-0.23914369693682472
-0.9447679895197354
-0.3614852707941128
-0.6909981410093836
-0.648157906152769
-0.42714266434953196
1.2150583937379913
0.20785432957854894
-0.0685037316299316
0.21893607356529296
0.11894950544596906
0.45053341132244923
0.2849870296644575
-1.0107115624162184
-0.5241581599616699
-0.2733353828982639
1.161020010993964
0.8395220524661842
0.9456471580035252
1.2807154242045815
2.2046482796196734
1.644929491189923
-0.24039848394698163
-0.8383463572521472
-0.631754884929093
-0.9057102379616279
-1.0699983724729638
0.4678473489166901
0.8119033162069803
0.28865571518193134
0.6645996963457206
-0.5714419169871384
-0.8559166280670628
-0.1657550118014394
-0.4239520591299194
0.01225465491039164
0.44622074513584825
0.8577052571158773
-0.1868842441726445
-0.8401142710079422
0.11337021633326898
-0.40966638145939316
-0.4252443963429975
-0.832883394322608
-0.15259717234644926
0.05381854867928719
1.6878201979965677
2.0103179880595072
1.3798984197424207
-0.16294899898981097
-0.026483730201099853
-0.995967224630554
-1.4715889333493954
-1.0032234012093981
-1.0383891939992718
-0.803803446363673
-0.882017135725445
-1.1601709626966437
-0.5493638274622887
-0.9170422932656812
-0.7555207838556308
-1.0407859195979419
0.1955106703835525
-0.012361772000502596
0.12134028887011275
0.6734360880608058
-0.28715074190057743
-0.059741298195253506
0.23868280601957848
0.8023466940509892
0.12952321245985393
-1.0027987905545297
-0.5817976598535263
0.3813852423720624
-0.8097313893541592
-0.2358302144144423
-0.6972558308612956
-0.3195125078219374
-0.7794114850689955
-1.1893772358007355
-0.9979451825796087
0.13718304733899614
1.0649840969575102
2.198330009418089
0.5213863418305067
0.8583270494963067
0.320681925106023
-0.4469357858427595
0.3894275020391809
0.32879217361492113
-0.039835762327775255
-0.36570441968038864
2.4339193815430424
3.1618861472020994
3.036805237510773
0.472628868320442
-0.46030599633741914
-0.8478939856065746
-1.211734543232419
-0.9345290573366904
-0.9473257779410355
-0.9074032170519618
0.3513637543651037
0.5858254398956043
1.5101116005513906
0.4975541948483321
2.5571987810292933
0.2857453884349339
-0.5575702543326735
-0.6690116466558628
-0.9761124310005196
-0.25471414888414223
-0.4050328620932756
-0.5954970996544292
-0.6132451833822251
-0.7818379144758214
-1.1485392476672387
2.0338443078252286
-0.9814319872430232
-0.9692970995040392
2.001096338229456
1.980764731534415
2.256101775939336
-0.22867068667734888
-0.5448041116495927
-1.063487520241096
-1.1848198159098635
-1.2451450544384048
1.4687504331604277
-1.1583476698583621
-1.0634204210041964
1.6833936339763902
1.8993431265845448
1.7624048843432725
0.6757163147229197
0.7133056704464846
0.01746305824667219
-0.5574747407226447
-0.064318901663008
-0.2082597923635723
-0.05565567017940681
0.04770379906465781
0.19378735859687904
-0.022001454619983804
-0.3266463769864968
-0.03670889488497602
-0.679632119392149
-0.5908471673317159
-0.7317334262032972
0.24535026972146548
-0.40465243535595136
0.4247063443176202
0.312331580055747
0.03551727852370178
0.32094689158298007
0.27587486569851244
0.6812140717743325
0.6984019875752236
0.26153377536136985
-0.6496166356886629
-0.9092920759533909
0.38700740513984816
-0.5641153795460815
-0.5414122317520137
-0.4653569752860915
-0.34947939154629665
-0.5436682193995772
-0.26155112468972175
0.007082523121935987
1.1441461647446876
-0.2809700387323811
1.8124018151012025
-1.015424784228478
0.037611156470697606
1.7268950374730632
1.0419821987565008
-0.4565652114393428
-0.20772783706522052
-0.5266781913740214
1.1819150986452265
2.6449558135689055
2.813285789302113
-0.03731036745269813
-1.1762419457688331
-0.4479321935793933
-1.4021407006661688
-1.5172672649967058
-1.3275090473084072
-1.263679226354801
-1.253885823392981
-1.0483370083968206
-0.6349508688108014
-0.08026331466563473
0.15176720396644672
1.2912602742846657
-1.3162633445742145
0.8344473170698027
1.308610418918356
1.2271727345907733
1.0966694717132637
-0.1795693275333209
-0.03838285051622595
0.4243911982869485
0.7284779980039929
-0.3728595718228194
-0.15879696093994974
-1.07607160484981
-0.01295317391519118
-0.1270663113409445
-0.45319387805716627
-0.45351735244780716
-0.24539345085818895
-0.11565374503968379
-0.38983252511878214
-0.638419978419264
2.7058320031709235
2.686541452528853
-1.1444730573445132
3.2395705627053077
-0.49506631204903234
-0.27070231818638457
-0.7921089130377232
-0.08514643648340449
1.237209088668787
-1.20330935098759
-1.0862484312798695
-0.9074457457797618
0.27907393907283706
1.5368759820204252
-0.7791437097929172
0.8116710882543303
-0.8706384453054907
1.778017616912312
1.4589949221041505
1.4295780072044173
-0.32021100251295787
-0.5259207922951508
-0.6086489593107147
-0.9944336146335333
-0.9077669679515029
0.7287845139715361
-0.664707643755431
-0.3746515784203524
-0.4830834657339574
-0.83160102378379
-0.19702646284704653
-0.22288578367091866
-0.05837401552575283
-0.044225448625896883
-0.4223467025680685
-0.1564326351744264
1.901832694242708
0.1926235521633505
0.996104936488206
0.5592451529047718
0.5423713915801095
-0.1561505595392534
0.5369018497964811
0.20353714430686878
0.5053245737391898
0.41741150842534536
0.050972908667911175
1.8237097011654808
1.0144457846679902
1.9253699498935875
1.7639338147609005
-0.16533076100143065
-0.742027636295136
-0.9627895548124935
-1.1881672078287908
-0.08118840160392957
-0.5397169175023179
-0.7727631220879176
