182
-0.446856
-0.116113
-0.476763
0.0370494
0.0431952
-0.583223
0.218206
0.656457
1.57533
2.4622
0.189678
-0.485346
-0.814418
-0.200738
0.893121
0.60325
-0.429585
0.361645
1.19656
0.408038
-0.521184
-0.360248
-0.405467
2.38334
4.06958
-0.585937
1.10541
0.523486
-0.476442
-0.403145
-0.698614
-0.609617
-0.71792
2.28317
0.596254
3.09303
0.402994
0.713899
-0.540166
0.581146
-0.18537
-0.24044
-0.660392
-0.297746
-0.385979
-0.61863
1.35843
2.90532
1.68376
0.102632
-0.0399087
-0.513969
-0.163671
0.105249
2.71079
0.681377
2.05176
0.403909
2.49798
2.34742
1.83044
1.87564
1.76693
0.858671
0.132622
1.09361
0.766915
0.368311
0.227461
0.49227
3.16148
1.01027
-0.838172
-0.328417
1.27491
0.52771
0.53109
-0.403863
0.549733
0.12451
0.306578
2.39306
1.80873
0.61088
0.322424
0.730136
1.14081
0.919555
0.984525
0.428235
0.662157
0.344276
3.3488
-0.18612
0.0322604
-0.490864
-0.545593
0.617935
-0.473811
0.485626
-0.345513
-0.545691
-0.494248
-0.285786
2.57221
-0.391413
0.177915
-0.399318
1.3016
1.34882
1.73634
0.695205
0.209522
0.271601
0.282693
0.729424
-0.530765
-0.332303
-0.382052
-0.175416
-0.0963641
0.346697
1.88501
0.719785
-0.660737
-0.654669
-0.893039
0.574255
-0.570406
-0.422693
-0.694823
0.07285
-0.902411
0.685924
-0.401244
-0.767791
0.0208989
0.132827
0.3807
-0.0385759
1.17546
-0.635028
-0.358426
-0.628025
0.469886
-0.934533
-0.515377
-0.350709
-0.648965
-0.180872
-0.554135
0.725245
-0.23667
0.233314
-0.590357
-0.254475
1.47013
0.580405
0.606013
-0.213143
-0.0829438
0.351859
0.645817
1.0094
-0.163822
2.34769
0.389556
0.50501
0.555128
2.26476
1.94822
0.31865
1.37558
1.31264
0.277373
1.18626
0.536012
0.202067
1.33208
2.92425
0.850317
0.388357
