182
-0.46725
-0.172995
-0.521378
0.00252595
0.0390877
-0.597101
0.159804
0.685227
1.56631
2.41429
0.131223
-0.49769
-0.91464
-0.0335305
0.781463
0.583803
-0.399239
0.279359
1.29948
0.282802
-0.578874
-0.463915
-0.380859
2.5888
4.09863
-0.649004
1.12361
0.591885
-0.385131
-0.484673
-0.703485
-0.635379
-0.608605
2.37763
0.581255
3.1062
0.335473
0.693789
-0.601185
0.500982
-0.237986
-0.384412
-0.655285
-0.335657
-0.357263
-0.536832
1.3374
2.99376
1.70704
0.0502895
-0.0206245
-0.648245
-0.081535
-0.0755448
2.78197
0.598586
2.08554
0.359487
2.53506
2.31308
1.94108
1.88076
1.74613
0.780308
0.0401298
1.05417
0.674259
0.224948
0.154769
0.312371
3.12494
1.13878
-0.930805
-0.33031
1.27049
0.413066
0.308447
-0.529502
0.596198
0.0200244
0.208676
2.43126
1.88877
0.509568
0.219846
0.647884
1.13611
0.805152
0.970663
0.389538
0.591727
0.281148
3.2744
-0.307844
-0.137762
-0.609003
-0.590059
0.53396
-0.367353
0.371226
-0.252522
-0.581457
-0.618299
-0.389996
2.59847
-0.438045
0.253074
-0.42055
1.34212
1.40452
1.6162
0.811295
0.202892
0.313317
0.242619
0.698099
-0.581469
-0.37957
-0.45081
-0.25168
-0.171605
0.361597
1.82128
0.803798
-0.571075
-0.69112
-0.862167
0.466309
-0.594614
-0.403995
-0.787298
0.0227356
-0.948858
0.772478
-0.21035
-0.751937
0.0370628
0.0899634
0.398286
0.0412387
1.215
-0.66885
-0.461698
-0.633738
0.42464
-0.947175
-0.529804
-0.465431
-0.604491
-0.240489
-0.480491
0.597475
-0.214677
0.209085
-0.662054
-0.22798
1.43025
0.505194
0.615592
-0.311834
0.0109679
0.398604
0.583465
1.05555
-0.192986
2.52721
0.369574
0.468743
0.490215
2.35339
1.91915
0.23542
1.43285
1.31405
0.300596
1.2576
0.500273
0.123123
1.34108
2.86609
0.919897
0.314514
