546
2.5503474100575083
2.46041908971854
2.253628978799635
-1.2004584077857197
-1.2199578815440881
0.3119084220340536
1.1307559100681548
0.5782869236400537
0.4323939496261372
0.4438809875004245
0.6497327716383098
0.2716105612723478
0.2488370772146852
1.6003188435042963
-0.6360676263818673
-0.40928379434129747
-0.43244597193742423
-0.5028803370338804
-0.15346969766288712
-0.6208204361026025
-0.09609030928934538
0.18468550516581778
0.399087894722986
0.9542795483528519
1.7823354648207879
0.7126518780020572
0.025786515590005183
-1.057327847841447
-1.1784513699203065
-0.15110151267527155
0.9729105655069227
1.7556575302124968
0.21758280300945984
1.0802049842408181
0.6102383278672934
3.074463381252248
0.2853233214994387
-0.46885043333478466
-0.5640507457255063
-0.7869800879415608
-0.8967854301719007
-0.24862380163246298
-0.5955600428989946
-0.8936936831283395
-0.9191955175876101
-1.2216509991533688
4.9928176212500714
-1.2357390270333148
-1.140948573898233
-0.8606858019276256
-0.6816864920929165
-0.5880970225793314
-0.4071754671955687
-0.6541989452008103
-0.34853508028175634
0.5287583417893542
2.136217934104343
3.3639099497799774
0.8781381331439185
-0.2697989503290639
0.22360514709975243
0.3097176090386012
0.15882448365737634
-0.6125329912979628
-0.8411653684741084
-0.9284144985555316
-1.2744782112141833
-1.0254356891865752
1.295624763957678
-1.2087369823665122
-0.9840489553765693
-0.7021726263367817
-0.24460724076597276
1.1006663207307568
1.5070105078875167
0.8956512865020194
0.19431195232840498
0.008691864266266143
0.46129060328119714
-0.812565854515183
-0.5937317478437403
-0.8270626174910968
-0.5443077477290768
-0.5611078842271426
-0.5055550899162626
-0.08264019637636402
-0.3491625993871081
-0.11664523640957469
-0.39471139571509045
-0.1985819460263273
-0.942826134838359
-0.20205934259422517
-0.6167660361231418
-0.8654955080539566
-0.7995888488118935
-0.9798759619518818
-0.7840537380647231
-0.9414276379408982
-0.9388378694037882
-0.9666667504826624
-0.3195058809297678
-0.722411994025033
-0.1455131803524964
0.39768886295023054
3.4769658116315076
3.097234105353952
2.754011970241268
-0.1498899999182579
-1.0255978048860723
-0.7491511689958493
-1.219314077194673
-1.1485778740832853
1.6336511583494981
-0.8044273943587931
-1.2622505177462278
-1.2218121638245674
-1.0456414968561296
-0.713320517123872
-0.04834232939745256
0.3371966559764098
-0.4150453233549266
0.018475367651755586
-0.5959899801818314
0.0767704574037784
-0.887925979577715
-0.16629700655850022
-0.2639603061871034
-0.9914606854377523
-0.2951931520994441
1.3586168843790198
1.788766067594315
0.00788668903463821
-0.09810341822100838
0.06094865883173592
-0.27352460230828113
-0.9796986007751808
-0.2689084546605033
-0.2741577716012905
1.3396900487999706
1.6280236320803123
1.260042788687634
-0.8876150847734143
-1.1473478603993423
-1.1249912604600856
-0.2502575080984803
0.9166450807120838
-0.6708403942865822
0.742393093358623
0.627467140054704
-0.26812648690327123
-0.08478093040164005
0.14717063432973296
-0.12573258432769882
0.250130595840172
0.08312114695249974
-0.6090651968605973
-0.49004027823674784
-1.053735656320564
-0.7900041699488639
-0.9156192858788514
-0.12461439088766794
-0.14593067986162112
-0.2016915547598275
-0.6960054421684284
-0.3483800356551713
-0.2288156251231013
-0.23370827550177342
-0.8435568830185545
-0.11499238611622493
0.04688214180915396
0.13589848661091009
0.25523207548287075
0.22241312830975893
0.47231755168587075
-0.1281723005014678
-0.5638884041428562
-0.7541177176614587
1.186303176464459
1.9293412725804573
0.8511170240634108
2.037528067461197
0.3269395446552277
-0.16199980285227014
-0.9352424828672384
-0.9414283376607597
-0.7207762041757719
-0.8255259843152387
-1.0268286652334324
-1.1158241825370818
-0.33266272597484214
0.4572191417819683
-0.1741121976889495
-0.2261673534134555
-1.0142431753790304
-0.8528524410626693
-0.19522386114157536
2.332700742613839
2.0360402014699344
1.8009593542476972
-0.14397528761670822
-0.5911420342474697
-0.2156617849382181
-0.21320839813487893
-0.5013219225240055
-0.6287789120452316
-0.79930291636984
-0.5787332710289697
-0.3756219707487488
-0.8767976395662566
-1.02026229604295
-0.033022346956312586
0.6516089734617811
0.016042296444080797
1.1608080046338323
1.0951024462889885
0.917036447108979
-0.0059243366652281595
-1.0785091040114236
-0.938036126614299
-1.0981191937934753
-1.1616468070507986
-0.9060424578564584
-0.020461331423255107
-0.026449234755043953
0.3273881798196894
-0.11632916716462148
-0.7213718686097444
-0.41486838771656515
-0.16520627700676896
0.27820293440371524
-0.366340462692202
-0.6952688456539948
-0.9369925563433266
-0.7541258653408529
-0.7106251536966339
-0.2877197794848164
-0.5666951833142618
-0.6582263031249133
-1.004986348126825
-0.6205237460206396
-0.35639572442584566
-0.6725210927086758
-0.7404187335072556
0.7050829001877091
2.347180853793452
3.663016317599851
-0.8153479944339385
1.785865404415236
0.06717652033628838
-0.4761314941899293
-0.8950792054459747
-0.48695381150178757
-0.5714069599021973
-0.4828282984509493
-0.5895411257908694
-0.39940615575679356
-0.297852813958472
-0.07209229892864316
-0.6426292191299655
-0.8203425483728073
-0.9535804194813194
-0.8809883472175585
-1.217969911260148
-1.2089529271202142
-0.9540332751601931
-0.21516506871773114
0.9079914514343531
0.7435787216909251
-0.08110102228300775
0.6489985443898368
0.11286372457012948
0.42599891888896735
0.2505357929025205
-0.407165132921408
-0.40724693665792594
-0.465864887759338
-0.5859912987490493
-0.6570342743926059
-0.8189131907866992
0.5716032079355245
-1.000627633452068
-0.31295431109281185
-0.4499593424354878
0.15517636173379878
-0.8281121877886292
-0.6961019794506994
1.57294691010153
2.1414490849165695
1.6818770087633632
-0.023452373265196162
-0.14941270372405835
-0.4489690493711046
-0.27406559109685874
-0.03497860316092492
-0.10005981368812265
-0.801588416251391
-0.33689636996476446
0.1447059483108822
-0.28591269591044177
-0.9287704445385351
-0.33044149871740885
0.7525822729029452
-0.1701490787910286
-0.3094704511661703
-1.213751381624344
-0.7570066644949879
-0.49145442251144816
-0.665319818035353
0.1346223026643791
0.2624124308026564
1.293809257774352
1.2090210060760778
2.224500111528804
0.6472705523172412
0.5243850780224634
-0.19725235352501136
-0.04672327256357546
-0.9706279329169001
-0.9512538712139557
1.8675173599045976
2.0719471671068073
2.095046944980453
-0.2717782557451541
2.5010339164930366
-0.3175222537861733
-0.8271475195923745
-0.9879713365666861
0.022321878590040322
0.1280792622675544
-0.13987911653015933
-0.6330436882926557
-0.8060436865510294
-0.3805963844804447
-0.7266101272154694
-0.05414797237418787
2.0748860174822883
-0.5208812409209193
-1.0144308765923944
-0.8745546948709673
-0.9056054238030751
-0.2946068325460236
-0.26379036775746656
1.1470311032685758
0.6987450987361435
0.7074190047649623
1.6510791934467928
0.9188812711319115
1.8759908159286736
1.891064310632031
0.15654976366414322
-0.31533608577199795
-0.3809041493193984
-0.49553565856692056
-0.8939841641588913
-0.8377779598545411
-1.0198149681869395
0.9553671439064612
1.2964744128659684
1.8373600134652563
1.8040744442269587
0.6152290455975611
-0.33366441778470735
-0.7984556910363516
-0.9951015151583164
-0.9931384462620748
-0.6556641928068048
-0.8091522480256748
-0.7927592220681426
0.16505048837639458
-0.15827321509515443
0.09525929442506594
1.5785108208586167
0.29177083092254186
-0.17961579839723535
-0.9184742059508071
-0.9348783660429058
-0.6616125787533771
-0.33724229225855556
-0.4491322867464251
-0.5627342394853868
-0.6774274617952144
-1.288407481204727
-0.9176492383892882
-0.7834527716783207
-0.21543323397009206
-0.32301398389536606
0.5538166510382958
1.3138906269339439
2.1584762871215117
1.5409790899973708
-0.7251637934545307
1.0501723777979037
-0.4187052384923919
1.3079897748578768
1.067075439487973
0.49290244677431383
-0.49986316771388983
-1.0378902780419843
-1.0185803158078641
-0.7857801760929896
-0.3671122728982646
-0.17528669971410876
-0.5757870507521695
-0.5333599825561235
-0.7935079194198857
2.666246339886688
3.18416514406953
2.9987607523536983
-0.4857886726476606
-0.665590157697957
-0.7921945559562311
-0.6615904515928083
-0.30637620477327354
-0.32536139050610313
-0.43992514463876203
-0.9948953213431703
-1.125680435964365
-0.8469276231505646
0.716091274033106
3.031731578118015
3.083463328108704
1.6077765355324098
1.1178188659411699
-0.9176181805440606
0.7439473582181838
1.1206653165546636
0.39212817743884876
1.338883398411874
0.33236716424914275
0.926663762953798
0.5136809384358149
0.22264491534175365
-0.25462724181891766
-0.6215046595031761
-0.7552854760917557
-1.1103871205829705
-0.860879421194835
-0.28151417381792543
0.2031303058572593
-0.5750221997570306
-0.4461712030334623
-0.6597566037447076
-0.7086965266009757
-0.23422536605362473
-0.025363804863218098
-0.0006008154106169232
-0.32460193746391297
0.18086556722365507
-0.2372182371079186
-0.7579145199404556
-1.3634879654011014
-1.3126968625056796
0.7703990813380885
1.3375052304319377
1.1408905150754007
-0.5059719492812275
-0.5416050336616666
-0.4150263532581159
-0.6301401111893646
-0.24978958537172433
1.2256428110256283
1.5107380139441313
2.085225308544938
0.5646706805874138
0.3914798676464719
-0.3839685536870564
-1.0574281740575309
-0.9462485005611465
-0.6234884808951493
-0.8875724296613976
-0.6114867809836326
-0.6618171361550883
0.016142872922611334
-0.3456709948013315
0.07314883278082938
-0.8373422175316236
0.26507593630499005
0.2914783811572603
1.147070985605119
1.0271809946950927
1.0548960436824335
1.768137059447217
0.5887193878392182
-0.3774142100282378
0.5898167294522051
1.3357288641290515
0.9632499122180778
-0.26983210211537684
-0.3373982955084283
-0.5251173824800323
1.5385177342155167
0.012780494685882994
0.32349185349656845
0.45885591608190807
-0.4322140039264252
-0.2916543928747731
-0.309230599772327
1.5183406364232168
-0.15940418309411283
-0.6614042557373354
-0.9356807017900727
-0.2598879696333434
-0.5329489204411235
0.08537258031813437
0.21122999850709934
-0.6927215534197523
-0.9890429427287083
-1.2712304009235165
-0.5927717116135538
-0.13281825688876936
1.117403448712667
0.8623045836401318
0.6456463077397337
-0.6169538179737003
-0.5295708347408424
-0.8937388962409638
-0.573916713966458
-1.078981556506068
-0.711363783329346
0.03502952137319279
2.053449799734266
2.7738249650218147
2.1691672494115983
0.3830789176609722
-0.059694423616687455
0.5577788271645123
-0.055929362608322715
-0.5187845755452734
-1.023781368769445
-0.8261748024188149
-0.21411196656345455
-0.4844971945751109
0.7138874073693999
-0.30511556737297757
-0.6312017442979042
0.7438204189896597
-0.20053554611847355
0.12217879391652996
-0.12510004307077238
-0.45683843838715854
-1.0508783913464135
1.6625606406900182
1.68886319915482
1.3044858305917892
-1.1725613198540052
-1.3538629571927658
