182
1.36936
-0.302687
0.0416539
1.1041
0.386269
0.695069
0.361614
0.247205
0.810703
0.957639
1.28172
0.494993
1.35927
0.899466
-0.107986
1.19225
0.497844
0.434247
1.76851
1.06293
0.16147
0.19789
1.45462
0.701758
0.470304
0.207745
3.55698
1.70722
2.17018
1.80622
0.212291
1.39517
0.101744
0.693141
0.613781
1.54351
1.51755
-0.50079
1.47778
0.631557
0.0613272
1.35017
0.0920307
0.75604
-0.0316311
-0.37988
0.516013
2.68389
0.70872
0.0305036
-0.410956
1.34848
1.30261
0.614439
0.509367
1.53951
0.0640308
0.903147
0.0217059
1.65545
-0.125449
-0.304162
0.288296
1.99821
0.634833
1.49507
1.41724
-0.512854
0.015964
0.83908
2.25516
1.64006
0.0166505
0.754917
1.02321
0.868071
-0.298552
0.622828
1.17852
2.09442
1.39572
-0.513246
0.106063
-0.165992
1.73267
-0.12001
1.19241
0.57206
0.649004
0.193738
0.49558
-0.529888
1.78432
0.275191
2.02041
0.870109
1.05029
3.24282
0.894791
-0.0924571
1.27361
-0.603295
1.66773
0.303241
1.15629
0.922441
1.78299
0.840846
-0.0592658
1.13599
1.96798
0.333662
0.398228
0.285909
0.668147
1.13489
1.42477
0.115699
2.02171
0.12304
2.50773
-0.705758
0.84569
-0.126302
-0.361745
0.465835
0.212202
0.422288
1.41913
0.592954
0.794725
0.931044
0.0434005
2.40483
0.822711
-0.201293
0.186364
-0.300918
0.832271
1.27568
0.251032
0.541706
1.85687
0.354313
-0.133817
0.722824
1.70852
1.44108
0.889461
1.89108
-0.604855
0.844361
2.44549
2.34488
0.916218
1.9173
1.79527
0.592514
-0.00406854
0.450308
0.526419
1.2935
-0.746034
0.979588
1.64094
0.520591
0.0826376
0.35839
0.908081
1.63198
-0.377369
0.0108129
0.0546345
0.854298
-0.185565
1.12796
1.4999
1.50939
0.423919
0.91619
0.172741
0.324049
