182
-0.201171
-0.051353
0.0377116
0.342548
-0.183461
-0.0704651
-0.715754
-0.612477
0.494022
0.315462
-0.108572
-0.340161
-0.382289
0.106507
-0.720092
-0.288763
-0.158935
-0.190812
1.43775
-0.0383521
-0.496124
-0.15349
0.218919
1.82461
0.124058
-0.203962
3.14663
0.761474
1.43436
0.195541
0.232335
1.77995
1.35092
1.19501
0.938384
2.36065
0.476002
-0.391558
-0.195323
-0.0993396
-0.790097
0.0893227
-0.626307
-0.0910132
-0.289984
-0.514111
0.128698
2.07401
-0.0390547
0.179492
-0.185039
1.36328
0.0467139
1.47358
0.637302
2.09323
1.74579
0.390928
0.947724
1.881
0.118214
0.011549
-0.375971
1.80068
0.943912
-0.036161
1.45342
-0.549732
0.748445
0.0317616
2.41829
0.625769
-0.0208912
-0.222889
0.722211
0.411216
-0.50687
0.0765171
0.376883
1.32831
0.709672
0.427181
1.16853
1.83559
2.46287
0.116904
1.32452
0.970459
0.908429
1.4768
0.950297
1.15966
2.57893
-0.504697
-0.266959
0.729952
-0.00943531
2.6671
1.70664
-0.62712
0.451587
-0.648937
-0.0444229
-0.603787
-0.19473
0.323614
1.80965
-0.273528
-0.435556
0.621338
2.67201
0.0911593
1.07772
-0.376785
-0.221963
0.122644
-0.18214
0.0549029
0.183054
0.14008
2.96905
0.817917
1.3352
-0.138149
-0.274469
0.164882
0.0604795
-0.255656
0.106584
-0.0649822
0.752514
0.878856
-0.811145
1.98709
-0.150732
-0.555969
-0.44298
-0.545012
-0.025226
-0.178861
-0.389576
-0.364664
1.13281
0.629422
1.05015
2.48133
0.0812811
-0.263157
0.930414
1.11338
-0.354101
0.904035
-0.751001
0.98041
0.91678
2.59884
2.45826
1.77692
2.15072
0.40629
2.28938
0.547967
-0.25919
0.304827
0.48889
-0.27394
-0.548908
-0.180472
-0.165435
0.458685
0.228308
1.40204
0.327054
2.25355
0.204845
2.16258
1.10259
1.20261
0.409647
2.09603
-0.0309563
-0.0174679
