182
-0.4124977243572031
-0.6705435863768874
-0.5879783785532131
-0.5769853787865533
-0.7691849682228826
-0.6802027119614574
0.10603396018757605
-0.2639946516201169
0.9331014812260178
0.7905307888670786
-0.8857091350519606
-0.9256782834111725
-0.6034224938563765
-0.8474563043948989
0.8990061817872363
-0.3954236173645935
-0.7699858112515081
-0.0320424408302603
0.31754374983568834
0.3124132607882775
-0.5053407234182136
-0.7695289847504164
-0.759694603686872
2.007773138880989
4.290622001953621
-0.7408943607432894
0.8396185116236216
0.732391224470784
-0.3514525991952533
-0.4073149869310697
0.057685875626417686
0.9319169003290513
1.157533122888335
2.8283986292279226
-0.11947937214336778
3.599481113540484
-1.1063343485695896
-0.7372453776169563
-0.4651494755557786
0.03627572760446772
0.11002557424910062
-0.6250339618822586
-0.8310201509921993
-0.22398275962403913
-0.7751944918544187
-1.0239357800095008
-0.09288813764192576
2.15764365420598
-0.24058373465723215
-0.6829677767738417
-1.027940513373498
-0.8437470516949677
-0.8249624468227055
-0.8664729284428979
2.7010067663090633
-1.010037980560106
0.06086846670856648
-0.29042606795136006
0.441061395700698
0.35032593913412124
-0.26001422550910164
0.40039070686771605
0.618922119796157
-0.6830164335822918
-0.4308300516430607
0.07085096217528111
0.05298886214373559
-0.6584833023165944
-0.7299109165381215
-0.07474323680304425
1.7827685132282876
1.0291143290296318
-0.116216264929283
-0.1970014135659862
1.838787265664394
0.10267154787959919
-0.015850300016031254
0.3122787603041255
1.2769285717299081
-0.46433977318536424
0.08278375128646115
3.6483081975812786
1.3816649664267686
1.2035648920369164
1.0195751550201089
1.06389874152109
1.4887803889312758
1.478414028751524
1.8526114669717093
0.7961500650579212
-0.26378665448520605
0.3590491244218564
2.5475725137776393
-1.0361928992838838
-0.36537485864279673
-0.6152858582388865
-0.9362285591831976
1.160945345128582
-0.8867603953084011
-0.14472487256998431
-0.8276071228187302
-0.7092384908401186
0.012658491795312903
-0.3450879498970136
2.079550249231087
-0.8215337432546648
-1.0358450427765042
-0.648347208004993
1.2269778547766035
0.30571790678713795
-0.06650467312042457
-0.11822738293943864
-0.7434264098094543
-0.6141396546991849
0.18819816107666912
-0.28222094438186046
-1.1267474404571536
-0.7647819660902709
-1.04412877627417
-1.0078532166542542
-0.5166967201746644
-0.37435239340591864
1.957352540701096
0.34940466246685686
-0.4868069733312203
-0.5689660778030767
-0.03543116538013248
0.3503585134932752
-0.5062619942239641
-0.13241961912089026
0.3838340397132272
0.5453272187864036
0.2812009226230245
2.339512801004275
0.05945428570307268
-0.5066569275695257
-0.07871657096361491
-0.9113469577173356
-0.46820758807492546
-0.7827767289581323
0.30283402368346385
-0.6378355712275224
-0.7330817911985847
-1.0060779651502805
0.015589224152042634
-1.1138059688190143
-1.053978026124192
-0.4636894571555371
-0.643121769003847
-0.4060236107307345
-0.902837597238616
0.12388115188450347
-0.31299987431279336
0.3126755548441737
-0.6791852615649122
-0.9640142876955459
-0.010938144946555381
0.1735927681926758
-0.6404519502780289
-0.8181219571265541
-0.606821883494952
-0.35855253169559026
-0.17474410494895692
-0.6875142180086138
-1.014476761758205
2.198817781986582
-1.1695731759745454
-0.6519342198734839
-0.506145924633527
1.358559680247718
0.23348003614676968
-0.25828515870496815
-0.5826414556125967
-0.8343850867382707
-0.5183815248515362
-0.10480202595758474
-0.33921187182126195
-0.9931484958845462
-0.49987782742920917
1.3211318776349381
0.11102628309650141
-0.6289304154702503
