546
-0.6653557143058922
-0.8691015687261658
-0.02842559065115883
1.0926697974782456
0.07138114122738637
0.24637555609938006
1.047021194819167
1.1818519164895527
-0.3543259065831864
-0.6794035491096311
1.3734318663828158
1.3714155099360783
0.21902253763271445
0.36442993044309857
-0.6520664739139713
-0.5619560077850894
-0.46468183795627616
-0.6728268235811654
-0.8047983708163461
-0.7209556736801986
-0.8247463106806836
-0.7223799574799074
-0.5233385454399901
-0.04812015398679928
-0.5406289637361811
-0.07900537646275749
0.24149801727480383
-0.3224803308751918
-0.6927234165389969
-0.7726413781784355
-0.18436028255209655
0.6939634012567527
1.3665333065542304
-0.1228406496704376
0.1271061113060311
-0.5774627784414059
0.12579624910466444
-0.7110603756999485
-0.8737259773944146
-0.40426844508187115
0.6499606704973162
0.3325219781709778
-0.11015976992223114
-0.3271645572630572
0.5102458306118441
1.3653724680771369
-0.0700377186302113
1.5486067031511777
-0.507294249235993
0.09424202965018631
-0.6612168521339012
-0.37073102595421553
-0.018647628861792047
1.2909022110018047
1.511128020641951
-0.12384933108840877
-0.13015445748803803
0.31127293277607215
2.3106189069902827
1.957487262386254
-0.5418000323777441
-0.6429890651657323
-0.7063557732849608
-0.06535283445168362
-0.4982606029761117
-0.4859213127847254
-0.8174263775684165
-0.8011177827101211
-0.04501547539888621
-0.477564431018833
-0.7350488249553285
-0.6150945386838551
-0.2361270993701414
-0.052019484912635534
-0.316328242503966
-0.6444406217820234
-0.851881034250866
-0.8273580362352744
-0.7036131568715889
-0.09595716863517946
-0.6705560087369639
-0.6543097972372891
-0.8642289004985085
-0.40132116256238465
-0.32239016320594155
-0.3443517320079696
-0.7119753471112957
-0.7012547398085704
-0.7422944525662012
-0.893099889385941
1.0719233733679443
-0.5456518409010311
-0.5287543932146108
0.07714539854948271
0.4930386908423063
1.3085542644668156
0.11165771097159508
-0.028536549121185105
-0.6542348962478184
0.15873401008012855
-0.10692201001586554
0.4905645494745621
-0.486307785396477
-0.2533719934585422
-0.40176588576502364
-0.35357438878704667
-0.5783313376951756
1.3577221507092752
3.4861975867268775
2.8685852224269786
2.1633995273696085
-0.16604456631481163
-0.910897152921883
-0.6225830169366682
-0.3169007153351144
-0.2617382810623984
0.7484357450945335
1.06906038858098
-0.7674592687392402
-0.8829827758641716
-0.5608364383878331
-0.5480204200384274
-0.677424394576109
-0.4043704485295033
-0.7845688210433099
0.09230901832057968
0.7313161067206355
0.6558091493030473
3.333390011608438
1.3707410315448474
0.5844813392948159
-0.7094372899336108
-0.36182567814525707
-0.3462708896156006
-0.31212039476126197
-0.8615140266542632
-0.68727012203474
-0.4987079010383888
-0.42667108563511813
-0.5168059545748801
-0.6869871189576279
0.6087545042569333
0.17343563467070466
-0.13224756962358597
0.9910226868464831
1.778261872892134
-0.3540258235297634
2.1085072756633068
-0.4863023945395978
0.4450962690678839
0.11103828315764844
1.2273305548936595
-0.45099647155853695
-0.22131315955345204
-0.37697375778983505
-0.0063627769641174635
-0.052991299292785655
-0.1805038883854108
-0.5827964210884516
-0.2652305901214255
0.18518577927610597
-0.2863471993667024
-0.4145008827449157
-0.528216712191054
-0.7864118199598551
-0.35583438788867194
0.6043938837148828
-0.7504710097821612
-0.24080837428673785
1.7725528495174518
3.335635896934407
5.190067795610726
-0.7106915601694914
-0.7915713407172357
0.031730040717522584
1.1403049685600564
-0.38253382422454874
-0.3897868681023946
0.4549111861129533
-0.5985080326732635
0.09318921163935986
-0.2340413576790577
0.3691134153545897
1.2802382214330703
-0.7519751407480721
-0.8702044563264302
-0.5112713713314644
-0.1210229245771881
-0.4447337474032603
-0.5403080621615197
0.9993618854877769
-0.5089311908073098
-0.3259910120123028
1.6038374021923927
0.4325309230901544
0.584313341658297
-0.3998399610493342
0.5171789271201604
0.5584806363058694
-0.462217766763781
-0.4469108342430704
1.004895006289957
-0.3983641835627161
-0.4770925588385127
-0.7781263074324375
-0.45046645282464404
-0.031245570455224463
-0.23666394465895035
-0.21339324762754858
-0.535017306015486
-0.3604259375450514
0.3883444840556077
0.23575359698047132
-0.10957460926900633
0.6520794284785871
-0.5490334618421168
-0.3243233771200906
-0.4918404769397074
-0.5406302229966057
-0.42095005416510023
-0.1386411553144544
0.33441597478003615
-0.22660915637479895
-0.8978431804274117
-0.029947935011880825
-0.6847143283046844
-0.8445845516508023
-0.7956081560690929
-0.8556671005332156
-0.8532930227348309
-0.3382703666664325
-0.3581370304714126
-0.2887042281881372
-0.09621930083219744
-0.5026325181967602
-0.8715794651176932
0.8012120709244354
1.4408934233689747
0.6424771757082609
-0.4535050061255211
-0.8218631027222245
-0.5053641231531077
-0.48556413956496963
-0.5724529783225999
-0.8056655560244542
-0.1348272548311122
-0.5322418081189164
-0.013932000984888079
0.49665156823059364
0.924829967004137
0.9599116942527749
-0.22895023505237377
0.05753620713792257
-0.7515173836565245
-0.6255805016144433
0.13942651523812852
-0.18427717960758114
-0.006136712676606593
-0.2470911256803972
0.20017518608695978
-0.5764394958994962
-0.31859909665731756
-0.44552106811770315
-0.552933586439373
-0.7149733881633943
-0.7967415207542989
0.20393945719691586
0.7284025304174396
-0.6032024817887511
0.10148728021314977
-0.6775755760363054
-0.3249906602468623
-0.47907582536871013
-0.03778055878396839
-0.6723068099013236
-0.7976380381791107
-0.65668285419745
-0.642965594137052
-0.6628379680185531
-0.8351197499934269
-0.7969213320779084
-0.44611934646841783
-0.12968864977097067
-0.2679217886275498
-0.8426898707362882
-0.2695736662218235
1.4334700465335444
1.40777948842601
0.8993120871035215
0.09636292649979764
-0.8675657908208264
0.19170382959651286
5.677776481354184
6.649495427059065
6.471880237400174
0.4479182678179637
0.38986495401011795
-0.20830995861779097
-0.3147886827415844
-0.6553180274117199
-0.6803081848317122
-0.7366647129355223
-0.6219766636238333
-0.14847027867443272
-0.2975279773536083
-0.2304355890818538
-0.8389839359947481
-0.5829839939498302
-0.8082846093817195
-0.5304957750149626
-0.45319534254364524
-0.9409380312042511
-0.6964258706118026
-0.7976511254629239
-0.4960315880183806
-0.520242424401645
-0.5590771914738476
-0.6711199148598705
-0.5599637138703157
-0.8494432214006379
-0.4111031734674476
0.5491635028298643
0.4252760149944698
-0.2898651868816844
0.8824782725726981
-0.18602486507704785
-0.8220335127034142
-0.526717638439407
-0.1324641279590449
-0.5861522750022137
-0.6348210063433869
-0.5114832692627584
-0.540439632148269
1.151066870188259
-0.7843774011104758
0.3479062285300944
1.1001205099015674
-0.5253130800554364
-0.7367684097675654
-0.576401626383168
0.5947282025620969
0.18519910044172563
-0.2636733625238955
-0.8084111488044919
-0.895851162756043
-0.8006914042414331
-0.18584620338002156
-0.947514592270456
-0.7314283690661763
-0.7489077006018913
-0.8308104083462893
2.329058639478247
2.7861718439674865
1.3933199637832738
-0.49498586539857853
0.32946403361632753
0.28920178126297424
-0.8583697401673545
0.46181377896557
0.15075616157444247
-0.6102022760907743
-0.7718572611700032
-0.8943240127447354
-0.8501748888116115
-0.955594080196092
-0.9266715530152019
-0.8081462156671113
0.13483447985702768
-0.8985312482490525
-0.2725897948056899
-0.5349828531684679
0.01848816648391688
-0.056969672484508044
-0.386525927419577
0.31965873665687317
-0.31243572720171353
0.04354947524546902
-0.17292879139931375
-0.8050805788385704
-0.8267536588938611
-0.7137318972821737
-0.9237006509486244
-0.5626730835287962
-0.7804058310098916
-0.807179689322469
-0.45707220797780396
-0.2988503309491558
0.709463601990647
0.8689062668558316
0.8145468026041108
-0.5143682434814102
-0.6135606033502022
-0.42827345013376045
-0.1704825585894512
0.6450471861154484
-0.4195512982792506
-0.887947650013171
-0.8332349598874461
0.3485154362457247
0.06340959001006821
0.28654193190945904
-0.5749839918650691
0.10371433420847112
-0.36185672258235274
-0.218962604054236
0.17062983639227125
1.3241907843395209
0.8491424431103617
0.3427524927212125
0.0405011293267173
1.1650475287851725
0.6120481664959764
-0.6230080926973287
0.5729941332530164
-0.4845408239387795
-0.7599038874273889
-0.11884621150936027
-0.22539021208376483
0.1815959200215524
-0.2582124676810607
-0.7594673115821745
-0.6535622841830976
-0.7203534399590164
-0.5723695149587946
-0.622354397582072
-0.745329862887391
-0.5328522467342383
2.089429561377384
2.840644241646523
6.450874643280944
1.3697309962731883
1.084277240744871
1.3060905006853951
0.24183297953797914
-0.7916261543233757
0.5427480626314768
-0.46684484744045285
-0.9403403425424843
-0.5526556521121367
-0.6836272482867809
0.8282559103979826
0.7910179363902132
-0.4347743777710354
-0.06631509529467511
-0.5492388519372576
-0.8199170989232807
-0.41797147471482465
-0.7404705303115716
-0.858520790052781
-0.4268671789098792
-0.6047117396877583
-0.07782196161032168
-0.5226654391561626
0.31466505089478314
0.4504938975743887
0.0632706929430749
-0.5589690115711157
-0.6726067823134959
-0.5702204788964506
1.066327989174814
0.4037822545777653
0.5680949638378747
0.7241253366302339
0.4048195427510934
0.9881568037302807
0.6733445825891425
-0.4156403541693497
0.1834849224145168
-0.8811590820498688
1.0235685825617153
1.0467114090935532
-0.24572499407422296
-0.1559577292589766
0.2895671532953574
0.8350903949379109
0.4002791811023488
1.001071675486582
0.5756943504656811
-0.4156758308550865
-0.6909688114931983
-0.41293063939744673
-0.49749533867329726
-0.074263683899069
-0.24177576650044103
-0.036399163112591726
1.034504200989321
2.987360169237703
2.848268121371299
1.9118598158338844
0.31614255423412274
-0.383519917117951
-0.22538001210672515
0.6976383670695603
-0.1241731161618666
0.5059141664638755
1.0852331669316209
0.5028295019177107
1.1142911731607563
3.519684088033171
3.2731798110824504
2.7897393346338046
0.518516160793635
-0.7698848607677091
-0.2951557141628355
0.30731643374849893
1.5502418095026
0.8154400966406649
0.7999874070799095
1.2301278414932846
1.009652771332156
0.44152341364841785
-0.4095265868816224
-0.718931493570272
0.14455004654563666
-0.4601773615259546
0.29296851545063235
0.02704853122083502
0.44321012993365355
0.35958182655466897
-0.8164258308173983
-0.8467165561888534
-0.787618804331209
-0.311563583420778
-0.6662198467605086
0.5818580771572583
-0.7546595689952063
-0.7369155187871677
-0.8519217244989014
-0.5856541047938991
-0.8628739668878772
-0.5553530094279555
-0.06753466075247437
-0.7139203640091668
-0.5722026276333952
-0.8717407093902675
-0.3113682958345111
-0.7902567501816121
-0.1828776553584834
-0.6705142733972552
-0.7144043805997622
-0.7626118578758581
-0.4113548443236128
-0.5345794118960802
-0.8062218842637472
-0.7022118468654637
0.7992883140956143
