545
1.29412
2.92873
1.47127
1.3579
1.75104
1.48731
1.32451
0.652266
0.469456
0.943934
0.87806
0.757323
2.55439
0.663737
0.657122
1.1994
1.22416
-0.00632137
-0.168423
-0.00788708
-0.143114
0.246526
0.385895
2.23274
1.35457
1.53041
1.44359
0.976972
0.902825
2.24689
2.42183
2.54435
0.462216
0.928767
2.114
0.893459
0.436985
-0.413138
0.798303
1.01252
1.58915
1.43853
1.34121
0.867354
0.855278
2.3741
0.568351
1.11018
1.33458
1.13632
0.824466
0.625514
0.997088
1.50478
1.7527
2.76028
2.16626
2.91576
2.96961
2.26461
1.4963
1.32024
1.1267
0.0874911
-0.031739
0.577212
0.623397
1.8154
0.697305
0.957182
0.804932
0.877189
1.0465
1.05159
1.09645
-0.167591
-0.271169
-0.0538893
1.23328
-0.0217543
-0.125974
-0.158984
-0.168571
-0.275563
-0.525995
-0.255288
-0.348865
-0.432874
-0.450461
1.32405
-0.499288
-0.577106
-0.665876
-0.293384
0.146937
-0.0676908
1.81545
1.98994
1.3442
0.630182
1.12622
0.0974896
0.0295126
0.870599
1.38448
1.7041
1.21466
1.05543
0.205607
-0.0296246
-0.156254
1.38312
0.0524019
-0.319891
-0.341345
-0.522699
0.225293
0.325656
0.049078
-0.451595
-0.280285
-0.0419742
-0.056993
-0.0860991
-0.120791
0.739961
1.89685
2.45864
2.52494
0.107401
-0.520773
0.210697
0.375347
0.214989
0.173757
-0.337121
-0.495655
-0.126816
-0.189055
0.147845
0.686086
0.555249
0.630833
1.5459
1.53974
2.64008
1.5118
-0.136551
-0.0415406
-0.335847
-0.875468
-1.06372
-1.05032
-0.0129301
0.339247
-0.373637
2.76092
-0.250983
-0.168454
1.17654
1.5138
1.44754
1.48151
1.02656
0.742397
-0.0813747
0.194271
2.68332
0.459531
0.510258
0.591698
0.761227
0.648412
0.206726
-0.424438
-0.508223
0.455293
0.62243
0.39975
1.46067
1.78529
1.79048
1.14851
0.874174
-0.166478
0.839996
1.09104
1.01364
0.519779
0.130221
0.218093
1.04347
1.37445
1.97449
2.10185
2.24011
1.67489
0.0975512
1.03432
1.14414
-0.0889334
1.45192
1.18159
1.16791
1.08392
2.71352
2.7283
2.78959
1.4208
1.2706
1.52674
-0.111514
1.72381
1.74369
1.19303
1.04016
0.891788
1.07942
0.853544
0.76377
0.7042
0.471804
1.30153
0.107977
-0.0413007
-0.341091
-0.237917
-0.353603
-0.226292
0.418934
0.348758
0.177481
0.42118
0.419804
0.44529
0.395437
0.203698
0.244974
1.88405
1.94117
1.69189
0.57656
1.13711
1.51965
1.38663
0.525877
0.844641
0.791951
1.0572
1.52422
1.23264
1.28099
0.0647333
-0.0414775
-0.270601
-0.237467
0.427119
-0.574856
0.0434037
-0.0964553
-0.20897
-0.541504
-0.627466
0.511745
1.83037
1.90819
2.06462
0.545342
1.34645
1.04312
0.868973
0.935369
0.660166
0.305564
1.18319
1.20395
1.375
1.52432
0.752435
1.86159
1.81652
1.57707
-0.00645634
-0.0833707
0.706594
2.73733
2.72432
2.55573
-0.0699283
1.10799
0.108942
0.393955
0.188288
-0.116472
-0.73231
-0.913052
-0.890362
-0.803116
-0.743215
-0.209733
1.33355
-0.191622
-0.255351
-0.941883
0.184085
0.14383
-0.0934816
-0.579976
-0.684464
-0.0188273
0.857836
1.6368
0.253902
0.169039
0.352384
0.624506
0.475835
1.62367
1.77644
1.75572
1.00394
-0.420796
2.12794
-0.409864
-0.535755
-0.701672
-0.656363
-0.543086
-0.701499
-0.825559
-0.854375
-0.87546
-0.190697
0.795281
2.2247
-0.213363
-0.398617
-0.62572
0.137668
0.19229
0.0632462
0.179863
0.0110119
-0.0200156
-0.231122
2.03949
0.0127813
0.0974206
0.203525
0.315411
0.0841086
-0.22299
-0.742331
-0.635629
-0.616019
2.61305
1.37894
2.59706
2.71345
-0.211654
-0.756381
-0.803881
-0.800255
-0.644655
-0.495529
-0.496454
-0.714754
1.54049
-0.498008
-0.488359
-0.635325
-0.874242
-0.760201
-0.797108
0.284584
-0.0500396
-0.436245
-0.33365
1.43631
-0.252565
-0.693646
-0.830273
-0.63636
-0.542186
-1.07892
-0.849765
-0.191429
0.420884
0.699347
0.232247
0.280681
-0.158322
-0.442587
-0.344335
-0.487814
-1.08308
-1.24684
-1.27271
-1.26822
-0.250691
-0.426552
-0.278274
-0.326067
-0.743555
0.207247
0.289874
0.442932
0.0612077
0.00241717
-0.776445
-0.744917
-0.568232
-0.936156
-1.08388
-0.997571
-1.03299
-1.1625
-0.571326
-0.0859232
0.0146149
-0.247954
-0.62252
-0.538665
-0.608902
-0.67628
-0.616575
1.26909
1.18538
1.1967
0.119598
-0.0512502
-0.459147
-1.10265
-0.400777
-1.01698
-1.00839
-0.965542
-0.432557
-0.288016
-0.279324
-1.04125
-1.11635
-1.21058
-0.833209
1.05337
-0.249619
-0.793297
-0.148656
-0.00410576
0.123345
-0.257551
2.59681
2.60124
1.54339
0.597865
0.581074
-0.348244
0.381074
0.209199
0.152805
0.0632548
0.162976
-0.235245
-0.476764
-1.22492
-1.16003
-1.16528
-0.00563086
-1.07659
-0.923065
-0.78974
-0.537061
-0.391859
-0.40184
-0.465181
0.059283
-0.0751037
-0.0977124
0.242319
-0.104553
-0.13233
-0.315778
-0.480433
-0.0920275
0.12949
0.0372454
-0.262049
-0.736973
-0.786589
-0.0268038
-0.693792
-0.706559
-0.741856
0.374085
0.447047
0.409592
-0.362764
-0.213331
-0.121711
0.0970881
0.109712
0.669244
0.849702
1.13572
0.721818
-0.111573
-0.113129
0.154126
0.548161
1.45
1.63658
1.7615
0.602744
1.31449
0.360628
-0.00676169
0.471778
0.347067
0.228311
0.178817
0.808703
0.825135
0.300559
1.07761
0.177892
0.18326
1.35136
1.56507
1.36208
-0.0894294
1.41398
3.59613
3.55644
3.69116
2.52868
2.53272
2.60551
2.32952
1.01993
0.504945
0.996405
0.648978
0.413361
-0.139533
0.876135
