546
-0.368409
-0.586521
0.438575
0.625355
0.71039
3.18983
3.00523
3.06808
0.205331
0.98136
1.0349
1.16678
-0.664856
0.446578
-0.660127
-0.347953
-0.264358
-0.175575
-0.283042
-0.24577
-0.109295
0.108873
0.213773
0.218745
-0.56718
-0.245517
-0.166345
0.22077
0.198427
0.213704
0.218782
0.0613101
1.18136
3.00966
3.00121
-0.615973
3.01051
1.5493
0.824979
0.775181
1.06441
1.18168
0.752888
-0.48386
-0.204425
0.0337941
-0.544997
-0.307287
-0.332544
0.126117
0.221077
0.33921
0.231865
0.152495
0.259554
0.337972
0.301132
-0.458045
0.225986
-0.0394719
-0.212243
-0.17292
0.411818
0.811207
0.748933
1.63064
1.52675
1.13744
-0.342393
0.0795187
-0.615449
-0.519318
-0.132903
2.06604
2.15815
1.79691
-0.492585
-0.259032
-0.378234
-0.101345
-0.0339069
-0.463458
-0.4395
-0.368805
-0.361776
-0.553048
-0.518887
-0.644811
-0.699963
-0.67407
-0.0718094
-0.026979
-0.0270225
-0.0414915
-0.279336
-0.21032
-0.606087
-0.415144
-0.340629
-0.152556
1.12133
0.07502
1.20553
0.903695
0.603041
0.826609
0.546908
1.03691
2.31053
2.42732
2.57338
0.863636
-0.283853
0.126999
-0.0386115
0.221134
0.440743
0.206088
-0.18422
-0.794374
0.380026
0.486279
0.676583
-0.104027
1.10031
-0.187953
0.011732
-0.0449449
1.23282
1.271
1.31008
-0.661915
1.4937
1.47403
1.17828
2.27058
-0.581635
0.6468
0.852862
2.49049
2.5972
2.35476
0.0173775
2.26618
2.5568
2.62986
2.44237
1.80699
1.93923
2.04671
2.86211
2.50316
2.0429
0.51602
0.330518
0.285383
0.621877
2.20992
0.462613
-0.0365214
-0.306932
-0.569668
0.0802727
0.318986
0.464337
0.685629
0.45673
0.327059
1.74505
0.217932
-0.146167
-0.118977
0.094563
-0.604747
-0.512208
-0.503877
-0.571227
-0.500068
-0.185477
1.40247
-0.112666
-0.227148
-0.0842526
-0.00277667
0.47186
-0.126022
-0.168173
0.0904027
-0.052342
-0.0246816
1.27082
0.182977
1.81759
2.00499
2.24769
1.36036
1.29666
0.503724
0.496812
2.11409
2.33884
1.31344
2.39924
1.79279
0.781625
1.5421
1.66587
1.37487
0.0243176
0.226615
0.432116
1.79688
0.209709
2.19177
1.94921
-0.493033
-0.582081
0.109741
0.331303
0.159425
-0.223264
-0.0846797
0.420269
0.307773
0.11525
0.405161
0.101781
-0.13431
-0.0261707
0.0107852
0.0694802
-0.10544
-0.0784814
-0.543911
-0.672527
-0.662713
-0.739826
-0.623982
-0.35718
-0.000891865
0.378377
0.46567
-0.0091322
0.192717
0.421101
0.527557
-0.513731
0.247375
-0.392847
-0.571127
-0.592162
-0.345723
-0.14407
-0.189162
-0.711983
-0.663647
-0.723331
0.13824
-0.64364
-0.228943
-0.292029
-0.280155
-0.199124
-0.107957
-0.259837
-0.502756
-0.407329
-0.302672
0.226434
0.0446431
-0.0876621
1.55367
1.2812
1.21415
-0.241631
-0.348409
-0.43141
-0.440708
-0.305013
0.257107
-0.205561
-0.183177
-0.277189
-0.0258426
0.221636
0.0934863
1.76239
1.76964
1.60895
0.223755
0.250787
0.0225399
3.34221
3.21086
3.16677
0.916617
1.07882
1.03202
0.612684
1.78503
1.8438
0.79182
0.539795
0.118771
-0.118612
-0.0435613
-0.0146275
0.153622
0.038732
-0.230401
1.70104
1.95745
1.13036
1.94482
1.5306
1.02835
0.544246
1.00103
1.45818
1.4828
1.10764
0.260209
0.192051
2.37493
0.513927
0.600943
-0.32512
-0.188785
-0.0443666
0.00013686
0.00770119
0.123277
-0.14047
-0.33308
0.460105
2.37464
-0.625664
-0.736354
-0.656322
-0.816933
-0.366481
-0.000579283
-0.0289437
-0.486337
-0.485638
-0.592059
2.34377
-0.45318
-0.334797
-0.468605
-0.318247
-0.248792
-0.403466
-0.454826
-0.458577
0.351803
2.39786
0.252206
2.28935
2.50917
0.28037
-0.134986
-0.155719
-0.00728515
0.127358
0.301622
0.311352
-0.30731
0.324223
-0.652437
1.18272
1.46216
1.04924
0.114787
-0.24986
1.08579
1.30569
1.15454
0.201282
0.315679
0.047385
0.514076
0.617645
2.17825
2.30006
2.62937
1.8441
1.746
1.67834
1.4914
0.480701
0.907428
-0.652689
1.8356
1.90441
1.87638
0.069755
-0.0837021
0.184194
0.149749
0.139617
0.387152
0.140123
0.344935
-0.510271
-0.263035
-0.126416
1.93243
2.06834
1.98478
1.29539
1.02523
0.380137
0.786959
0.0913988
1.40183
1.46718
1.32731
0.216091
0.0864588
-0.586253
-0.720703
-0.63636
0.416491
-0.0965069
0.237316
1.0287
2.36949
2.53432
2.75096
0.873386
0.697923
0.308962
0.32645
-0.0960536
0.247162
-0.397786
-0.237131
0.125395
0.825457
0.800822
0.921676
0.321435
0.178715
-0.331114
0.245631
0.146394
-0.532775
-0.487976
0.158316
0.238837
0.00823591
0.317406
0.557767
0.241924
-0.355174
-0.149248
1.20104
0.775289
0.662011
0.799326
0.474849
0.79718
0.927033
1.12137
1.16669
1.36672
1.70859
1.62892
2.6088
2.53873
2.56825
1.77837
1.06341
0.302297
0.34594
1.00545
1.27157
1.06035
1.63246
1.48899
0.944995
0.864827
0.278506
1.04082
1.28862
1.41565
1.37195
1.12129
1.09429
1.28895
1.05233
1.39513
1.29742
3.09171
2.97693
3.06749
0.136405
-0.511654
-0.681995
0.596169
0.837438
-0.264538
0.725042
0.635196
-0.0131365
-0.224386
0.00106597
1.59366
3.26771
3.209
3.2619
1.69578
-0.453077
1.21646
0.243589
-0.49337
-0.0548256
0.577403
0.539195
-0.139131
-0.658675
-0.739615
0.0975411
-0.367182
0.0194673
-0.117891
-0.60644
-0.477749
-0.219154
-0.0946814
-0.172486
-0.320866
-0.404638
-0.370482
0.262559
1.93939
1.94281
1.6609
-0.263341
-0.375676
-0.253433
-0.411616
-0.0110664
0.411004
0.687979
