546
-0.318196
-0.588712
0.331215
0.678406
0.722345
2.97233
3.00484
3.01352
0.17843
0.95296
0.977687
1.04882
-0.668623
0.442601
-0.683802
-0.345612
-0.280913
-0.213223
-0.202315
-0.420987
-0.31729
0.0450894
0.146246
0.276245
-0.532437
-0.286131
-0.267029
0.196594
0.147414
0.207403
0.175484
-0.0572526
1.09265
2.93908
3.02755
-0.63931
2.89965
1.64134
0.834754
0.727341
1.0485
1.03874
0.881739
-0.486066
-0.178914
0.020455
-0.579589
-0.22932
-0.338002
0.0882513
0.234673
0.360577
0.170739
0.164334
0.228163
0.306956
0.251174
-0.425131
0.208788
-0.092316
-0.218302
-0.128006
0.422525
0.784286
0.670019
1.63994
1.45362
1.10893
-0.471961
0.0379881
-0.688966
-0.46321
-0.263747
2.0937
2.0617
1.71655
-0.558091
-0.213938
-0.364903
-0.177651
-0.0945332
-0.49726
-0.346493
-0.40745
-0.438328
-0.532345
-0.633273
-0.749567
-0.845423
-0.619494
-0.163802
-0.0650709
-0.153165
-0.0412823
-0.292561
-0.0990681
-0.557212
-0.464507
-0.392772
-0.206586
1.13745
0.0172777
1.215
0.897062
0.639841
0.826168
0.553599
1.08711
2.22643
2.5975
2.41274
0.903986
-0.360592
0.109604
-0.0672557
0.175951
0.39323
0.208957
-0.147809
-0.804398
0.434626
0.406779
0.652939
-0.141512
1.08923
-0.227605
-0.0240499
-0.0632371
1.29669
1.13944
1.17735
-0.670544
1.43578
1.40257
1.22128
2.2382
-0.614519
0.723581
0.711894
2.36512
2.58334
2.26374
-0.117181
2.17382
2.5882
2.46303
2.35224
1.7476
1.78751
2.03867
2.75685
2.34818
1.96907
0.356964
0.330224
0.15431
0.575839
2.0917
0.539071
-0.0506541
-0.343514
-0.560974
0.0559181
0.297156
0.428714
0.655774
0.394003
0.284076
1.70664
0.203655
-0.117709
-0.187104
0.0388153
-0.528417
-0.513278
-0.516243
-0.577552
-0.522149
-0.155226
1.40275
-0.18777
-0.150171
-0.158648
-0.0746843
0.506765
-0.0602005
-0.0925323
0.0682935
0.0146447
-0.0455254
1.35304
0.123499
1.78092
1.94624
2.21517
1.39547
1.2679
0.429245
0.449886
2.06474
2.3829
1.20252
2.23586
1.63214
0.748941
1.57366
1.54266
1.34995
-0.00180322
0.189453
0.347613
1.75832
0.156464
2.25617
1.97006
-0.581434
-0.651141
0.0938796
0.154664
0.0614899
-0.205882
-0.164762
0.432972
0.324375
0.0634792
0.377062
0.125534
-0.38214
-0.0553265
-0.0768686
0.0852372
-0.152301
0.0258905
-0.565965
-0.626134
-0.763084
-0.691432
-0.60982
-0.422337
-0.0423774
0.322692
0.359747
-0.102093
0.24478
0.381362
0.445143
-0.596083
0.135072
-0.471078
-0.712171
-0.53105
-0.477822
-0.331445
-0.229604
-0.721547
-0.733169
-0.739533
0.0220188
-0.590623
-0.388835
-0.401764
-0.321302
-0.193818
-0.145014
-0.315287
-0.472339
-0.484154
-0.343276
0.28493
-0.107756
-0.203352
1.56447
1.15291
1.08907
-0.342234
-0.469548
-0.558918
-0.43179
-0.273315
0.246703
-0.258748
-0.278167
-0.426387
-0.0151747
0.209203
0.0562022
1.72827
1.82375
1.53577
0.131009
0.214029
-0.000548782
3.13968
3.20639
3.07441
0.925479
0.898769
0.843096
0.590817
1.85317
1.67166
0.772733
0.435678
0.1132
-0.225456
-0.159994
-0.0338301
0.233484
-0.0832969
-0.313807
1.70824
2.00906
1.08792
1.95536
1.41978
0.991478
0.41442
1.03034
1.51999
1.47229
1.12329
0.291759
0.161277
2.32127
0.528447
0.556913
-0.480826
-0.203989
-0.194406
-0.0457339
-0.133541
0.16678
-0.277788
-0.330646
0.258927
2.47695
-0.69725
-0.786173
-0.676555
-0.780297
-0.541217
-0.122131
-0.0462129
-0.554212
-0.624887
-0.518153
2.30026
-0.425912
-0.391373
-0.665936
-0.312646
-0.348176
-0.44218
-0.515764
-0.48593
0.294018
2.3084
0.232362
2.33346
2.3647
0.228841
-0.114346
-0.0747917
-0.102038
0.112829
0.250381
0.246922
-0.355112
0.294071
-0.76932
1.21804
1.45596
1.07174
0.170007
-0.261746
0.980632
1.14669
1.22803
0.137561
0.261863
-0.00161905
0.445533
0.491481
2.11574
2.28856
2.47127
1.87611
1.70354
1.7037
1.54351
0.474366
0.961711
-0.691964
1.87197
1.85796
1.71045
-0.00476399
-0.0900597
0.222391
-0.03134
0.117693
0.432695
0.14507
0.283218
-0.451925
-0.22227
-0.132989
1.93911
2.02995
1.89596
1.28471
0.900443
0.281827
0.799493
0.109712
1.4539
1.40679
1.32661
0.102069
0.0373482
-0.596226
-0.724776
-0.602029
0.485282
-0.0570919
0.143219
1.07784
2.28317
2.69594
2.69749
0.634222
0.659523
0.29917
0.0537556
-0.0896577
0.149563
-0.456619
-0.322903
0.041608
0.841031
0.689335
0.941261
0.333353
0.0444388
-0.397486
0.175322
0.0890134
-0.547237
-0.633813
0.0254086
0.245244
0.0579629
0.299459
0.418382
0.180178
-0.364788
-0.0818762
1.2777
0.773936
0.618109
0.777616
0.430011
0.766816
0.997116
1.10338
1.18182
1.31898
1.73535
1.64256
2.62531
2.56149
2.40533
1.70255
1.08345
0.261728
0.234598
0.98034
1.21593
1.13464
1.5949
1.47858
1.00232
0.909424
0.204952
0.989101
1.26273
1.38646
1.27886
1.12896
1.00696
1.23926
1.02868
1.30442
1.33369
2.98439
2.84692
2.96272
0.0281231
-0.441662
-0.63142
0.488467
0.813874
-0.285429
0.697762
0.604744
-0.00885335
-0.225034
-0.0650647
1.54557
3.1154
3.16993
3.22994
1.64064
-0.445211
1.21559
0.214284
-0.473431
-0.118629
0.593784
0.388564
-0.236298
-0.741898
-0.814004
0.147276
-0.477821
-0.108935
-0.187385
-0.551166
-0.460643
-0.353481
-0.260608
-0.288516
-0.473144
-0.321158
-0.376172
0.288053
1.81774
1.88891
1.65949
-0.262215
-0.393149
-0.324358
-0.515706
0.011955
0.423709
0.674836
