546
0.887250143882472
-0.5104900100238037
-0.3406604760615095
-0.48156082059131694
-0.316800784405402
1.0443279912421686
1.412396977376577
1.845976506131095
-0.5249884507681549
-0.2277804160625464
-0.5792663871786391
-0.6058582015330605
-0.5215448883732149
-0.614238247508876
-0.4543443744573941
-0.4577100642329907
2.016433871836171
3.3274204718313745
2.5441244162567314
-0.34048303092787385
-0.29465412330599217
-0.27185194687432335
-0.15487341377637928
-0.5260457284928183
-0.559982572399463
-0.3023822402893167
-0.44936417678126267
-0.47051583519759843
-0.6168006925089199
-0.3207115941763305
-0.5642413750226277
-0.5801276732993845
-0.6119858143607504
-0.3897139626352136
-0.31214448097835135
-0.6572053836015599
-0.3800968220425778
-0.4000968332534884
0.09772620100226297
0.47907374585640206
0.24913925497611583
-0.46407263365018503
-0.5564031778506119
-0.12376950798251123
0.6268450274748438
-0.5165242384755578
-0.4434026358196801
-0.5294594247161853
-0.6590082240953944
-0.6437164893302453
-0.6960783228824972
-0.2736551313713305
2.688472815923097
3.2315432730563716
3.780504230876682
-0.37556041375262594
0.04901972672844639
-0.24022140133050068
0.7224789224151065
-0.18728738924424285
0.43247776474044053
-0.27707147772483043
2.870646457762734
1.804569831022326
0.14308724845033102
-0.44992090210935387
0.10198816776309076
0.6553927310704424
-0.4089432458162828
0.8549971040390274
-0.6870709939857677
-0.407382356932562
0.07275207475599581
1.9619053543874974
1.376297690437631
0.722597315824126
-0.2513274579761114
-0.11813437221992582
-0.7249471321953692
0.024073262312624237
-0.5841233338889088
-0.4403711540762768
-0.4377906698391173
-0.2940979089537906
-0.1947335822955683
0.6650414462525136
-0.005967360824029085
-0.03040399498103389
-0.3105987867698797
-0.24590719685588927
0.09752813698114646
0.246867125313384
-0.22014944921195195
-0.4151153153532867
-0.7331115273561509
-0.7146259717362763
-0.5651760029860532
-0.5951435197498329
-0.4560629296997557
-0.4325903457479631
0.021762020985979437
-0.35891069598494596
0.4446481648399744
-0.30937749061514763
-0.37981134358849006
-0.6803782062875501
-0.620719396208849
-0.32176520554585375
0.9618046725489644
0.49881621269090237
-0.15146996501227017
-0.493274107506083
0.12067093321514318
-0.5671473828258589
-0.33793415410164346
-0.34036553939029573
-0.5607654931812451
-0.7119873188789491
-0.7289622661897
-0.7634957165309844
-0.6318050633725476
-0.5024853528722526
-0.6337447587543257
-0.7256487847167086
-0.2036062324486685
-0.6647779504328518
-0.19765180735971827
-0.4595379078995136
0.8165650459000205
0.806947773996192
1.0257352970873193
-0.06103317783180354
-0.17253135807079217
-0.47369821035384574
-0.3675190334932666
0.13194569580368914
-0.13022562160562853
-0.15767151537457338
-0.4637703877190304
-0.19143414802778858
-0.3755123193846529
-0.2325264812336434
0.1488521051522225
-0.18591481439185145
0.41886378577501004
2.0351113663186124
-0.1309910191516486
0.8766253757082754
-0.1943533639927121
-0.2882365125514802
-0.04716932511129736
-0.6258691665811169
0.14995580248304194
1.040775680644015
0.8502769808009685
0.976313188720576
0.09717062261051328
-0.3143644157067311
-0.33359602717311504
0.013281982150121132
0.48224988109774153
0.8884657147518007
-0.5345686042536872
-0.7135282175934659
-0.5837225928502583
-0.6642279835761253
-0.5608832591109724
-0.5943997269812141
-0.05826515858735751
-0.5311279126441686
-0.1470843464411419
-0.47588520878248936
-0.1809051874014537
0.16263714327526715
0.428625555300885
-0.5359951476269517
-0.47421494285139726
-0.3525112905799887
-0.5861001986488019
0.3197920522501245
-0.2729390714003853
0.5316000837222685
0.5962016688011195
-0.6965113408715988
-0.600929391049589
-0.48051006179605876
-0.3797048343944645
0.3648419705513898
0.22387131728242315
-0.015100378793117134
0.10331544662587765
-0.5109004120505659
-0.5161874741342658
-0.32715378206377543
-0.5127491472975725
-0.6765103928966506
-0.6810385850587196
-0.716531579307508
-0.4304940635008417
-0.4258777735965457
-0.603256211609253
-0.05520116314399506
-0.5072635399184591
-0.4687947179765035
-0.5837337553343309
0.26507857861415557
0.3293088641170259
0.2809763131901493
-0.08614283556878889
-0.4493922056228557
-0.38859108395795816
0.5280672938704272
-0.6123209603759242
0.8495046752451278
0.3728173756844857
0.1243977145429363
-0.36800776622792863
-0.5285978007187861
-0.4701261457162272
-0.4734143663567104
-0.3190975764199087
-0.6709367783037598
-0.29975343777512936
0.10628531896972337
-0.1747777342124379
-0.43826762684399373
-0.27881325556310166
-0.47431955544762405
-0.607940495656229
-0.4941626880576665
-0.5562794570176652
-0.63811923034035
-0.6726142231696249
-0.6013638197108947
-0.5270089830026141
-0.19412980560562793
-0.4386085442025211
-0.39773840550051826
-0.5444267899602736
-0.5557060111469502
-0.44887678128530645
-0.5956553739897947
-0.40270343704701494
-0.2603489988480355
-0.22665872027248762
-0.14745448479626094
-0.2266659660820959
2.6520838343366853
2.1307406691291524
2.208800822946809
-0.5237518745942424
0.05564024840784133
0.2871267902847577
-0.25225298214297065
-0.49831134379049863
-0.15732722229739476
-0.013707741960893211
0.14353705672422276
-0.5751158062813667
-0.340001652514471
-0.2871819424240015
-0.23862760144201273
-0.5385379207056392
-0.5386582841972336
-0.07804665697577921
-0.5221204748189229
-0.5580874061560492
-0.6326438215853872
0.2599093647254006
-0.6300667175731515
-0.6580689530646416
0.7845879739772039
0.5622067223502933
-0.3040273551934195
0.10663747289058381
0.028437894089297287
-0.6139436561481293
-0.557581129725949
-0.426468609899229
-0.1832071830300741
-0.2541138743807196
-0.607952422444344
-0.5747764491349229
-0.4656357191291549
-0.5309334385325256
-0.5233914042795604
0.47883207747722556
0.375297289835827
0.3545529692736257
-0.13294848638537524
-0.11454089768569106
-0.5581598357815213
0.4473182325378365
1.5790791808251643
2.134855110711314
0.7418583515776527
0.05641846085121691
0.302359206647246
-0.3461186534796927
0.4946720041305278
-0.2829929278552733
0.7305393483692993
-0.16167106982223534
-0.31448539108336576
-0.41241863449173166
-0.11708031161388767
0.10046171521215744
-0.22241084037133857
-0.3718645984694352
-0.4338408491398936
-0.27664931584606384
-0.19376377426172978
0.7293714248601266
-0.6979319952685622
-0.6269804893283419
0.018084513270602426
-0.09281271883078111
-0.42851414640818575
-0.29789170321423375
-0.6362559955392034
-0.6873916846901291
-0.5588980734588496
-0.5453405593125327
0.4603047490215901
-0.3538929642811885
-0.504290219712749
-0.23042416791059342
-0.11588705951328453
0.687991852459911
-0.6964778860916472
-0.700569233168147
-0.7279234626481865
-0.7192281478183767
-0.7480945338869981
-0.19907791844739572
1.4376910601892607
-0.7254262425549084
-0.730979471566825
-0.7101891902184291
-0.6687489256394104
-0.5494368652158924
-0.21550573469908424
-0.5283788284903993
-0.5413313431114162
-0.1290446037109047
-0.38499879897353717
0.8844812734272355
-0.5045791728077028
-0.40904431811897546
-0.47187731067532124
-0.5186052077963829
-0.5035781640543895
-0.49808839764586166
-0.4568291395312133
-0.33095324853870056
-0.28175927822351177
0.410513267908313
-0.12280196525110391
0.9980646650885422
-0.19524737087723534
-0.2605509885747029
-0.6726726833219505
-0.19335919761745435
-0.15358220156198232
-0.20831881412579817
-0.4085082801553419
-0.7128219724334177
-0.6062841673300955
-0.35132629067416216
-0.45595387334106485
-0.6811731713937541
-0.7185063402101973
-0.5525307925251517
-0.1648568842002765
-0.17426933858269786
-0.34442757673149843
-0.549081640447897
-0.6224715971615072
-0.5905321297895796
-0.2409402092069956
0.6171104204037984
0.13720594390910526
0.3689316636861424
-0.619406593800885
-0.6758857742451864
-0.5670660645703148
0.9189570149357037
0.2253260236912557
-0.38539636013847955
-0.3305974948280297
-0.27177654825425485
-0.45748172091998723
-0.655587055443394
-0.490523911515544
-0.04564053633361298
-0.3187998478124914
-0.6347537631577987
-0.4160574573769454
-0.22405205549198332
5.221665269788925
8.053608577451493
-0.47190415356713816
8.562375437828784
7.878562399836985
0.5988726999951874
-0.19859662251716978
-0.2545802254212563
-0.3538412440371453
-0.49373449007180464
-0.43417714838233246
0.0033245717171967357
0.10718880349983571
0.2583045694985493
0.4806741388881626
-0.3363639326392585
-0.5259488131970211
-0.3966808989512361
-0.5405302592942662
-0.3088448014218259
-0.023566583412960952
-0.10511240965506977
-0.23691524756568477
-0.0649896623233827
0.6762946899053339
-0.6025218802758793
-0.4497794213074346
0.4102359465592613
1.8561411883658556
2.686536328706138
3.293643647522839
-0.4004582248440097
-0.7602066763212626
-0.7536396032114117
-0.20737555224406987
-0.21330056597515348
-0.5272310576361596
-0.36241788328278435
0.06666806809914275
-0.23099078679509402
-0.25044484029922726
-0.19267216748573313
-0.09436758684572266
0.016679559052657774
-0.07720520822129938
-0.5707004015330307
-0.23665086516895076
-0.5394010374619529
-0.10992608040199989
0.4951779782190772
-0.1493412350632378
-0.0036991091212814687
0.20938067344057604
0.22058497191756934
0.379807219862298
-0.17433001205401197
-0.460624057942958
-0.38199915373831944
-0.6581826078288093
-0.31365493333537087
-0.4168120239461419
-0.5747416700137938
-0.4911040068182169
-0.028564083619643736
0.19488923178866052
2.0745107249654753
1.854126059038928
2.764694684807797
0.5214996152108539
-0.5516057050627104
0.21711365178632483
-0.49752740746114343
-0.17938032106748278
0.2525125106808724
0.3563969824944704
0.7108538351280792
1.114335476990931
0.3016151773310643
0.2109029298909713
0.1588061726747482
-0.447607016434539
-0.09164280093153547
-0.2967510772723882
-0.43419706554617626
0.506857462067112
0.3974995690229454
0.1942318986999823
-0.23710479484809213
-0.4020275276370534
-0.16683002725534773
0.5839867045018028
-0.10527228419479003
0.5358323507355854
-0.4705197264260497
-0.02639541102557021
3.071273045822972
3.501965068841573
3.7420933391204003
0.6653233106398603
0.7337449880312181
0.4393221716834033
-0.6065887761642763
-0.6244394442324781
-0.3511112718760064
-0.6831694469144068
-0.5562970919312826
-0.4867927024165425
-0.3978555779180111
-0.20024109221320618
-0.04556371645368732
1.067620549653799
0.1867851825124432
-0.3894823166716756
0.1492941357430004
-0.38458463925959385
3.2379557976173263
2.9314037148358536
2.9803666093552144
0.2742315739309815
-0.27249278692689693
-0.14744649461935633
-0.3565810325654143
-0.2989452670377622
-0.2517399979768431
-0.5404642959193175
-0.35872610289156026
-0.09578564686849188
0.07291592774489175
0.2963716323556532
-0.3252991394624127
-0.5692785953075965
-0.6210798241453303
-0.40573613117989793
-0.4108398134416854
-0.20449339352818988
0.2239199347061243
-0.12503835646991632
0.22737944369720411
0.26909858570161477
-0.3053692699639431
-0.4447140990489345
-0.5272542129478193
-0.684121791787585
-0.7518325674601968
-0.4996799640005778
-0.5474798936395687
0.009236458731099163
