182
1.70176
0.0826653
1.26794
0.726301
1.69781
-0.599297
1.00958
-0.378409
1.15064
2.8765
-0.38679
0.372231
-0.595203
0.129622
1.41576
0.92299
0.489347
0.059592
1.08814
1.70652
-1.01974
-0.28177
-0.0602625
1.37409
0.891441
0.527627
0.463907
1.49816
0.371165
-0.44017
0.892436
0.906681
0.0551354
1.70137
-0.143591
0.0660438
0.130529
-0.370003
0.847126
1.31868
-0.101829
1.237
0.657857
0.83032
0.305309
0.24471
0.291913
1.76039
-0.0238015
1.00508
2.28907
0.730738
0.107215
0.109474
0.422178
1.9663
1.69628
-0.253764
0.726476
1.21638
0.309229
0.810466
-0.224972
0.417769
-0.206803
2.05999
1.12245
-0.107301
1.02827
0.344301
2.69171
0.90513
-0.0338082
1.87515
0.768802
0.314526
1.07667
1.20335
0.441723
1.03488
0.294712
0.182091
-0.0857142
-0.0722114
1.39888
0.82247
0.920313
1.23431
1.10574
0.430318
1.26641
0.955412
0.459296
0.611885
1.40385
0.0043841
0.762779
1.83993
1.83766
0.189113
0.312377
0.223367
0.925321
0.680915
0.979983
2.66227
0.609002
0.119809
0.846601
0.102854
2.74445
0.878876
2.70364
-0.499076
1.96557
0.579699
-0.217568
0.922795
-0.627231
1.71266
1.67873
-0.251881
-0.6515
0.644155
-0.226942
1.73075
1.39683
-0.462748
0.931076
0.659181
-0.2715
0.943669
0.567362
1.44983
0.480784
-0.0334942
1.73083
0.495219
-1.05735
0.550503
-0.00845054
1.22332
1.06163
1.84878
1.06533
0.0148774
-0.473705
0.931446
0.243437
1.56729
1.05416
1.61463
2.32281
0.0144005
0.848077
1.02158
0.466819
0.145353
-0.875979
1.70277
-0.0451136
0.802192
0.575713
1.06329
-0.0231587
0.327261
-0.571193
1.60739
2.50888
-0.296993
-0.560987
1.22622
0.0282867
1.01816
-0.393271
1.79972
0.0655831
1.50195
-0.202902
1.60454
-0.239038
0.230542
