182
1.51318
1.14903
2.27461
-0.320904
1.05013
-0.451546
-0.469559
-0.691689
0.478411
3.13428
0.517104
-0.0389893
-0.536092
1.54839
-0.283993
-0.127855
-0.749728
-0.824871
-0.338525
0.404571
-0.441936
-0.840113
-0.442498
0.717344
1.85879
-0.526956
0.0285085
0.969567
-0.40568
-0.16519
0.79522
0.029824
0.0213696
1.82408
0.516041
2.9445
-7.09841e-05
-0.238223
-0.176539
-0.191629
-0.0409423
-0.300866
-0.338877
-0.437212
-0.758658
-0.559742
1.48658
0.588456
-0.253256
-0.522193
0.127137
-0.336043
-0.123918
-0.475625
-0.0636227
0.143913
1.39204
1.38514
0.843382
0.225545
-0.348541
-0.105296
-0.353044
-0.171653
0.0522377
-0.0852338
0.258912
-0.157394
-0.0351902
-0.332171
2.26697
0.75146
0.26267
-0.316057
0.150015
-0.237788
0.243853
0.208325
0.889306
0.208679
0.949121
0.211565
-0.0142552
0.0653002
0.53611
0.222487
0.0635929
0.552868
0.605995
-0.136525
0.815166
0.079074
0.804602
0.162009
1.707
0.145393
-0.143567
1.81222
2.93281
1.65993
0.674029
0.197976
0.0229513
0.982834
0.110194
3.89729
0.85738
0.259462
0.756654
-0.329707
1.75771
0.264421
2.57274
-0.0865552
2.30815
1.71593
3.06758
1.8256
0.318276
2.06339
3.05982
1.82863
0.0453784
-0.0491509
-0.240366
0.717198
1.71271
2.07447
0.301058
0.478749
-0.451399
1.75015
-0.165793
1.17564
-0.0956358
0.215047
1.44461
-0.21447
1.48622
0.345412
0.149518
0.0309183
-0.110037
1.82482
2.83555
0.0365447
-0.491728
-0.0679213
-0.245288
1.79799
-0.0658868
0.245733
-0.389226
0.479333
-0.264175
0.842308
1.32148
-0.0680263
-0.40911
-0.13394
0.393305
0.0427865
-0.0630883
0.317911
-0.154567
0.413179
0.183606
0.219049
3.23919
0.669808
-0.160339
2.23265
0.751437
0.599709
-0.00269559
-0.0738282
-0.304871
-0.0915112
-0.453212
1.32923
-0.374854
-0.631687
