182
0.835189
1.22689
-0.0332719
0.0134885
0.0457861
1.02306
0.0403985
0.357332
2.19331
0.800896
0.937557
-0.275383
0.263141
0.762003
-0.201813
0.109281
1.21573
2.33483
1.19697
0.925624
1.90166
-0.0598923
-0.125523
1.44683
-0.0283249
0.155924
-0.184359
-0.345014
0.219743
-0.221427
0.295178
0.281145
0.668021
0.912824
0.956844
2.1762
-0.0306097
0.0891068
-0.0191288
0.214655
-0.320249
0.31031
0.68455
0.291338
0.449473
-0.22294
1.99519
0.780179
-0.486745
-0.375794
-0.180151
-0.258691
-0.158349
-0.0406855
0.0717889
-0.180267
0.143134
0.600192
-0.17943
0.066707
-0.195655
-0.316762
-0.221646
0.502102
0.327282
-0.174061
-0.285536
0.105096
-0.408658
-0.274641
-0.264935
1.47567
0.133577
-0.277978
0.217707
-0.309938
-0.300951
-0.0320075
1.87348
-0.330017
-0.37919
-0.232427
-0.0274682
-0.000577309
0.222719
-0.241535
0.36713
0.115749
0.123802
-0.573281
0.209692
-0.383279
-0.309419
0.34566
0.733348
1.20113
-0.0571116
-0.107508
1.2053
-0.128297
-0.102012
-0.154306
0.58981
1.84359
4.18032
1.54909
3.27149
1.15673
0.221503
1.21756
1.86771
0.717552
1.26666
1.52653
0.389839
-0.231576
1.33538
1.8385
0.906292
2.95638
-0.0250815
-0.211581
0.980199
1.20892
1.60039
1.25315
2.05534
0.92122
3.34042
2.04933
0.329805
0.0346866
0.322215
0.615502
-0.0787668
-0.19714
-0.260522
0.0626489
1.59478
-0.180042
0.0590649
2.25528
1.16689
-0.296014
0.385866
0.241825
-0.149209
0.761884
-0.0928307
-0.0656426
0.216337
3.02232
-0.345553
0.677537
-0.311267
0.37347
0.105215
-0.0137324
-0.289103
0.48382
3.09063
-0.23419
2.01501
1.39659
0.417694
1.06704
0.737132
0.233572
1.85602
1.32343
1.75365
0.0206601
0.662143
2.33199
1.96937
0.558235
1.25435
3.08122
1.61731
1.769
0.809809
0.959035
