182
0.809788
1.19877
-0.142873
-0.00170381
-0.0550195
0.996173
0.0228602
0.32723
2.23962
0.870788
0.883676
-0.412648
0.276953
0.724281
-0.391368
0.0406505
1.09666
2.3768
1.17051
0.803304
1.92231
-0.109867
-0.395799
1.38959
-0.0879328
0.166656
-0.203383
-0.432371
0.203766
-0.265456
0.367642
0.241427
0.630337
0.962214
0.86211
2.11084
0.0419314
-0.0864563
-0.196881
0.200437
-0.435369
0.388966
0.749108
0.369993
0.308405
-0.337047
1.95583
0.809006
-0.48478
-0.458736
-0.37148
-0.306852
-0.309806
-0.130422
-0.0579856
-0.132569
-0.110094
0.622174
-0.160059
-0.00386065
-0.36009
-0.268525
-0.323523
0.529692
0.314319
-0.402929
-0.316901
-0.0934649
-0.51275
-0.351662
-0.093947
1.16
-0.0155628
-0.240081
0.235219
-0.44965
-0.392594
-0.170464
1.89211
-0.428908
-0.48665
-0.315169
-0.269054
-0.195913
0.170031
-0.272169
0.310461
0.213516
-0.0265597
-0.419197
0.0440131
-0.417739
-0.372208
0.338382
0.677616
1.16643
-0.154279
-0.0101059
1.09071
-0.201532
-0.267805
-0.163165
0.499172
1.76587
4.17146
1.62637
3.14375
1.02095
0.214897
1.11878
1.88372
0.603439
1.31089
1.33415
0.397372
-0.316442
1.36857
1.8275
0.736534
2.80017
-0.0634866
-0.245155
0.969451
1.05511
1.66327
1.22886
1.88491
0.889061
3.05354
1.97916
0.353319
0.0168863
0.28301
0.642455
-0.0639685
-0.221521
-0.25095
0.0297277
1.51719
-0.29864
-0.0227125
2.30365
1.04464
-0.26131
0.349774
0.104908
-0.179115
0.683284
0.00862195
-0.0936601
0.213166
3.00653
-0.520998
0.629122
-0.328795
0.366414
0.116981
-0.0907806
-0.314838
0.487156
2.94345
-0.186868
1.96807
1.4062
0.486777
0.975505
0.666747
0.0751278
1.89502
1.32303
1.80372
0.0330009
0.631737
2.34714
2.03318
0.446052
1.22408
2.83724
1.67376
1.84323
0.868083
0.884447
