182
-0.08239036591157596
-0.8392423755965647
-1.3669114707224754
-0.8267650827995295
4.325794323910376
-0.20898998544878836
0.1640199476907589
-1.3609822896821024
0.28218851611242435
0.41033594439987614
-0.3577711480350808
-0.2807435192330044
0.7519900411247218
0.6685721655578545
-0.4254119001446329
3.0313895732202214
-1.1946893623766026
-0.6747461238220054
0.07347045335262324
-0.6507498570993872
1.089998596003818
-0.3425730142095201
-0.6302575569699984
0.07127301869912779
-0.8596976804996258
-0.3880796507907096
-0.17403780713523392
0.5584914902646589
1.6968841468487665
-0.5657590939519634
0.10288628539971424
-0.8188016881012049
-0.43646435366721076
0.014347817405468873
0.12038514078788129
1.6187510189121532
-0.44121741511917867
0.7582990071882668
-0.4648132392120004
0.30094762269975517
-1.3365517731867673
0.660879503154204
0.02723338579489779
-1.1313415657914134
0.5131953622372792
-1.2653190051713936
0.006059936049119964
5.4794836116709495
-1.2912628826755777
-1.0794242995707128
2.2659029617101605
-1.3433922480452063
-1.3762874249468373
0.9348679129173723
0.4363815977064267
-1.2577753011021828
0.36982865546561583
-0.20561445998287506
-0.9728145821964649
0.5954278164894747
0.7606337699137212
0.575050374019804
0.06779058775617428
-0.26274194471412055
-1.371141378286699
0.15284288870109086
1.9638553253459645
-1.1404593353399568
-0.978366701166386
-0.42372998974672044
1.3403655116931696
1.7055010487346616
-0.7480458395636802
0.8980776869099486
-0.26884604614692703
-0.4597073698416052
0.40179227340441936
-0.6874061348234081
0.5551780516337058
-0.4495559750433816
-0.7512620314961023
-0.23363100278771406
0.4714568323518197
-0.19452724902796228
0.6244460454667505
0.14561016771323573
-0.6883549819474709
-0.6004155598667105
2.3096345640130216
0.5988771371847559
0.6604821506068704
-1.1767323357255155
1.7643393183478555
-0.37804614636774647
-0.13497936113137546
-0.3285815235376572
-0.6189368833847281
1.3207333682597922
0.2550927328821697
-0.4513031486575796
0.4116617907783846
0.5800055462257229
-0.6915789191027002
-0.3247646610545183
-1.359908560000702
0.10079913884333286
3.5225239088981657
0.32318086911079874
0.36504455739839864
-1.4287454521449976
0.016336846674413312
-0.9709721596313675
-0.13925681688247976
0.32499252987796445
-0.3590425246864791
-0.8774553820776895
0.809369917934313
-0.5171732858901134
0.5609103499468647
0.24977322097559385
-0.6118897476928424
0.6333417626892283
-0.47572506767547296
0.3121474366084679
-0.22549140259652511
-0.029369773666012827
-0.48341611860771655
-1.10497297568662
-0.5830987187958208
-0.4670521500789069
0.8359136080156827
0.06791606100897749
-0.4418815979938552
0.2865678838607836
-1.1220463528992077
-0.5911130179746882
0.18325769410299844
0.030174378141161855
-0.6553503581170192
1.6155129552814038
0.3942686517106711
-0.45955448499363943
-0.41036285100139663
1.1899298137197714
-0.47028161895477927
-0.6265650180424229
-1.095374578900004
-0.04961899156679066
-0.7015412498283574
0.17764937605895778
-1.0011077465671792
0.7710831527228369
0.13198645504065046
0.9956647699075665
-0.6075968097408508
-0.46226399776456195
0.2897412201465927
0.1724789822967119
-1.2594672029156264
-1.104867135088872
-0.1610552573378093
1.199555052850259
-0.37339318792470355
-0.2532867256892985
0.08899329286323998
-0.09544102545148261
1.142103567914004
-0.43343819757367313
0.26078424325629646
-1.2089895927545393
0.4661044173682492
0.7238456474792323
-0.640306458273946
-0.1855171371549422
-0.32457646440358123
-0.3249956558197964
-0.5343709183022329
-0.1413948028925933
0.7420821286886546
1.345431943940283
-1.3427764255923513
-0.4960808204567672
