546
-0.8748385796375377
-0.9544967051505985
1.6329446450233052
0.04752940724564016
-0.008165415269299457
-0.3193530778978448
-0.6882881895544778
-0.3886193013107881
0.15269812027785304
0.1320289299031259
1.8581019173361726
1.298502591533919
0.9179960279774909
1.5859369794262619
-0.7507356309404338
-0.49690108257050075
-0.174374722761931
0.12241280623192584
-0.1925892857832021
-0.5560790123468442
-0.872309154155833
-0.6531234025825153
-0.7933825559795874
-0.5876464928795656
0.799030551940817
-0.7705710527279352
-1.2083358371820705
-0.9392629924997612
0.3092567606838637
0.6066063892915128
0.32971234818107553
-0.48633547750486233
-0.6109475247046723
0.010378250783653568
0.5210178768876195
-0.8737922976104692
1.5800478552477233
1.8251011649781845
1.536557710742872
-0.35065353829157375
-0.3981627907077972
-0.798544823590397
-0.598429944997384
-1.0540480271978465
-1.3801789118506484
-1.1940028926752693
-0.9669346188011216
-1.1343117562012441
-0.39464857848163015
-0.3600239536402977
0.07321154712880791
-0.6517246893080446
-0.3500247121307824
-0.70089787132341
0.36678579685408
-0.24586202863192633
0.4246376662356461
-0.8786339958352599
-0.11891964210084018
-0.18593788743496642
-0.09073305429168681
-0.7157191495999508
-0.1940304981966736
-0.564092391774601
0.2733484018956218
0.05624326737350657
-0.2821871705669222
-0.9860934892588985
-0.6518581711941499
-0.9451580815249749
-1.00525384035489
-0.31949501317053075
0.5574293544241006
1.403525503609635
0.664599530484481
0.15077000413141675
-0.8530663360380434
-0.830022080304354
-0.676805598923185
-0.9797691860316222
-0.21056100867878766
-0.16163751497117446
0.22114719332125293
0.8234682973793653
-0.0018279293596233073
-0.12770022245226306
-0.23266267741686697
0.02930679056235544
-0.5179351560504966
-0.7295303422696582
-1.0936227012204434
-0.9642018759435808
-0.6468348923374927
0.030895776770338213
-0.31737297877942394
-0.060032748926204714
-0.10645753496964162
-0.3394207702560755
-0.4966514213318755
1.1284422382229562
1.6260837881547185
-1.0820353444581015
1.3760875053028196
-0.5476671383022039
-0.7319206840266277
0.4744464794195654
0.967633005516148
0.9815882351011171
0.4270813150436819
-0.5164510846350323
-0.3556558994341021
-0.6324248672841601
-0.8679405562109916
0.8250712634766079
0.29122585118912203
-0.05263890627532751
0.3366690849718063
-0.5859546595055158
-0.14081861608635593
-0.10823667100466328
1.817607793404462
1.235885659623982
0.9192959063901543
-1.5184888730054127
1.2870442103216413
-1.4869284845857018
-1.4536353059417564
-1.352150699454176
-0.8685997989794184
0.31529222988898487
0.6503791912974541
0.27195779542486315
0.3834451096718034
0.39460438041489204
0.30611171944962867
1.5874558928243896
-0.5987251182047679
-0.1893768541174357
-0.3548422154705097
-0.07252347531420786
-0.8571457026264323
-0.9224040109320119
-0.987286431105638
-0.241433821378326
0.9563337712650629
1.0361350958725792
0.5075767772137553
0.7831521616453606
-0.17919755361619022
-0.4812577447266564
-0.8014650974624489
-0.5787326784836357
-0.7960074584001637
-0.6330159120672704
-0.4204042156532289
-0.24765568984872424
-0.3063568649508363
0.39278451764893413
-0.9624968829576452
-0.8760869880982699
-0.5086535923317297
-0.37023134616268905
1.1197779039864717
0.45941565370170473
0.9997517273053877
0.5221519264178934
0.17113498520928389
-0.507671254674669
0.332644710835132
-0.26103983510163353
-0.5470460943641394
-0.4946651647163726
-0.6730994665975968
-0.21597550163713136
-0.7649705093915518
-0.32187443588469894
-0.6701389503847888
-0.08595339725785842
0.038139721475802336
-0.10072420194165733
-0.013683205081421054
-0.4307360371042764
-1.168372319424347
-0.9913358957652462
-0.790851372990882
-0.5166971332674195
0.4836586799346911
0.15540102270698355
-0.026241716485091427
0.5156090562182167
-0.4539131866401898
3.0646795891456424
3.2328538032504177
2.016828092431193
-0.24384160582132555
-0.5034319602404617
-0.8061270561284117
-1.172546945842294
-0.13575250042648146
0.8315216647402089
1.3159526510992174
0.5543157323755351
-0.14127719404790265
0.2602708845865116
-0.3618213855923516
-0.0439194804460719
-0.6077956628017341
-0.39879999887004836
-0.279698589247666
-0.48229556442222565
-1.0906322034463933
-0.5802837871047271
0.6752243561137626
0.022239470341967525
-0.10321526473848665
-0.32374010208679643
-1.296277913187636
-1.3183265507150899
-1.3421262050021385
-1.1048971090807171
0.10664358360972861
0.03858917782391128
-0.10488871457683696
-1.210583130006621
0.6651217766073607
-0.8256296677890475
-0.6635958124817958
-1.0972138726233924
-0.8338691630671007
-0.8329523379614345
-0.5355577835086475
-0.3328653815242105
-0.06720897696103954
0.11848386340106495
0.08549508483544573
0.16513870848306456
0.1861537857717669
0.2203873047506467
-0.6997755618001295
-0.7808773167861348
-0.8503249963070725
-0.7194473649775065
-0.4940457821197349
-0.02331945678839442
-0.7550602548084383
-0.9953339919029287
0.04882130395081316
-0.8234410982520692
-0.5227574178742713
0.2721310841406965
1.5273075252937074
1.941075645498898
2.2539443718445837
2.8304746933074276
3.343357766483629
2.678782791908371
-0.06611852932163634
-0.27937851837201577
-0.7293714247364221
-0.7975618771517679
-1.1610143523992797
-0.9751878801154743
-1.2579599067684386
-1.2072560637026724
-1.1782106801612742
-0.7550860426979908
-0.29700501916064465
-0.2491820898177673
-0.2797358579100832
-0.24173118298766086
-0.009781924793833713
1.4595700361542763
1.0679181881889888
1.2140667013604496
-0.0894643738656163
-0.5023587970551927
-0.7513677529041805
-0.6778570065337086
-0.9382740677849304
0.7648494918776577
-0.6916529413941382
-1.2032577671124594
-0.7712100767453606
-0.8077073809844583
-0.8383601395885353
-0.7986590145626209
0.6593211563873734
0.8380734810150234
0.6494657434910962
-0.3650596307641033
0.8317446376454599
-0.7129723228258894
0.7230793601869485
0.23952012351523672
0.31311511856688223
-0.7929677393143427
-0.8248198898043053
-0.63390567475062
-1.0873495346387128
-0.7587129894350103
-0.998340177273843
0.9317007728209429
-0.8683196343971314
-0.8626053147828335
-0.5450557993774267
0.6827127494711069
0.9776268281218574
0.693763661488294
-0.8758521031906258
-1.1206512638238968
-0.9438059341296108
0.006008203029239422
-0.23705458546368677
0.7598541259321621
0.7311447809877689
-0.4215239392142877
1.2307989421903933
0.5360315904291302
0.7405226377726899
0.4590289587701759
1.4183383756159194
1.0182036474017664
0.24835239590985816
-0.39904931316795783
-1.04661988137702
-1.0061313752390753
-0.8214950018237247
-0.8005259558088917
-1.0405863509874778
-1.1625364995627698
-1.0789157526325728
-0.6656278882552336
-0.41833886332899556
0.4683070340050895
-0.7050098938108712
0.44003683017128015
0.6125729797044948
0.5545711850944238
0.2738425526351613
-0.7311167578925972
-1.3706329402688469
0.3170726741049419
0.997075709970738
1.0173940517603082
-0.5274379933431299
-1.0146616209019268
2.031619307330113
-0.7477538637658104
0.7405376540957457
0.6171265107037592
0.25792378578840314
-1.0898722079668626
-1.2520796448881426
-0.9247979843548839
-0.6224480324139725
-0.5107148291828684
1.4420162581956422
3.469204067780059
2.0689961608615492
1.0059635850364383
-1.0495198414774474
-1.5386850441050473
-1.4021027388174159
-1.1442809874133861
-0.9121632363511013
-0.6158189711883061
-0.5089608393981315
-0.9348803086257556
3.2980068592612932
-0.8533052048441003
-0.6897049752670679
-0.3944200635393208
-0.6287299046082173
0.06407053657315029
0.12064862798982436
0.7900680405538938
0.24641707666588103
0.3657830723280006
-0.4299108500201793
1.4969938074447606
-0.114581354190207
-0.09638214080081269
-0.2865995049769682
-0.7878078282330759
3.8158216443008977
3.758619337239789
3.506396483537695
-1.0717716015746563
-1.3799718282834124
-1.2441182353036675
-0.938668119676671
-0.7775328122091208
-1.2618924593502994
0.7979396546717346
1.4091536280147656
1.2433528109807777
-0.5151568686440546
-0.9184719411763123
-1.4397004092415133
-1.178554263133839
-1.0973242090714859
-0.5782380016015073
-0.8361499791740994
-0.731349394847124
-0.6893416628496417
-0.5047442079238662
-0.46565562184344417
0.7800189982051565
0.535171160279455
0.376519030285049
-0.13569688567136834
-0.4777365835392664
-0.2565833809790232
0.09471801710412717
0.19655929363824384
-0.4770990865407512
-0.7885400774514695
-0.4677905625689144
-0.3040402101789609
0.07186744362824543
-1.020939638857998
-0.7242800532641454
-1.1425931096341606
-0.32103407869000994
-0.9645589047332634
0.4350946161191237
1.2399980523880296
1.2372354548022602
-0.05683745916995185
0.7286071852248205
0.8721674582828226
-0.18190512054753574
-0.9881566321742934
-0.78782208477267
0.6874637155770085
-0.954860161807483
-0.07256247032914062
-0.33521403570594405
-0.1068950204790084
-0.5976077054628318
0.56949510549038
0.7174693605994278
0.7212566963281153
-0.5255606809224791
-0.23860180375215256
-0.6266150468775494
1.48887550590228
-0.6212565955057026
0.09333107713137889
-0.5779212139542153
-0.1334195206216398
-0.6863017859555831
3.4664946680147004
4.239330699075995
4.177110471449096
0.3527982320212277
-1.165427565787084
1.6831833069052344
-1.3772240535763491
-1.0999729443286688
-0.803581820478268
-0.8080313285898374
-0.8642636263698223
-0.41654794611054946
0.16977851218984077
0.3561870569880818
-0.27537399984674116
0.46882265295185865
1.122543889523757
0.168892402081238
0.8493503475122638
-0.19097501654773164
0.7120093248033419
0.944718941345326
1.1809025600138852
0.3299803172865798
-0.9208472725743555
0.4243880258602109
0.9030033190059502
-0.0594325559158838
0.42814203982470783
-0.5377592541717237
0.17973949306041392
0.7857402469276381
0.7802257893652969
-0.36885825849488024
0.05323877619455371
0.7293784397071224
1.4600072384132763
0.8423932037341996
0.7350619595194771
0.35904592902517096
-0.2758839040241495
-0.5088939374590741
0.9437456245924349
1.7057078707005395
1.6501790652887465
-0.012358421827016816
-0.2758803725507794
-0.8159133908083902
-0.28950757647259295
2.000265272672928
-0.31955773096833706
2.2908831889638748
1.721609873926033
-0.42681859873061917
-0.2290611657886303
-0.6673374558648839
-0.7833075212805588
-0.6499245515896299
0.7614618351469843
1.6738305101091988
1.5777057510945685
1.3407646117553593
1.4841441237664277
0.8175611375729706
0.692822851648961
-0.2800145079143368
-0.8125946023611573
-1.2594349004001992
-0.7495797448794995
-1.0418122327186292
-0.821802615203878
-1.029771584121085
1.5712717378558823
0.024664440599646884
0.9203171478852895
1.7093829643648037
1.052520016652641
0.6544152297324362
0.26114322359995734
0.34843175531618925
2.4693238690365513
3.5183875744724493
2.967021823024816
2.329085272544546
1.4897115937794576
0.22393743321358553
-0.17471836108110286
-0.34103101866322255
0.06277349893844551
0.5063880543931784
0.9932140006845519
0.3680138909574222
-0.9424871692267396
-0.16021888237215537
