546
-0.3098204449838772
-0.6769343942531261
-0.9931753747571423
-0.21290750727629432
-0.09410132050254456
-0.26732562496736373
0.28212084200093573
0.30560190629529815
-0.3585603593288425
-0.6630911968067735
-0.9829240602691328
-0.848179008786454
-0.8413595985701757
-0.9189445421250384
-0.8800152460286348
-0.7810329739253462
-0.24079752828464143
0.12596919603621914
-0.459148245558453
-0.11351627140679535
-0.28404602553644615
-0.5948063500531289
-0.8538716173347928
-0.9241277787933629
-1.1049312312136665
-0.7727750552871657
-0.5110022740000987
-0.5090056823408272
-1.005092295717163
-1.1302782176670445
-1.067214104426282
-0.9628695214171457
-0.2500610757580437
-0.15037910277930475
-0.44343431236111547
-0.2166611126093506
-0.7455301553436179
-0.645300280644916
-0.6467786430472197
1.6804464577362666
1.9865816024699623
1.9974161375753956
0.20802675714715727
0.24848401553224714
0.5818998749582671
0.29527103966655216
-0.13667070653188812
-0.31441438662906146
-0.4667193519828854
-0.6708746406165058
-0.6872761239327176
-0.5947571827369691
-0.33684346484292665
-0.30302856072991835
0.1342381519041023
0.2655073048909416
0.12872485695284897
0.4435171367846813
-0.23988647048403622
-0.4011955241325232
-0.09983165551364119
-0.1666145048007754
0.04987745859661797
0.48604856132419716
0.46505760908769145
1.5608562954821195
1.726103801016871
0.934905724914828
-0.20205138816526858
0.5397865863436991
-0.009907986459904573
0.4429944030836713
0.7965631584580547
1.4592951481469711
1.4557054654570245
0.816438747162661
0.26022535190629764
0.08931489722625673
0.273650496061381
-0.6232414186645943
-0.15977335044864197
-0.3043442536707604
-0.7929894201902525
-0.5838432232445042
0.3141194176543786
0.19473574431839766
-0.42641449613015686
-0.7111635284554544
-0.9784626978546364
-0.9971612049868132
-0.5157291606629629
-0.9186296495586925
-0.44473965879109806
0.34355374195922755
0.19766297585168008
-0.20378144728208508
-0.7656467054883805
-0.5729964194109656
-0.34831843748796537
-0.7142892568674705
-0.6451720450407947
-0.5079408668742028
-0.6598532335538151
-1.1304475691219225
-0.9208223119757374
0.6934858834474912
0.9833776323207212
0.3238975417878393
-0.9825546742127473
-1.19394446146929
-1.173431026793001
-1.0179038220108934
-0.6348144472123795
-0.7578774077076789
-0.9653834025215723
-0.9905646327389673
-0.43707311700992774
0.05806128652572512
-0.05690722864658601
-0.7291608719522822
-0.7113496516263343
-0.6632316240335139
-0.5949499850849512
-0.8685469628975802
-0.5204680947096155
-0.7965712818548365
-0.7319809060657256
-0.8190383946233531
0.2470582666112866
1.0135773665245007
0.6795582735249402
-0.5424620489031603
0.30817348312965376
0.7954581023872407
0.0830155940838669
-0.700163516460008
-0.3424275930223809
-0.46161882477616806
-0.539352216075117
-0.7695248859752282
-0.9988441105898626
-0.9894935587929394
-0.8324750064447176
-0.7559303810538835
0.06351621898090144
0.08124927623040253
-0.52546672670392
-0.07735051201145184
0.4106756036673948
0.2607151548036874
0.0552748468312177
-0.5885409510383208
-0.20942188063590686
-0.695974515224369
-0.8708388421146853
-1.173530903794761
-0.932421171169063
-0.7915656838866514
-0.5517766591306085
-0.1814626832256949
-0.4099987589372155
0.044807540933474846
0.05246093660316175
0.07592219280853187
-0.5615015298796359
-1.021761218095799
-1.1115646543349635
-0.8648842561483646
-1.070507717945144
-0.47257966286476893
1.72394427274188
2.207732363331104
1.8154988886827836
-0.6499672608263439
-0.926016005001207
-0.9056304241654413
-0.8021565756240843
-0.6162879724972585
-0.3207322825190788
-0.5533339519894958
-0.47058424447678765
-0.5848279437344253
-0.10977941487374354
1.3320712445497815
0.9966778681534634
1.8812553661661569
0.21757526823534296
0.28173457051666345
-0.36585144092290905
-0.43655627097026173
-0.03792170855100431
-0.5968363427573262
-0.5846517891716191
-0.8991409121558772
-1.1341499062047187
-0.7603290293620328
-0.6783957966442736
-0.47424233621747247
-0.8866564484000191
-0.6366095534201061
-0.5651837663355604
-0.34688906261234476
0.5137552313362191
0.4332331280250198
-0.1312837977979532
-1.173816652017081
-1.2234935828709457
-1.0293524221384274
-1.1143979818457679
-0.715401135251123
-0.776904757964755
0.8676489233500583
-0.29547686586009403
0.845131943140781
1.1472913623072185
-0.91599951353124
-0.5442300113972564
-0.3223851214857551
-0.40751135080804113
-0.9584943615480239
-0.7496247699964167
-0.5938172752381727
-1.0360042300356325
-0.6375148709906239
-0.6416775072872676
-0.915220365254191
-0.5168917362524387
-0.6133957387261617
-0.5192434216390472
-0.6082747713959704
-0.6924927680230392
-0.7790404901892024
-0.6693693339661874
0.1703009363106472
0.32407985068546047
-1.0826917028180856
-0.19055358869180092
0.010606464271751352
-0.3057686710440791
0.9877905360698058
1.0351916431063835
0.688369398748882
1.0718909591344257
1.3061497527908177
0.9645088285518556
-0.4542271992391344
-0.8372116473595645
-0.6751646799370431
-1.1036510341800074
-0.987248780783011
-0.9878126425428294
-0.6728279449908111
-0.309343610396734
-0.259625526459946
-0.48773425086128114
-0.882625734991854
-0.6171732286008206
-0.7468827197358155
1.2504904324214523
0.7606503819101201
0.8528689342173041
0.15041536154555496
-0.5817870080986594
-0.8641494896794831
-0.9137252360655677
-0.6937525859535423
-0.8480499725574706
-0.2541018615794709
-0.3914024295767927
0.1062218773687527
-0.1603138930008495
0.17745031380316909
0.27977574420450246
0.020833927624005783
0.3589147503599639
0.4866905680029269
0.11401309475701547
-0.6761115867104228
-0.910883465125888
0.1841191903293244
-0.9974444552013548
-0.463627058069955
-0.22464119493860948
-0.5584852798376166
-0.8609504777957656
-0.7438013645571873
1.0783490476767208
1.5713063453318765
1.666154444194268
-0.5130623547208263
4.030965314253948
-0.4483661867166795
-0.3089363454904594
0.2504466497895131
0.7160546459866599
0.5477336440528324
0.5948862706919167
0.2678345671212366
0.02145593740515315
-0.19879522740823785
-0.3966237660756815
4.9340543298145425
-0.2799947639183869
-0.33163478370665317
-0.39918430655087905
-0.08425129000211268
-0.1467462297893718
0.09726691405783044
0.3233898559949382
0.49066506139880606
1.3020335317236476
0.6980480881884685
4.534546892463178
0.4183909583270373
0.9788266631575735
1.7141335752186582
3.436665248198983
2.649024504829566
3.3675593511330626
0.4762515263931688
-0.34234542149164
-1.088906819804151
-1.2217132510266222
3.2509548469734977
-1.0661697076359211
-1.109911346652473
-0.9497332321847911
-1.1454244732192935
-0.8317426357019182
-0.8403943494715316
-0.8586931564705215
-0.8484910076037459
-0.21406477561660875
-0.2512766691791629
-0.528495355497339
0.8447564239451081
-0.39786475096538076
0.09078487552957051
0.15399110554623568
-0.5268041707094484
-0.9011668918158956
-0.7306367544227828
-0.7709444532384718
-0.5937658301881011
-0.7927810057692125
-0.8150531728412498
0.9838626066515488
-0.8200225123776043
-0.2995516552333692
-0.33212466855519795
-0.11961842908350152
-0.8537575915788076
-0.7681395708500388
-0.9098271221542067
-1.159803379615256
-0.2795067942162783
1.3856940419547004
-0.30499325670881516
1.7678686993708004
0.703722176291122
-0.45628490771471764
-0.4952333546378883
0.06371754500373071
-0.3654335256010202
-0.7350228796165578
-0.7948868264286202
-1.0168275120334669
-0.9946198294771754
-0.134731881349553
-0.9250655497938028
-0.8923575392246605
-0.9555258486407598
-0.8756526965962343
-0.43849066584816765
-0.7438646382594306
-0.7009732097982809
-0.643920952301395
-0.6467484690060445
2.046103097839331
-0.5034561093459434
2.2211038832251804
2.2039510119926184
-0.9681168086521028
-1.12557164754283
-1.1059473599042513
-1.1438869072557587
-0.8047475142956116
0.24564844122844934
0.6743945338140948
0.8810758676410914
-0.3722522883935817
0.825255516154482
0.7696493709958337
0.22418176120338654
0.49604261930235716
0.020152249800468633
-0.023286355308613657
0.0029507987000689587
-0.21189721137406076
-0.2266364798217186
0.4915970101042038
-1.0642046565507595
0.3136004924321051
0.6400545844164519
0.12706506750336882
0.43282267116474393
-0.19728376700915304
-0.6795872400721523
-1.0752003541557718
-0.874648767655072
-0.5481409052590094
-0.3190969010085021
-1.031723481925725
-0.2775684265316523
-0.37224942782078835
0.3583056873015068
0.22619114568136886
0.21859124813126898
0.40797055144271005
-0.33257500503106724
-0.526655073362103
-0.39279923023723257
0.03868297792010667
-0.821414620584039
0.17178102731490316
1.059682909549932
0.6115634646646483
2.636339429918976
2.4029563436408665
2.2694885120613892
0.639581905519363
0.5533997601605039
0.28881851242935275
0.16824806149185112
-0.7722529099088679
0.3660890945087411
0.44326572369565587
-0.06268801405561338
0.2189796545796389
0.8912573965491295
2.318564153272741
1.8437921901672336
1.8789375576131948
0.031028572686708448
0.16983096604261738
-0.5722975230495904
-0.743714230524474
0.3322569509189275
0.20886313210819757
0.015573829776692744
0.1688066962281225
0.40509446578082325
1.0878182588064287
1.191992942343205
1.357063277734821
0.6012275768866203
0.5718078945377295
-0.26135695815233745
0.5015983059933422
0.8999057105816153
2.586082126655352
3.768672733330469
3.8155019166164905
2.3530709739320077
2.008671247449293
1.866927694402026
1.804813560572855
1.4782781695168976
0.11410129371839195
1.5666052650438362
1.3596406864677897
1.6739831752507268
2.478771241500376
1.8412541805198301
1.5678695501717035
0.6101518549751226
0.6613574764649907
1.4046128373388358
2.0195065248033366
-0.28052998366409504
2.1089442714567292
1.6216103583552495
2.012748867989906
1.9910083211339151
1.6787952801740702
1.0670766102954017
1.1010921540002332
1.1104799248866963
0.7566669278873206
0.8031002612320806
-0.210914687218501
0.4922196376155498
0.7234148077337572
0.3659395489768215
2.3951838448317293
2.779129077746135
2.8650040009806483
-0.6423409454901444
-1.0219175267689289
-1.048324583005666
-0.972275141351263
-0.8139088743625518
-0.4309410887036649
-0.9351586727028309
-0.8161169207163114
-0.974303771958079
-1.003221254921556
-0.8173606621619982
0.7067068447008205
0.7134118841828998
0.5335575798402795
-1.0343118864589342
-1.1063210660764695
-0.5712262503314254
-0.8643679358317646
-0.24136027635419446
-0.3168901843775797
-0.2689504101418628
-0.37211024656404074
-0.8860718882843297
-0.7726702382846073
-0.682124040220229
-0.6086813405177164
-0.03408514766891497
-0.9146925763735058
0.2731146659437026
0.41213689661798597
0.2961766110957526
-0.25919364381406673
-0.3617653850381708
-0.35948363868753214
-0.573102520447617
2.2880227091860372
1.6919608101435832
1.7089458547852718
-0.7013341488059058
-0.9854880666814192
-0.7348511936083015
-0.6872409029933799
-0.787739288276233
-0.9759825937188132
-0.6964452435536156
0.7313494972191921
1.068745904049132
1.2202479328507712
0.1799254568983966
