182
1.376737025733936
-0.8134353013855214
-1.1682562271668624
-0.3631368044467292
0.12921342361972793
0.3309578114015049
-0.4798246614466805
-0.8781523813145911
-0.1583048619415185
0.8113775496506094
-0.565629487197652
0.4608478291786863
-0.935907218558639
-1.0213227393240178
-0.4220929783176498
-0.31265704966518976
-0.6818348865809358
1.0919915206084698
-0.04756592320695082
-0.006121361378456949
-0.27437192965279134
-1.0447759905776588
-0.6835672897070302
0.2146965925164096
0.9562292310306258
-0.3689719544308067
1.9184542109537042
-0.6418521191892075
-0.5336243412011376
1.0315200587813773
2.6214697437426193
0.3536818357553179
-0.17386123171614795
1.9641007100881618
1.6002199697726738
0.42881775029182057
0.7470795403406011
-0.964470612861552
-0.9085076801437073
0.03681650214394101
-0.6152480345225121
-0.31578815753448297
1.666490029204623
-0.8823794826333806
0.4207854775530102
-0.6452916196532253
-0.25954773389190183
1.364135359011335
-0.7226434527805651
-1.212676876689137
-0.31280220253505714
-0.9884102390389856
-0.8745660729424259
0.17946346387013348
-0.6769155610838049
0.07080020840277479
-0.5894178204420522
-0.5243260177646851
-0.02635960613322159
2.8459083790034723
-0.3740691371408706
-0.8687673140473977
-1.1339697285775174
-0.7905475672689064
0.20997348560847662
0.7101700032458109
-0.6333332224311645
0.22024270020993061
-0.9680868659598264
-1.2032343030166712
1.42517765713639
1.00456729553122
0.6267695144268972
-0.04987486893235522
-0.04721520872029314
-0.07215277115585808
0.3824451089067624
-0.5292044249503673
4.488526906965354
-0.1139603761361643
-0.11248840065149415
-0.4892787155129063
-0.23143781729792678
0.5190962572892562
1.4232647689164606
1.8984851680642179
0.539821505849935
0.8229623348126285
0.979495342989978
0.7301942706200603
-0.03260438774754818
0.2517574790082948
-0.1567363872538372
-0.8327531674157986
-1.328505885259652
0.4457572250341666
-0.3454432078324427
-0.44035998920548736
-0.6871437863496191
-0.1995748854854313
-0.24979061926768573
-0.6220304165618055
0.24713368858945722
-0.9961490295999242
0.777726111186038
-0.2623086456249574
0.8694831065993184
-0.6093458368733838
-1.148359704420001
-0.0416805660279967
-0.0773958085928114
0.5795427823365551
1.495951278752489
-0.9812316444082916
-0.6438908604758359
-0.28369383439163137
-1.1987745072909235
-0.5631237033165168
-0.07797377196260842
-0.5603942002859704
-0.5042736151020589
-0.12402325108212561
-0.1406073339030279
-0.38640363608289935
-0.2708025611696112
0.19675467189062829
-0.21529740221602822
-0.18819520362825126
0.09937058364261069
-0.7621372258407005
-0.23852088905753113
-1.0573211686593373
-0.49879073374407035
1.1102051290798431
0.8885623139973854
-0.9354658288891531
-0.6271798571222245
1.8690130327425725
-0.1704051896925444
-0.07947745107817947
-0.7150516872772964
-0.3762392342129253
1.8181357293896396
-0.669497468028704
-0.9824866667029796
4.405326562335573
0.1224183509774961
-0.626927424949809
-0.7014690236642158
-0.07312246886822746
-0.7287285190003517
-0.12862824773945936
1.698791106332211
-0.6068837109841675
-1.000283801517712
-0.7766374527265022
-0.2714275802684033
1.2414032646827329
-0.3259043172365356
-0.7295610255708991
2.554443442457094
1.6429178745578041
0.1480091843469501
-1.1650793443722338
-0.7074729878976934
3.015301653188695
-0.651079216796751
-1.252166298989825
-0.29402833889274405
-0.5126244726274409
-0.7836422102402497
-1.0069856876381311
0.024581866049249886
2.3258709512854283
-0.8977372669260704
0.4039346810541683
-0.7640105252819732
-0.5895386591198004
-0.6396819265495359
-0.305952665850515
-0.1322304663566798
-0.16989509268290168
