546
1.33968
1.30621
4.15772
-0.269623
0.728323
1.96174
1.94246
1.98505
-0.106368
2.41491
2.27393
2.44031
0.562859
4.26198
0.377852
-0.193196
0.725847
2.01441
2.64426
2.31205
2.32474
1.63419
2.07421
1.83766
3.3625
1.69981
1.30191
0.434707
0.45168
0.411682
1.89617
1.85435
1.85487
2.16127
3.09803
2.33844
2.83679
2.92165
1.7925
0.523376
0.406314
-0.0410484
-0.321098
-0.393745
-0.0166622
-0.036045
2.44842
0.0251105
-0.250469
-0.445093
-0.0822451
0.671249
1.67567
1.46384
1.75836
0.155905
-0.0983665
2.04535
0.409084
0.596125
0.771719
0.0803143
-0.118388
-0.144444
-0.345254
-0.348161
1.75637
1.63893
2.03082
1.4527
-0.148205
-0.193689
-0.076264
1.06967
0.954967
0.925064
-0.184844
0.0716542
0.337363
1.75845
0.268434
0.362357
1.85111
1.79338
1.54672
0.323875
0.335752
-0.333188
-0.335467
0.0251694
1.42193
0.1958
0.320984
0.311873
0.0869056
0.15883
-0.0314906
-0.092454
-0.440434
-0.326154
0.163917
0.753329
0.127245
0.11211
1.84647
3.06472
2.86148
3.00247
1.28443
0.65606
-0.0377496
-0.0187005
1.10923
0.752025
-0.0321234
-0.273751
-0.390162
-0.201802
-0.226329
-0.224206
-0.0524817
-0.219184
-0.196205
-0.0946369
1.7023
-0.0595881
-0.180067
-0.276197
0.538494
0.605211
0.821535
-0.316715
0.511803
0.448759
0.487192
1.49028
-0.220932
-0.0975677
-0.173121
-0.216999
0.899035
0.743944
0.313432
-0.180506
1.26996
1.03454
1.52409
1.01925
-0.0353733
-0.368468
-0.319526
-0.47422
-0.54004
-0.421002
-0.165176
0.113265
-0.0145686
0.203078
-0.107137
-0.290083
-0.322918
-0.205587
0.496313
0.516191
0.471787
0.243293
0.219122
0.0086253
-0.000426791
0.529704
0.353209
0.440546
0.125399
0.130095
0.236896
0.435313
0.563392
0.638833
1.53904
2.08615
3.50921
3.54582
3.32676
1.78566
0.340755
0.403955
-0.205313
-0.0405305
-0.0153829
0.653723
2.24005
0.775914
0.579089
0.444232
0.485714
0.462192
0.239759
0.0331371
-0.43755
-0.0770692
-0.149227
2.28596
-0.0388471
-0.368815
-0.324221
0.0856642
0.184482
0.17193
0.104953
-0.0184577
-0.448408
1.22677
2.39135
1.52054
1.54084
-0.641327
-0.4546
-0.306898
-0.374919
-0.331737
-0.304941
-0.266513
-0.129397
1.05917
2.34762
-0.32668
-0.430394
0.947318
1.00476
0.811055
-0.0307228
-0.343692
-0.640003
-0.705496
-0.348624
2.36407
-0.331532
-0.372747
-0.365665
0.700631
0.795435
0.452166
1.99048
3.38933
3.3326
3.30791
1.96699
1.71239
0.751553
0.567691
0.571278
0.276529
0.0410839
-0.144894
-0.443935
-0.694318
-0.260839
1.65479
-0.282504
-0.291462
-0.22749
-0.382271
-0.335548
-0.721424
-0.610463
-0.879154
-0.594167
-0.551923
0.715476
-0.398086
-0.582066
-0.0769432
-0.212604
0.435468
0.272855
0.394272
-0.371599
-0.52186
-0.428787
0.96847
-0.643304
-0.560367
-0.738498
-0.640566
-0.533765
-0.5941
0.596733
0.727977
0.572554
-0.258248
1.9881
-0.429281
-0.106809
-0.160172
-0.00469116
0.341523
1.33721
1.23511
0.749803
-0.224361
-0.0672554
2.35264
0.488502
0.200036
0.0938385
1.12845
1.2848
0.859557
-0.0287599
-0.363049
0.158409
0.672849
2.77678
0.0899935
0.0533389
-0.486593
0.722
2.19575
2.00674
2.04954
0.854235
0.593529
0.243279
2.83159
0.0438899
-0.176916
-0.290523
-0.332267
-0.358778
-0.349169
-0.315388
-0.10703
-0.0790187
0.0713125
0.919903
2.61455
-0.299686
-0.37075
0.336999
0.0929572
0.37876
-0.304253
-0.253589
-0.197417
-0.114562
-0.0599869
2.36418
-0.0109983
-0.309688
-0.753933
-0.551154
-0.563636
-0.569063
-0.564807
-0.39114
0.0443878
0.83153
1.49727
0.387136
0.285317
-0.353271
-0.3379
-0.168888
-0.44199
-0.35792
0.506029
0.279015
0.357446
1.50348
-0.332558
-0.0556615
-0.284831
0.0582129
-0.333711
-0.103008
-0.305789
-0.231399
-0.396138
-0.202827
1.20519
-0.23244
-0.112928
-0.00718144
0.333526
0.00961065
0.02778
-0.64969
0.939474
1.41051
1.03061
1.05574
0.948545
-0.559129
-0.114208
0.207469
0.235181
-0.380082
-0.259209
-0.235504
-0.417983
-0.0658737
0.730559
0.192496
0.101256
-0.293852
-0.495341
-0.42713
-0.405341
-0.244041
-0.0250029
0.128987
0.155502
-0.0780036
0.40691
0.0360571
0.0611464
0.321072
0.211711
-0.286871
-0.601424
-0.0412047
-0.137623
-0.0301516
0.187413
-0.192335
-0.0355186
-0.115808
2.37332
2.68085
2.8742
0.768248
0.919884
0.585856
0.420512
0.502041
0.381311
0.513363
-0.0631508
-0.293095
-0.245569
0.151202
0.3235
0.293312
-0.177444
0.0369531
1.85584
0.375281
0.264324
0.193587
-0.229682
-0.527392
0.152158
1.24696
1.10994
1.1531
1.25288
1.06316
0.425663
1.02667
0.550191
0.501889
0.12647
0.123653
-0.0283385
-0.117032
-0.182726
-0.247559
-0.0564859
0.125933
0.687155
0.661711
0.446259
0.143295
-0.032685
0.470589
0.29975
0.276449
0.207589
0.259786
0.567191
0.988524
0.925894
0.443325
0.611036
0.737481
0.191187
0.225121
-0.00542117
-0.104051
-0.167742
0.523693
0.171299
0.275812
0.4517
0.699591
0.69413
0.57427
0.437264
-0.419199
0.419865
0.356917
0.504378
1.64844
-0.00284147
-0.350807
-0.305405
-0.369154
-0.45579
-0.258564
1.94913
3.09308
2.83745
3.12273
1.74828
1.86137
1.78786
1.49566
1.5428
0.771275
0.65482
-0.401839
-0.0522327
-0.108512
0.237015
2.91001
-0.0386422
0.118607
0.388532
0.363782
1.0555
0.690909
0.712344
0.245155
0.644387
0.651823
4.26188
0.799981
0.697848
0.643383
0.285601
-0.0962202
0.594955
0.608661
0.626607
0.00948307
-0.314356
