546
1.39922
1.33607
4.17643
-0.33221
0.744414
2.01756
1.96031
1.99447
-0.0099686
2.41933
2.32934
2.40465
0.645979
4.26765
0.478966
-0.0925378
0.805433
2.05564
2.66292
2.37638
2.31783
1.74428
2.12968
1.93427
3.31259
1.76793
1.35218
0.499443
0.491402
0.504663
1.92617
1.8297
1.88266
2.17106
3.09871
2.40632
2.92572
2.87939
1.85343
0.637889
0.459728
-0.0576086
-0.255377
-0.324987
-0.0207321
-0.0590701
2.42711
-0.0502431
-0.208176
-0.389656
0.0527823
0.701378
1.71209
1.51933
1.67423
0.24557
-0.0349516
2.13461
0.494223
0.512851
0.749927
0.136984
-0.0627247
-0.256176
-0.300225
-0.288559
1.82194
1.70709
2.08614
1.52909
-0.0560226
-0.181232
-0.00752263
1.06802
0.910704
0.980355
-0.254118
0.069081
0.457299
1.70462
0.350116
0.276108
1.89948
1.74437
1.60043
0.458924
0.316008
-0.363721
-0.230115
0.0568603
1.51936
0.233156
0.254331
0.383602
0.0243113
0.266644
-0.027868
-0.104706
-0.349514
-0.258682
0.120544
0.854903
0.10408
0.107563
1.87521
3.09197
2.87484
2.9414
1.22394
0.703228
0.0166139
0.0489191
1.06879
0.82177
-0.0740986
-0.27373
-0.308022
-0.221004
-0.261792
-0.149633
-0.118057
-0.234724
-0.0370787
-0.152628
1.74438
-0.0397038
-0.186023
-0.360035
0.725765
0.620695
0.747174
-0.415825
0.581629
0.446095
0.474485
1.53471
-0.207798
-0.0755809
-0.191202
-0.176353
0.883073
0.734708
0.326691
-0.0979683
1.36628
1.03321
1.6209
1.0458
-0.145591
-0.383536
-0.32894
-0.646322
-0.467332
-0.609815
-0.256223
-0.111598
-0.296207
0.245442
-0.358063
-0.371503
-0.339212
-0.283257
0.392829
0.370257
0.0981323
-0.188177
-0.343881
-0.502696
0.111584
0.220776
0.093265
-0.12643
-0.263586
-0.399325
-0.338101
-0.0762936
0.0206793
-0.0534062
1.27004
2.16257
3.43775
3.34907
3.29976
1.87113
0.322786
0.396172
-0.195431
-0.142088
-0.169745
0.695067
2.28379
0.794562
0.598347
0.406362
0.485292
0.316355
0.108175
-0.192909
-0.604901
-0.274878
-0.211262
2.32067
-0.311709
-0.43605
-0.347982
0.0610179
0.141249
-0.199174
-0.130818
-0.205785
-0.503696
1.33315
2.41402
1.53216
1.54325
-0.756197
-0.71028
-0.328334
-0.342844
-0.403685
-0.402805
-0.354764
-0.158213
1.0954
2.35262
-0.387062
-0.577033
1.02542
1.01958
0.666558
-0.123883
-0.432951
-0.707268
-0.760113
-0.435078
2.36689
-0.437991
-0.419924
-0.371689
0.815838
0.758852
0.374202
2.03706
3.40159
3.15201
3.24936
2.01655
1.46071
0.060427
-0.12634
-0.135296
-0.391605
-0.20081
-0.285858
-0.468755
-0.716211
-0.290583
1.7199
-0.279417
-0.305595
-0.27689
-0.321305
-0.319913
-0.83866
-0.696439
-0.759362
-0.678954
-0.73272
0.812045
-0.473139
-0.588278
-0.145966
-0.186562
0.363447
0.290888
0.246589
-0.467319
-0.634178
-0.550817
0.947641
-0.726273
-0.590631
-0.614676
-0.582207
-0.556689
-0.653779
0.693057
0.680578
0.542934
-0.210546
1.92619
-0.398894
-0.164472
-0.142918
0.0328863
0.453019
1.378
1.16577
0.604012
-0.272803
-0.147468
2.45204
0.190974
0.0205422
0.00159189
1.13807
0.996932
0.793391
-0.395644
-0.575907
-0.0453808
0.314937
2.74372
-0.171034
-0.146337
-0.45729
0.798937
2.09991
1.90074
1.90665
0.551729
0.0932492
0.0150769
2.84056
-0.0869537
-0.259918
-0.217803
-0.413109
-0.369885
-0.330062
-0.262917
-0.147664
-0.0507211
0.0463812
0.759198
2.70394
-0.331856
-0.552425
0.438365
0.123375
0.32471
-0.186137
-0.347524
-0.176399
-0.132083
-0.0813512
2.40264
-0.149226
-0.441523
-0.757685
-0.768323
-0.691478
-0.544743
-0.609726
-0.602317
-0.240363
0.546769
1.58184
0.332822
0.269535
-0.353258
-0.325454
-0.185193
-0.333698
-0.416291
0.635291
0.304271
0.319575
1.59086
-0.489989
-0.0969016
-0.269907
0.0619805
-0.297419
-0.155883
-0.307114
-0.430895
-0.383913
-0.0813428
1.28458
-0.139999
-0.0895304
-0.0696376
0.362148
0.110724
-0.0968027
-0.653788
1.00396
1.43392
0.996674
0.981852
0.869961
-0.641371
0.0426755
0.228533
-0.0298669
-0.296521
-0.280082
-0.239409
-0.409107
-0.0769267
0.624131
-0.0608671
-0.11208
-0.366551
-0.5946
-0.39155
-0.333276
-0.27275
0.134941
0.168331
0.120154
-0.175562
0.185716
-0.304188
0.0359513
0.352491
0.108119
-0.443522
-0.761591
0.0137681
-0.104367
-0.171494
0.226511
-0.341941
-0.273809
-0.266055
2.36205
2.62817
2.84257
0.778877
0.861385
0.51855
0.584344
0.561263
0.335273
0.383141
-0.386061
-0.474222
-0.495726
0.151344
0.368031
0.208873
-0.438291
0.0475989
1.89645
0.425354
0.3149
0.0643414
-0.266435
-0.681882
0.134824
1.31296
0.843344
0.812178
1.20668
0.906897
0.382809
0.942383
0.222257
0.165387
-0.0964164
-0.301229
-0.3644
-0.350778
-0.443016
-0.523423
-0.353968
0.0336783
0.283512
0.176619
-0.00742905
-0.322456
-0.41105
-0.039269
-0.0848555
-0.175878
-0.226973
-0.117325
0.704328
0.640013
0.520078
0.0295168
0.285613
0.563827
0.1035
0.0440995
-0.314486
-0.331711
-0.407966
0.526697
0.00200946
0.100354
0.566268
0.744954
0.648741
0.466783
0.490917
-0.303526
0.472712
0.343658
0.553773
1.69935
-0.0959609
-0.393508
-0.301152
-0.28674
-0.361133
-0.30733
1.91718
3.11476
2.95662
2.97689
1.81401
1.92068
1.83472
1.53698
1.64027
0.750599
0.575963
-0.309453
-0.112555
-0.166566
0.140515
2.95546
0.0227902
0.130581
0.380133
0.320253
1.12126
0.689752
0.656846
0.201827
0.670123
0.737142
4.2859
0.788983
0.805568
0.719906
0.325135
-0.17557
0.677567
0.587187
0.72104
-0.118582
-0.353894
