546
-0.317034
-0.634667
2.17676
1.6866
1.65138
2.23036
2.29864
2.00667
0.0521723
-0.224636
0.784776
0.625816
-0.263352
1.86179
-0.606047
0.00068637
0.146509
-0.256633
-0.594099
-0.574981
-0.505994
-0.360541
-0.31044
-0.159384
0.204369
-0.17783
0.136181
-0.435456
-0.524239
-0.112965
0.929252
1.21796
1.19192
0.337564
0.522263
-0.154093
0.235865
-0.658593
-0.585986
0.104274
0.609677
0.363133
-0.116711
0.738424
0.910807
0.828283
0.0979044
0.0833393
-0.0301931
0.0763
0.0197712
-0.255611
0.261751
0.552212
0.589709
0.267424
0.481556
0.296118
0.722184
0.834941
0.236515
-0.0292795
-0.704966
-0.321448
-0.368567
-0.526521
-0.558854
-0.211573
0.567009
-0.102951
-0.170811
-0.31804
-0.226922
0.23838
0.396421
0.255125
-0.300301
-0.49611
-0.10968
0.943827
-0.136706
-0.277596
-0.605979
-0.201291
-0.125507
0.00381607
-0.118225
-0.0851043
-0.300335
-0.562842
1.22395
-0.259563
-0.13365
-0.0531054
0.687471
0.812977
0.418179
0.00322807
-0.279492
0.589038
0.957448
0.885154
0.883045
0.972189
0.594987
0.560221
0.102327
2.47386
3.09654
3.20819
2.7665
2.02667
-0.723269
-0.716286
1.7538
1.73911
1.74967
1.40626
-0.281332
-0.3807
-0.0368857
0.149001
0.0316093
0.0728225
-0.73459
1.40492
1.75622
1.73311
1.69428
0.318448
0.0604735
-0.127641
0.569612
0.822709
0.758413
-0.460508
0.144127
0.122024
0.0792029
0.39087
0.231899
1.49815
1.62322
2.2492
2.6225
2.6984
0.132311
2.23531
-0.0193137
0.110856
0.0561544
-0.0254185
-0.0186637
-0.0420373
-0.252071
-0.305233
0.0870458
0.205764
0.5972
1.00668
0.964376
0.164701
0.0237798
-0.574836
-0.451599
-0.0815542
0.0642078
-0.1325
0.113806
1.68269
2.08079
2.06993
-0.422852
-0.494254
0.00205445
0.323507
0.227282
0.66945
2.01974
-0.362682
2.09561
1.92987
1.74332
1.38975
-0.294134
-0.437179
0.1793
0.305281
0.463002
0.178931
1.44895
0.294874
0.090815
0.737373
0.670475
0.675293
-0.192084
0.404445
0.402574
0.482359
0.401214
1.70749
0.176332
-0.174776
0.0633004
0.539726
1.10855
1.09154
0.648274
0.105084
0.604892
1.59236
1.5313
1.53028
1.14733
0.00237698
-0.060314
-0.200158
-0.0821049
0.661407
0.862251
0.714371
0.14606
-0.722848
0.616028
-0.150389
-0.653907
-0.5511
-0.374946
-0.265806
0.06278
0.019205
0.274849
0.0868565
-0.0616832
-0.752745
0.89219
1.20459
0.971742
-0.0682725
-0.151078
0.0983831
0.0671627
-0.0649969
-0.521423
0.962192
-0.140908
1.04951
2.55127
2.87329
2.56424
1.78543
0.724776
-0.183383
-0.473906
0.624518
0.996308
0.0398351
1.01235
0.546352
0.449582
0.893948
0.840351
0.324328
-0.572867
-0.769867
-0.0496033
-0.0320705
-0.212562
-0.21239
-0.137781
0.417614
0.510453
0.373069
-0.131908
-0.210736
-0.388009
-0.597706
-0.683639
-0.474178
-0.815629
-0.3458
-0.286981
-0.450275
-0.314076
-0.0293034
1.17366
0.873316
0.812381
0.241074
-0.385413
0.693152
3.43683
3.54479
3.30272
0.610031
-0.130115
-0.449499
-0.500179
-0.442329
-0.0511603
-0.317631
0.391775
0.468516
0.28681
-0.496485
-0.338821
-0.352161
-0.496799
-0.427209
-0.299156
-0.257611
-0.381404
-0.330884
0.100022
0.463473
0.512171
0.127314
-0.285681
-0.305575
0.579076
2.13645
2.12613
0.0760893
1.9603
0.359816
-0.798575
0.181126
0.329465
0.197907
-0.542363
-0.346901
-0.209536
0.325497
-0.877097
0.359269
-0.0041723
-0.246822
-0.29221
-0.310902
0.66831
0.566139
0.433119
-0.609682
-0.696427
-0.557793
0.292965
-0.664808
-0.422586
-0.382594
-0.425835
0.631554
0.7262
0.321793
-0.385684
0.67197
1.07366
-0.480764
1.26959
0.69823
-0.558599
-0.542573
-0.550132
-0.575314
-0.715185
-0.619107
-0.195245
-0.00888939
-0.606936
-0.0677526
-0.543525
-0.128827
-0.108544
0.0116384
0.0825056
-0.211103
-0.158285
-0.298716
-0.207803
-0.786059
-0.28019
-0.276801
-0.332328
-0.369723
-0.489845
0.0726072
0.778194
2.24033
2.20862
1.9164
-0.669631
-0.167389
-0.262982
0.100802
0.245768
-0.178289
-0.681245
-0.793564
0.694238
0.897213
2.17888
-0.398262
2.15491
1.97294
1.58875
1.37082
1.12334
0.819879
0.119245
0.24023
0.0405948
0.129993
-0.362819
0.0993903
-0.283128
-0.481213
-0.250114
-0.144554
-0.00472455
-0.383953
-0.526787
-0.409547
-0.332071
-0.115708
-0.486777
-0.628822
-0.192293
1.91658
2.33369
2.28694
1.00342
0.928328
0.788574
0.700572
-0.096759
0.366059
-0.197278
-0.633032
-0.352326
-0.269957
0.301433
0.832711
0.774174
0.753272
0.126796
-0.615116
-0.363721
-0.452657
-0.416358
-0.0277592
0.291452
0.486505
0.201426
0.623181
0.949631
1.0399
0.477184
-0.59508
0.247069
1.85692
2.64871
2.75407
2.41604
2.44236
2.52932
2.27332
1.87306
1.62664
-0.406195
1.605
1.68217
1.93199
1.735
1.76142
1.87483
1.4238
1.99416
2.19123
2.11954
-0.0790685
1.96565
2.02783
2.39435
2.1709
2.38069
2.65216
3.10175
3.17168
2.80516
2.25065
-0.0588187
1.78739
1.29211
0.863086
2.19983
2.16825
2.06654
0.538023
3.07015
3.15476
2.9585
1.80193
-0.385157
1.66267
0.814205
1.66222
1.68656
1.32283
1.49401
1.68821
1.62207
0.234771
-0.311083
0.961883
0.587251
2.01566
2.05633
1.83105
0.645186
-0.684597
-0.959681
-0.231892
-0.0419644
-0.230625
1.38409
-0.440576
-0.462335
-0.35839
-0.574082
-0.72338
-0.0552886
0.155904
-0.0165514
-0.544489
-0.740019
2.21547
-0.193543
-0.0318319
-0.356264
-0.539732
-0.568492
-0.473594
-0.521851
-0.471691
-0.594179
1.38503
