546
-0.410383
-0.523698
0.789945
2.05384
1.32385
1.47874
1.65137
0.825399
-0.22968
0.314763
0.855127
1.23689
0.654094
1.04536
1.51429
1.52649
1.23559
0.000659484
-1.13044
-0.625789
-0.429204
-0.455793
0.781763
0.457172
1.73714
1.03439
1.75287
1.7298
0.594835
0.739355
1.24818
1.62095
1.01716
0.893711
0.90011
0.868771
0.260401
0.120939
0.464344
0.0580194
0.605739
1.55977
1.31673
2.45717
1.28084
0.883949
1.08899
0.510056
0.270413
0.277398
0.690974
0.340135
1.97924
1.24583
1.05312
0.524709
-0.102654
0.677904
1.42214
1.92216
1.98015
0.592576
0.117701
-0.328674
0.255171
0.0944062
0.723416
0.679701
1.10518
0.58775
0.530718
0.11502
0.70541
1.51936
1.44396
0.976477
0.291542
-0.280747
0.766125
0.0574369
1.06295
0.0790131
-0.38705
0.597979
0.905565
1.06974
0.304337
0.977954
0.848749
0.831116
0.493888
0.357942
0.991057
0.828248
2.26004
1.03718
1.76447
0.411124
0.668531
1.14183
1.48094
0.386627
0.844427
-0.335142
0.18478
-0.229616
0.258944
2.40402
2.57238
2.83475
1.35023
1.04983
-0.226126
0.439373
1.07412
0.332132
0.14269
-0.106756
-0.638914
0.0991807
0.766791
1.29012
0.631169
-0.0654529
0.735242
1.22394
1.67067
1.28885
1.29076
1.24911
0.648109
1.70146
0.700505
1.29059
-0.0494472
0.316609
0.0328984
0.0356932
0.496114
0.576057
-0.217893
0.459347
1.58836
2.14219
2.2933
1.56512
0.671093
0.838943
0.632468
0.596914
0.788374
0.62697
-0.80947
-0.780062
0.334612
0.828175
2.37861
0.848807
2.15021
1.78592
0.810933
0.839308
0.885045
0.358512
0.305556
0.525692
0.608691
0.718413
0.736347
1.0056
1.48113
1.66687
0.804259
-0.662994
0.802998
0.6877
0.657813
0.403752
1.10021
1.0184
1.7892
1.10646
1.03591
0.681697
0.534171
-0.190014
0.634581
0.704693
1.27371
0.458592
1.84455
0.69322
0.606334
1.27095
1.01696
0.958683
-0.414879
0.783401
1.41401
1.26244
-0.528999
1.58258
0.0932971
0.36374
0.856399
1.45065
1.63611
1.03235
0.212652
0.206289
0.27707
1.25519
1.42831
1.06421
0.534652
0.425164
0.521779
0.548412
0.910982
1.21706
1.44956
1.56579
0.870813
-0.606028
0.523954
-0.00390881
-0.365134
0.0885118
0.633779
0.311156
1.2821
1.3954
1.55358
1.09883
0.789547
0.0872174
1.45984
1.34622
1.1762
0.0983172
0.0461063
0.54933
0.83057
0.58655
-0.152959
0.903966
0.563178
1.15494
2.55244
2.3387
1.61786
-0.384243
-0.721859
-0.815056
-0.749108
0.0987682
0.841141
0.783102
0.970813
0.0511093
0.363912
1.17635
0.621647
-0.146829
-0.304939
0.0416125
0.802007
1.81181
0.799095
0.878734
1.46851
0.850831
1.16857
0.469488
1.32912
0.723877
0.384413
-0.418442
-0.31971
-0.575917
-0.0405374
0.414655
0.892776
0.754706
1.25822
0.771018
1.17023
1.19944
1.9958
1.50784
-0.0971108
0.764025
3.14612
2.57631
2.51671
0.70003
-0.0428662
0.592908
0.465648
1.14569
1.87048
-0.0614435
2.18655
1.61083
0.291453
0.466392
0.686989
0.469791
0.125995
0.341646
0.687103
0.831231
-0.0797968
-0.143348
0.520344
0.63092
0.467475
0.622876
0.692729
0.699382
1.84827
3.06159
2.8027
0.709091
2.02674
0.838346
0.0774464
0.770137
0.564431
0.94932
-0.388134
-0.277496
0.168147
0.368031
-0.298382
0.89643
-0.0911402
0.232477
0.00477094
0.0369704
1.71445
1.59468
0.812736
-0.327349
-0.096655
0.105627
1.17956
-0.071374
-0.0729698
0.0525126
-0.126483
1.76872
2.11299
1.77066
1.54511
1.09985
1.73722
0.473294
1.50209
0.659014
0.324817
0.0730518
0.26637
-0.0358353
0.0316585
-0.272628
1.15591
0.8271
0.293533
1.32947
0.332023
0.747508
-0.250557
0.695713
1.4845
1.52765
0.582763
0.507965
1.20963
0.114906
0.352776
-0.233209
0.00952648
-0.605585
-0.41981
0.746832
2.08568
3.11935
1.87322
1.53968
-0.101716
0.746777
-0.364652
0.421186
0.644271
0.714774
-0.675749
-0.411938
0.869257
1.79928
2.31842
0.72838
1.10816
0.699391
0.144524
0.354618
0.805939
1.34766
1.02436
0.641314
-0.363456
0.326772
-0.148591
0.820115
0.916599
0.582471
0.396593
1.17862
1.19782
0.948292
-0.380389
-0.97745
-0.5897
-0.0522282
0.0585072
1.06543
0.924107
2.4178
1.64653
1.29658
0.95953
0.401105
0.31624
0.25551
0.323581
0.523754
1.36962
1.28159
0.4871
-0.548456
0.95109
2.17421
2.44239
0.983282
0.0932525
0.314525
1.63343
0.0539786
0.140027
0.234859
0.679764
0.995785
0.334547
1.02118
1.43863
1.08564
0.330932
2.14983
0.37237
1.14885
1.91936
1.26973
0.611112
0.881966
0.791092
0.780921
-1.17248
-0.698166
1.333
-0.363776
0.304471
0.1751
0.227912
0.577347
1.18496
1.05192
1.61601
1.81121
1.42521
0.39955
-0.295877
0.421066
0.8793
0.930677
0.161477
0.72681
1.36936
1.71749
1.14138
1.39457
0.721871
0.402815
0.316371
0.467333
2.22717
1.38186
1.78414
1.31006
3.30564
3.12285
2.73643
1.12046
1.6944
0.714546
-0.0110914
1.04661
0.83706
0.813094
0.955713
0.76975
0.871882
-0.0205913
0.491579
2.7844
1.12179
1.7046
1.3305
0.410375
-0.455245
-0.739941
-0.715908
0.237491
0.179317
0.349689
2.11069
-0.229522
0.333917
0.692302
0.972131
0.363425
1.03325
1.40032
1.16835
0.46236
0.0206537
2.2389
1.15161
0.807793
0.646787
-0.0374194
-0.734669
0.280608
1.63776
1.51832
1.1763
1.48764
