182
-0.796414
-0.643828
-0.329853
-0.509792
-0.184577
-0.421321
0.576718
1.91466
1.65985
0.26137
1.69894
0.892642
0.0581673
-0.359446
0.295997
0.390191
-0.103821
-0.698193
-0.0325778
-0.217008
-0.585669
0.0363597
-0.162798
0.163879
-0.320423
0.293574
3.06344
0.419802
-0.51095
0.126493
0.000692623
0.391227
-0.231267
0.104461
0.309246
0.417715
-0.713629
-0.143132
-0.530504
-0.284905
0.360554
0.299447
0.00959383
0.27439
-0.181082
-0.091744
-0.680607
1.23706
0.559015
0.114001
1.68911
-0.538164
0.185296
0.810814
-0.367926
0.69489
-0.465219
0.207335
-0.729652
0.134577
-0.739753
-0.514281
2.73247
1.28071
-0.0472557
0.290372
1.28108
0.232177
0.266331
2.56626
2.83557
1.08226
-0.00291752
-0.464194
0.829621
1.00603
1.71137
0.154978
0.748005
-0.37482
-0.242071
-0.559712
-0.64968
0.0584699
1.10292
1.32439
0.376197
-0.612515
0.696541
0.504612
0.281241
2.87435
2.87246
-0.366309
-0.822233
-0.748948
0.346051
-0.721276
-0.782564
-0.283766
-0.504704
-0.689613
-0.286368
0.0307853
0.413108
1.07014
2.87811
0.270098
-0.234573
0.108808
0.940062
2.48858
2.84611
1.40831
0.573062
-0.790804
-0.101981
0.265691
0.902885
2.67981
0.969291
0.926431
0.043541
-0.32325
0.333874
0.32468
0.123932
-0.577777
0.642983
0.208793
1.05514
0.295866
0.216256
1.18871
1.38408
1.21289
1.41932
0.555884
-0.645408
0.624296
0.0454549
1.58815
2.62699
0.739745
0.70522
0.906031
0.77408
-0.6063
1.6207
-0.61199
-0.112661
0.277146
2.81385
2.204
2.35375
0.943463
2.75659
2.0218
1.77659
0.0873698
-0.688302
-0.556644
-0.212324
-0.283022
1.87472
0.748302
0.590441
-0.445318
0.096107
-0.0224548
0.0177332
-0.661844
-0.42314
1.04419
0.352857
1.11761
-0.759605
0.342631
-0.138707
0.230069
0.194329
-0.1488
