182
-0.37214
-0.362985
-0.274519
-0.4075
-0.211675
-0.319102
0.527979
1.89488
1.58122
0.304859
1.71055
1.02981
-0.0280664
-0.157929
0.274638
0.406042
-0.0923685
-0.653537
-0.0537111
-0.239028
-0.482364
0.0133887
-0.117738
0.256288
-0.0860383
0.398115
3.00984
0.380491
-0.402659
0.107368
-0.056981
0.456398
-0.181642
0.141715
0.448686
0.445948
-0.665441
-0.037793
-0.458196
-0.195179
0.437086
0.268407
0.0549923
0.452413
-0.0830558
0.00722142
-0.489379
1.2824
0.556184
0.0924401
1.67326
-0.395179
0.277427
0.825681
-0.31041
0.60591
-0.410852
0.284937
-0.715416
0.411368
-0.53558
-0.426643
2.73569
1.24169
-0.0848493
0.231929
1.2594
0.180623
0.236873
2.75572
2.87033
1.111
-0.062681
-0.451193
0.886999
0.961293
1.67686
0.0758772
0.727413
-0.354339
-0.207593
-0.536697
-0.65329
0.103357
1.06395
1.32281
0.313491
-0.611238
0.705092
0.470463
0.379776
2.94541
2.86031
-0.247543
-0.454899
-0.61851
0.570199
-0.554197
-0.817275
-0.205808
-0.599337
-0.570208
-0.237579
0.147714
0.452523
1.19901
2.86861
0.348064
-0.171788
0.164788
0.919328
2.48954
2.73795
1.31214
0.530615
-0.851378
0.0683235
0.35899
0.890682
2.53315
0.986173
1.01542
0.0239043
-0.285706
0.288215
0.335514
0.115296
-0.339517
0.647679
0.295631
1.04021
0.48356
0.1155
1.28395
1.38594
1.36268
1.32222
0.629946
-0.271365
0.551344
0.0790815
1.66915
2.70243
0.660116
0.655022
0.968228
0.772635
-0.614334
1.64958
-0.442033
-0.0832954
0.243186
2.78345
2.2364
2.42232
0.871216
2.83051
2.01338
1.6908
0.161552
-0.432752
-0.387163
-0.221559
-0.175357
1.83754
0.742633
0.637725
-0.346426
0.261102
-0.0122717
0.0746471
-0.42986
-0.350107
0.959631
0.352716
1.22426
-0.626761
0.471581
0.0143008
0.373327
0.248438
-0.133757
