548
-0.155251
0.316098
-0.208001
-0.360552
-0.0403224
-0.0973612
-0.129291
-0.535587
-0.382595
1.10959
0.590439
1.31393
0.88335
-0.481247
-0.568833
0.631765
-0.0882655
-0.529713
-0.437682
-0.10654
0.263536
-0.325155
0.889443
-0.0764256
-0.101618
-0.103786
-0.172098
-0.0253348
0.818844
0.152093
0.0463322
-0.0651342
-0.108809
-0.192488
-0.119594
0.548669
0.484879
0.799374
-0.0768013
0.701969
0.743959
3.9273
0.917693
2.10765
0.53014
0.704527
0.445667
0.0506174
-0.168044
-0.24441
-0.31757
1.24838
-0.255014
0.156617
0.449917
0.00889674
0.436568
-0.402278
-0.0864336
0.042619
0.0089036
-0.119446
-0.344677
-0.0352417
-0.226208
0.538908
0.386252
-0.0260785
0.220476
-0.504109
-0.467414
-0.210819
0.071592
-0.238509
3.04507
1.23494
-0.194033
2.02494
0.79831
-0.404513
0.0420873
-0.473262
-0.632579
-0.244547
-0.253134
0.211918
-0.290509
-0.626963
0.0946758
-0.236738
-0.0268876
-0.45564
5.3238
1.67585
0.878948
-0.384544
-0.280271
-0.318326
-0.0857968
-0.113359
-0.661599
-0.400129
0.284391
0.0278987
2.32311
0.0216778
-0.222207
0.0984179
0.091316
-0.368676
-0.259229
0.0453619
-0.0964974
-0.150592
2.38526
0.583796
-0.166614
-0.475316
-0.251728
-0.639194
-0.0264956
-0.116563
-0.337122
-0.519422
-0.334567
-0.0501211
0.398246
0.386616
0.712651
0.511374
0.85672
1.38897
0.498679
2.43682
0.227616
1.57501
1.33488
0.928119
0.851079
0.0379098
-0.524292
0.562018
-0.159299
-0.230573
-0.53044
0.991526
0.428494
0.00409341
0.0239053
-0.179394
-0.286319
-0.611247
0.14621
-0.119922
-0.229027
0.597716
0.560068
-0.0279497
0.808288
-0.276743
-0.533716
-0.12439
-0.585158
-0.545879
-0.208834
-0.646345
3.88451
-0.365712
-0.686888
0.604718
0.111934
-0.364643
0.0347353
1.16329
1.62916
1.63019
0.892245
2.00259
2.01759
2.37961
1.2798
0.958123
0.285029
0.184053
0.248173
-0.441941
-0.119944
0.25907
-0.197404
0.435287
0.220053
0.228024
0.210935
0.154596
0.787048
-0.198113
0.605759
0.0754286
1.56708
1.14082
0.425159
-0.0218982
-0.37118
-0.190625
0.923953
2.51083
0.212217
0.0559482
0.0591789
1.41689
0.579112
0.750794
0.901092
1.35621
2.10068
-0.044316
1.33693
1.11656
1.41525
5.42249
2.93562
1.57922
0.867489
0.059139
0.0110651
-0.0469705
-0.218744
-0.0486963
3.13996
1.3623
3.88985
0.183012
-0.508336
-0.582013
0.558349
1.49201
-0.0556507
0.57632
0.558463
0.659016
0.428571
0.762845
-0.058593
-0.435405
0.0312148
-0.473506
-0.397219
0.270048
-0.213539
-0.352407
0.108961
0.844775
1.19754
-0.444097
0.0171184
-0.108671
0.692828
-0.582462
-0.0793969
-0.266861
0.840415
0.0773399
-0.0758854
-0.291108
1.15987
1.10172
-0.309337
-0.111913
0.196833
0.0442591
-0.390103
-0.211798
1.05743
-0.178672
-0.187675
0.162186
-0.307759
-0.664031
-0.063611
-0.476445
1.17799
-0.388595
0.907155
1.57578
0.738841
-0.615332
1.10734
-0.172835
1.42974
0.731004
1.3274
4.00511
0.0942264
-0.454437
0.714859
0.262098
-0.114214
0.422078
-0.164081
0.715483
1.40865
0.253113
-0.234588
-0.449129
0.105792
-0.280424
-0.52974
-0.0818509
-0.219945
-0.524085
-0.175967
0.274886
0.729482
0.157786
-0.249321
0.930837
-0.141943
-0.290116
-0.117805
-0.0758105
-0.221975
-0.347836
-0.327951
0.0988912
-0.0849844
0.257235
0.276702
0.829337
1.1255
3.02709
4.15909
1.4289
0.871336
1.37528
1.40884
2.94147
0.0988149
0.322559
0.935753
1.52343
-0.619508
1.08669
1.08709
1.27179
3.26333
-0.0197365
-0.165775
0.801155
0.77703
0.719396
0.763897
0.571804
1.20164
2.33858
-0.257498
-0.489196
-0.293323
-0.220886
2.00492
0.42778
0.916776
0.055765
-0.35134
2.06265
0.0242713
-0.388229
1.31821
1.91279
-0.00835859
0.218176
0.227048
1.19216
0.719411
0.485561
1.0714
1.61315
2.00608
1.8767
1.50737
1.65053
1.78085
1.84107
1.91151
1.56181
2.04677
2.96593
1.82488
1.81505
2.54028
1.59001
1.44639
1.85273
1.56069
1.27521
1.30428
1.42791
1.272
1.2097
1.09379
1.38369
1.2751
1.35481
1.3236
1.72915
2.25606
1.7431
1.17561
1.92114
1.95925
1.78752
1.81563
1.7168
2.90073
2.85307
1.66398
1.44238
1.22301
0.30792
0.249513
0.754695
1.31676
3.53834
0.646483
0.547479
0.617782
0.584933
0.429717
0.214391
0.234868
-0.00797875
0.281561
0.401707
1.47625
0.354757
-0.0564311
-0.0448032
0.521017
0.483797
0.321039
0.709597
0.388431
0.153462
0.421869
0.71442
0.441156
0.0105098
0.451949
0.0979646
0.647533
0.679646
1.27758
0.18805
0.242106
0.386007
1.01156
1.59934
0.486386
0.936483
0.477964
0.64334
0.724498
2.41561
1.10068
0.460919
0.41453
0.607581
0.303246
2.93886
0.323655
0.445658
1.58152
0.922337
1.21535
0.637176
0.489558
0.134207
0.0268271
0.612554
0.270702
0.0487873
0.213183
0.0361182
0.946454
2.16125
1.10223
3.40609
0.521235
2.66137
1.88718
1.42141
0.306167
0.41029
0.711742
0.161233
0.980841
0.380845
1.23419
0.695674
0.142265
0.895615
0.925776
0.780624
0.963547
1.26943
0.87786
1.28644
0.266514
0.95933
0.358341
0.193961
0.308893
1.16849
0.40193
0.786146
1.34552
0.684445
0.279142
0.0446107
0.78108
0.610266
1.17394
0.573727
0.981903
0.424937
0.493971
1.06799
0.834814
0.364534
0.146348
0.487237
1.03273
1.15396
1.85375
0.429103
0.842904
1.43261
0.837886
0.953613
0.509455
0.455826
0.696055
0.482944
0.257436
0.280549
0.894996
3.13438
0.648014
0.360886
