548
-0.131517
-0.0868469
0.635566
-0.370946
-0.00901872
4.29502
0.216216
1.2384
1.13213
0.366401
-0.135774
0.094738
0.284402
-0.0221565
0.107432
0.0183959
-0.480446
2.2909
0.432053
1.52626
-0.193987
-0.0198502
-0.38208
0.186215
2.15143
1.20157
1.14638
-0.60804
-0.423623
0.632837
0.10863
0.410881
1.1895
0.206702
1.16988
1.04142
1.05521
1.27414
2.55706
1.62228
1.01243
1.2327
0.592612
1.47125
0.574461
1.27618
0.555075
0.387175
0.758408
0.318049
-0.03501
-0.0246647
1.52543
1.30356
-0.314158
0.249771
-0.700363
-0.110694
0.125143
-0.0369423
-0.321361
0.348358
0.623864
-0.0909359
0.0289214
-0.349287
-0.272904
0.411234
-0.0956893
0.848654
0.457085
-0.489017
0.368849
-0.284441
0.780954
-0.0164679
0.092485
-0.206723
0.202356
1.30305
1.78254
0.411482
-0.184416
0.785652
-0.183482
-0.362066
-0.0759174
-0.151031
-0.502784
-0.486851
-0.0694298
0.476979
1.57284
0.710092
-0.30331
-0.20656
-0.114378
1.16601
0.982443
-0.0545601
0.801198
0.311877
0.785592
1.55866
1.60881
0.662266
0.0319031
0.335998
0.768804
-0.0718761
-0.0484924
-0.354434
-0.27021
0.302122
1.85992
0.300849
-0.121662
0.687256
0.102497
-0.210852
-0.343183
-0.0220649
-0.0069133
-0.0645293
-0.604328
0.414032
-0.23831
-0.299678
0.719436
-0.0560101
-0.163356
0.286772
-0.317097
1.26793
-0.114961
0.19045
0.476909
-0.298164
0.307718
0.203532
0.851519
1.70259
1.58703
0.412482
0.67903
0.589985
0.26559
-0.0370798
-0.0598538
0.665919
0.0276393
1.29067
0.00481701
-0.19123
0.682455
0.0126242
1.50818
0.132944
1.28188
2.83643
2.13549
1.27802
1.64122
1.68458
2.65915
0.921917
2.50246
1.14518
-0.063918
0.906826
1.57631
1.43835
2.51613
1.73287
1.56485
1.69572
1.35013
2.41328
1.69988
0.869594
1.4292
1.32562
1.31718
2.39624
2.62492
0.519797
3.87072
2.39946
4.19159
2.35018
1.73366
0.925972
1.65156
2.81611
1.37063
0.427837
-0.311264
1.65102
1.3802
0.0872694
1.26048
0.905032
1.38266
0.593258
2.35738
1.29108
2.61101
1.18035
1.70075
1.45236
0.332157
2.38559
0.729414
1.34914
1.06455
0.893578
2.89736
1.46165
1.31249
1.64469
1.03271
0.886073
0.814294
0.558762
0.503717
0.421367
0.937831
0.884285
3.31221
1.91198
2.56206
1.34928
0.263253
1.4631
0.308575
0.627702
0.396116
0.866393
0.506919
1.01737
0.733511
1.56933
0.913819
1.28451
1.50601
1.64093
0.464518
0.072719
0.465076
2.04063
1.25138
0.725789
1.67031
0.827304
0.250526
0.519341
0.371708
0.905003
1.51201
0.888964
0.859749
0.33636
0.636323
1.00491
0.773634
1.27461
3.00635
0.559453
-0.189751
0.0701706
-0.121939
-0.278728
-0.192413
-0.531693
-0.558068
-0.280829
-0.4649
-0.000837128
0.793105
0.0399574
1.72685
0.525868
0.299856
0.328753
-0.0738856
-0.296673
0.37679
1.04782
-0.246565
-0.414731
-0.398402
3.24057
0.536168
0.204757
-0.405274
0.170485
0.57179
-0.414388
-0.729424
-0.0601416
0.198996
0.502946
0.70793
1.40397
0.44259
0.187621
1.41485
0.450111
1.19309
0.752201
0.889256
0.122373
0.710855
1.7699
0.201029
0.401878
1.05838
0.445117
0.405766
0.731946
0.154389
0.952895
1.57446
1.4259
1.03198
1.05792
1.55417
0.495546
1.13555
2.19109
1.04508
0.937988
0.723879
0.0380027
-0.138647
1.3715
0.700379
0.0257347
0.969688
0.1372
0.866327
-0.101353
0.111219
0.23169
0.858331
-0.295123
0.932189
0.340541
0.0136347
0.118174
0.0252973
-0.282853
-0.152019
1.3803
0.228934
0.170507
0.375332
-0.451897
5.54454
1.74655
0.0939155
-0.179821
0.321924
2.19393
-0.150583
-0.488364
1.84465
0.288507
-0.204554
1.0131
-0.143553
-0.298722
2.7264
0.30664
1.56707
0.924742
-0.0432316
-0.153506
-0.290205
-0.124177
0.182063
-0.613245
-0.0589784
-0.3536
0.307823
0.668554
0.808269
0.343918
1.19368
1.167
-0.720213
1.35297
0.35407
0.316647
0.625529
0.189118
0.116643
-0.266394
-0.267662
-0.236785
0.170871
1.5521
0.74655
0.291754
0.137462
-0.025561
1.209
0.917156
1.9916
-0.0112777
-0.170121
1.53884
-0.0225804
1.75353
-0.0234343
1.15124
-0.11572
-0.236994
0.174668
-0.127897
-0.675325
3.31941
-0.151132
-0.277055
1.21266
-0.516655
-0.729373
0.167561
-0.497295
-0.284319
-0.24889
0.212321
-0.23422
0.972233
0.976236
0.601828
0.170657
-0.24404
0.985731
-0.477617
-0.357472
-0.438052
-0.218237
0.567441
-0.310416
-0.594216
-0.169265
0.733301
1.5988
0.103069
0.472736
-0.0573961
0.106896
0.70502
0.635312
-0.182886
1.54141
0.854364
0.292754
0.197962
-0.131402
1.09344
0.045182
0.0535249
2.07433
1.22749
1.44886
1.15484
-0.0763275
0.000776192
0.379826
0.570027
0.529706
1.64296
-0.395995
-0.271018
-0.552868
-0.370869
-0.00664319
-0.420758
-0.0776304
-0.458527
-0.454809
0.439949
-0.0838722
2.06444
0.780568
0.140483
0.755928
-0.10766
0.187931
-0.30765
-0.187787
-0.100156
0.399877
0.756168
0.0969815
0.890688
1.22738
0.321599
-0.192991
0.108593
-0.163121
0.326827
0.35889
-0.150024
-0.34089
-0.0465116
-0.04956
-0.257242
0.12989
-0.013932
-0.118093
2.32526
1.62072
3.54021
3.66799
1.82172
1.01648
0.938879
0.893717
1.32617
1.53665
1.74183
2.75266
0.171727
0.0866898
0.249725
-0.221512
-0.272184
-0.333419
-0.478722
0.0698617
-0.626315
-0.238295
-0.304545
0.49844
0.205784
-0.231481
0.338854
0.724984
-0.127197
-0.173989
0.442091
-0.430709
2.71916
-0.0808697
0.0892713
