548
0.360567
0.0972574
1.90753
0.46545
-0.406519
-0.324761
-0.0728017
-0.503319
-0.323768
-0.334426
0.147361
4.19698
1.97448
-0.103565
-0.294157
-0.442643
-0.205283
-0.201024
-0.339048
-0.088288
0.586357
0.63598
0.653528
-0.350297
-0.191173
-0.376109
-0.0673388
0.017232
0.798022
0.732069
0.33291
0.182912
0.0232208
0.397818
0.454486
0.707208
1.39472
1.8433
0.998732
1.61558
0.428246
3.35894
0.573924
0.436805
-0.304296
-0.144141
0.0665061
0.105967
-0.257021
0.140355
-0.117152
-0.0523565
0.0522342
0.727311
1.02042
0.75994
0.474971
0.200617
0.340387
0.420412
0.323603
0.335594
0.361752
0.22994
0.466389
1.37697
1.12191
1.2704
1.00183
2.14884
2.09613
1.80867
1.79303
3.59532
0.743872
0.142875
-0.114154
-0.227932
0.191268
-0.230097
0.603218
-0.421625
-0.16785
-0.199663
-0.221822
0.574189
1.36738
1.42051
0.165696
0.00779962
-0.122453
-0.0501073
0.573027
-0.191779
-0.206341
-0.0843361
1.20051
-0.0716985
0.142566
-0.101794
0.00828777
0.0254183
-0.0148061
-0.206924
1.13765
-0.156171
-0.245988
-0.157787
1.81876
0.515484
1.00548
0.373758
-0.0869325
0.501227
-0.0612348
0.0366644
-0.0523326
0.102293
-0.312162
0.748673
0.125027
-0.0376798
0.326237
0.0025952
-0.168139
-0.234414
0.1498
-0.0162852
-0.113594
0.20185
-0.0740582
0.0373094
1.22904
-0.158727
0.0901234
-0.285443
-0.0522053
0.228381
-0.204064
4.31353
2.06722
1.69169
1.22887
1.01999
0.478856
-0.0270634
0.550044
0.521871
-0.186503
-0.0308079
-0.117471
0.0693997
0.090118
1.37092
0.270019
-0.180581
0.0429493
-0.0998059
0.14936
0.0607569
0.835793
1.13583
0.71266
0.334605
0.231402
0.564263
2.27558
0.279661
-0.0386396
0.249526
1.09258
-0.145424
0.215561
0.145829
-0.118042
0.166082
0.625227
0.71484
1.38465
0.973583
0.720869
1.75772
1.07114
0.639638
2.1648
1.22072
1.41561
0.853181
1.07857
0.734036
1.43479
0.733836
0.491572
0.24332
0.395789
0.26729
0.574536
0.342644
1.02631
0.0931578
1.84857
0.310014
1.47145
0.324713
2.97238
2.77728
0.638842
2.284
1.08432
1.71332
0.194286
-0.010239
0.440631
0.386213
0.160171
1.47147
0.564828
0.061909
0.189899
1.96431
0.873157
0.246246
0.0581077
-0.0120875
0.22839
0.199925
2.07179
0.126839
0.518085
1.93378
1.76753
0.315608
0.106749
0.189991
0.203023
-0.109754
0.333746
0.333221
0.166052
0.0680193
0.595049
1.90636
2.77592
0.846469
0.87129
0.760037
0.748691
1.07461
1.29091
1.42335
1.1463
1.23058
1.08591
0.792076
0.849379
1.08225
0.552047
1.12489
1.35078
1.60009
2.5326
2.17631
2.92947
3.88735
3.44986
2.52981
1.46023
0.380503
0.41157
0.510808
0.638433
-0.360734
1.85603
1.69386
0.677876
0.185842
-0.391236
-0.445178
0.0611978
-0.186312
0.626767
0.972852
0.819565
0.121182
-0.518247
0.512872
0.646787
0.861834
0.243309
-0.328129
-0.233045
0.750112
-0.0283132
-0.0947927
-0.335039
-0.201465
-0.257835
-0.176455
-0.599697
-0.61079
0.0718079
-0.113748
-0.138935
-0.294688
-0.35289
-0.457898
0.312832
-0.193879
0.295369
0.921964
-0.237859
-0.206201
0.0713354
0.0950803
0.343999
1.0601
0.578919
0.233319
0.412563
1.24168
0.674807
0.223083
2.94667
-0.0194164
0.278539
1.40156
1.12255
-0.0976134
-0.558186
-0.573637
-0.326984
0.029628
-0.00902422
-0.196492
-0.446555
0.202982
-0.450658
1.13648
-0.155684
-0.229264
-0.183136
-0.0572289
-0.204689
-0.275342
1.32533
-0.127787
0.195541
-0.234718
0.174164
0.559854
0.769517
0.834815
-0.0440051
-0.102525
-0.255225
-0.374137
-0.287218
0.697635
0.464525
-0.000910279
-0.0721469
-0.307147
-0.230995
0.525384
-0.439339
1.35585
0.310203
0.0014647
-0.393361
-0.336243
0.181895
-0.0294295
0.279556
0.395869
0.0542708
0.900244
3.10166
0.924827
-0.019673
-0.281868
-0.0231241
2.07066
1.01174
-0.432194
1.12547
0.0426949
0.731825
0.752867
1.62312
0.514865
1.23183
3.35668
2.94066
0.951215
0.440284
0.589047
-0.0118775
-0.305335
-0.402682
1.88287
0.131045
0.548168
0.301225
0.0743178
0.528013
0.433688
0.350454
0.531846
0.462625
0.257681
0.699135
0.703863
-0.478832
-0.180379
-0.106129
-0.389078
-0.179578
-0.0683994
-0.358395
-0.153965
-0.37186
3.51569
-0.533603
0.155598
-0.0679713
-0.238376
1.12667
0.461681
-0.33705
-0.0532935
-0.225249
-0.267709
-0.212966
-0.351717
-0.0376183
0.231462
-0.303217
1.0324
-0.448771
0.439899
-0.425154
-0.629403
0.913516
1.33811
-0.249647
-0.0682272
-0.260582
-0.311521
0.108042
4.57745
2.93058
1.83569
0.632236
0.845312
3.23836
1.31008
2.86307
0.693565
0.615805
0.0214663
0.835322
2.84031
3.3764
2.22459
1.76959
0.940636
0.69307
1.95241
2.90734
-0.246306
-0.328835
-0.0535369
0.0743977
0.760653
-0.144001
0.109922
0.277137
-0.224533
0.42388
0.110981
-0.102042
0.571814
0.548431
0.554991
0.654595
3.52181
0.649281
1.87242
1.60791
-0.29384
0.198185
-0.120556
-0.247186
-0.128718
0.554854
0.484564
0.589148
0.459166
0.664214
3.59313
2.00982
-0.114827
2.04708
1.80217
0.87308
0.328249
0.971321
0.877294
0.0200865
0.0153459
-0.00966301
-0.00725595
0.0333293
1.10812
1.41782
2.93235
1.22037
-0.0164134
0.0555367
-0.00466137
-0.142192
0.752802
1.13291
0.316576
0.290356
0.561397
-0.115415
1.78574
-0.162288
-0.0888152
0.750554
0.545055
0.655551
0.185215
0.64749
1.82029
2.40027
0.911992
0.0543685
0.532591
-0.0855682
-0.0819932
0.008685
0.990643
1.39727
2.39847
0.758031
0.081037
