546
1.15687
1.21582
3.07725
-0.513086
-0.58387
0.431477
0.662401
0.650271
-0.55559
0.84139
1.01805
1.31462
0.594062
3.34733
0.568598
-0.114894
-0.192253
-0.117561
-0.892468
-0.565702
-0.455853
0.263519
0.390061
0.209741
1.32443
-0.0300364
-0.262908
-0.337494
-0.57751
-0.62563
-0.474411
-0.653299
-0.562826
-0.569487
-0.295538
-0.468489
0.195178
0.179444
0.406175
-0.610381
-0.381643
-0.530613
-0.414957
3.18786
3.29266
3.50957
-0.394499
1.29521
0.861592
0.508107
0.202488
-0.435675
-0.393515
-0.317046
-0.284023
-0.646451
-0.360724
-0.29351
-0.552637
0.298476
0.479232
0.649163
0.167949
-0.374658
-0.384915
-0.487724
0.239759
0.642602
-0.303449
0.83838
0.808245
0.430494
0.192223
1.49298
1.63861
1.67397
-0.413637
0.526685
0.768507
-0.502855
0.800497
-0.445095
-0.206632
-0.509028
-0.357073
-0.109305
0.229526
0.172662
0.326497
0.962802
0.128472
1.31228
1.26327
1.65843
1.5756
1.59987
0.596936
0.446846
0.0874341
0.409626
0.611737
0.575045
0.351877
0.241931
-0.157286
-0.289128
-0.155389
-0.189948
0.367839
0.32574
1.26267
1.26135
1.29458
0.630575
1.26823
0.46942
2.12083
2.53743
2.55245
2.3927
1.54624
1.66139
0.892449
0.639818
0.482521
-0.141196
-0.200034
-0.158725
0.35522
0.364336
0.656868
-0.241388
1.61027
1.67765
1.32149
0.332705
0.283288
-0.410954
-0.647577
-0.555256
1.30229
1.43315
1.44608
1.07641
1.6129
1.63374
-0.582688
1.26561
-0.313123
-0.467837
-0.520586
-0.424082
-0.563172
-0.263862
-0.498304
-0.0548023
1.24067
-0.545648
2.01486
1.99413
2.0569
-0.270841
-0.247499
-0.14305
-0.248897
-0.238899
-0.289672
0.201345
-0.335683
0.349902
0.262218
-0.0423332
-0.421463
-0.330091
-0.339857
-0.404307
-0.206308
1.14552
1.21541
0.361407
1.23839
2.44106
3.04484
2.96671
2.68293
1.65536
0.912103
-0.0693607
0.123024
0.17497
0.486378
1.19374
1.55245
1.51336
0.934605
0.200277
-0.267787
-0.504972
-0.500479
0.111338
0.574832
0.448046
0.831353
0.666929
0.341521
0.352395
0.553977
0.70519
0.564529
0.231642
-0.565749
0.189906
0.309157
0.372338
0.262679
-0.652345
-0.335893
-0.284805
-0.206571
-0.617701
-0.6532
-0.193321
0.0322263
0.182318
-0.21963
-0.146655
-0.193999
-0.432259
-0.399822
-0.445888
-0.394851
-0.144209
-0.0382302
-0.0224013
0.0673101
-0.163407
-0.486548
-0.400041
-0.0345954
0.584299
0.581717
0.215663
-0.582767
-0.374693
-0.278443
-0.27095
-0.393233
2.13193
2.25223
2.21749
0.756579
0.868865
0.763987
0.159357
-0.527546
-0.715254
-0.532673
0.211454
-0.505652
-0.093403
-0.234132
0.0392403
-0.51034
0.994228
1.08122
1.29895
0.115459
-0.286341
0.929735
-0.519375
-0.607107
0.694596
0.813759
1.05922
-0.498795
-0.458459
-0.627831
0.139772
0.443395
1.57288
0.640847
0.457097
-0.528192
-0.632838
-0.553525
-0.0497951
0.35253
0.252886
0.137254
-0.375492
1.59354
-0.442943
-0.0529533
0.258287
1.04036
0.961562
0.65614
-0.265205
-0.42674
-0.651124
-0.543151
1.72594
-0.375894
-0.38017
-0.585599
0.508546
2.21722
2.10499
2.25267
0.457542
-0.274917
1.30058
1.21128
1.53885
1.42893
0.939907
0.387817
0.672729
0.564314
1.33221
1.13776
1.25963
2.39607
2.45224
2.84605
2.83098
2.17507
0.659235
0.307504
0.113689
-0.409622
1.02979
1.22207
1.3095
-0.524359
2.35294
-0.0984537
-0.198611
-0.453382
-0.122281
0.0131158
-0.253574
-0.412762
-0.427039
-0.00395336
0.497685
2.60696
0.200569
0.205685
-0.396684
-0.301085
-0.451341
-0.537931
-0.632855
-0.453376
-0.570804
2.63141
0.156058
2.70343
2.86758
-0.43736
-0.223101
0.863693
0.875108
0.763612
0.214939
-0.599479
-0.404883
0.0444497
-0.321537
-0.249952
-0.232069
-0.326892
-0.253384
0.0250338
-0.220905
0.280914
-0.476369
-0.246373
-0.425607
-0.243632
0.37588
0.605807
0.550629
-0.580366
-0.633522
-0.228725
3.50292
3.57712
3.84869
-0.0794011
2.25951
1.30056
2.21955
2.28465
3.07947
2.0507
2.10258
0.348466
0.431729
2.06246
-0.260367
2.91151
3.0131
2.82952
1.79416
1.26346
1.61502
2.24077
2.21097
2.12435
-0.42667
-0.208583
-0.292671
0.235306
0.357101
0.560391
0.0956411
0.00442462
0.305825
0.341556
0.174864
0.124139
-0.40027
0.42953
0.533367
0.572193
2.43761
2.49638
2.93919
1.56036
1.27482
0.806749
-0.540311
-0.234889
-0.261209
-0.371951
0.756101
0.888921
0.517813
0.499244
0.594622
2.55912
2.67304
2.85035
-0.589274
-0.235819
2.10276
1.5573
1.68305
1.1883
0.613136
0.68734
0.669152
0.560098
-0.287728
-0.256778
0.284574
-0.429284
0.51443
1.09412
2.22423
2.11248
2.1793
0.932787
-0.277011
-0.431746
0.0305896
0.435852
0.470311
0.599321
0.574794
0.208051
0.392765
1.28368
1.10955
1.18541
0.294034
0.639209
0.40899
0.593938
0.391531
0.362693
1.02341
1.78594
1.81326
1.62934
0.656933
0.288489
0.0963646
0.659463
-0.269798
0.220945
0.73531
1.65376
1.71187
1.56484
0.51008
-0.327515
-0.307353
-0.390781
-0.370638
-0.45629
-0.483821
-0.418775
-0.242456
0.300643
0.552848
0.653205
0.133061
1.09641
1.55472
1.64951
-0.501113
1.40798
2.54745
2.57277
2.82271
0.321897
-0.397511
-0.534597
-0.335725
0.141837
0.480317
-0.343795
0.526686
-0.787152
-0.697858
-0.0464277
0.563951
1.20288
1.15784
0.731364
-0.201974
-0.389276
3.02375
0.196067
0.303378
0.14402
-0.279089
0.106132
0.0455293
0.370952
-0.61193
-0.636004
-0.456269
