546
1.17856
1.41315
3.25792
-0.621842
-0.647521
0.561356
0.783939
0.585823
-0.616005
0.897269
1.19841
1.18408
0.536998
3.03496
0.525321
-0.0903958
-0.182877
-0.221366
-0.836473
-0.490135
-0.607785
0.291823
0.343475
0.0699604
1.0938
-0.014462
-0.388754
-0.512538
-0.678036
-0.61772
-0.560136
-0.751109
-0.550889
-0.474458
-0.411079
-0.485405
0.29854
0.425488
0.15847
-0.529488
-0.469505
-0.537733
-0.403339
3.27867
3.54477
3.30358
-0.475491
1.13344
0.886117
0.30243
0.0877883
-0.523321
-0.420078
-0.403766
-0.28994
-0.556028
-0.376526
-0.359679
-0.527246
0.328627
0.692997
0.494204
0.230131
-0.496028
-0.495996
-0.532458
0.180055
0.685108
-0.457082
0.814336
0.568938
0.31824
0.224137
1.5789
1.7877
1.48188
-0.391307
0.644189
0.75122
-0.625416
0.751921
-0.402801
-0.385604
-0.548725
-0.356961
-0.245629
0.124851
0.236576
0.213777
0.994981
0.266585
1.34177
1.17482
1.69978
1.75095
1.28289
0.439128
0.219162
-0.136683
0.295923
0.570518
0.490914
0.369115
0.108085
-0.489115
-0.411639
-0.231709
-0.404002
0.36043
0.31021
1.32877
1.25966
1.14074
0.537254
1.13808
0.331572
2.20599
2.60437
2.49013
2.41213
1.69061
1.44753
0.832929
0.542279
0.430957
-0.173814
-0.227876
-0.307609
0.397821
0.605646
0.429897
-0.431065
1.62031
1.77858
1.08091
0.196311
0.175908
-0.630591
-0.787358
-0.787607
1.3643
1.50552
1.13933
1.182
1.60891
1.59095
-0.606264
1.0978
-0.393661
-0.46221
-0.487469
-0.323622
-0.426883
-0.402839
-0.655287
-0.0176658
1.26679
-0.564453
2.00679
2.21192
1.67712
-0.346539
-0.318769
-0.272303
-0.419169
-0.35861
-0.454367
0.194454
-0.37599
0.316171
0.194917
-0.266638
-0.506869
-0.523099
-0.477949
-0.54948
-0.311306
1.24268
1.31393
0.29416
0.956699
2.22798
2.91764
2.94237
2.62238
1.50646
0.68136
-0.0385925
0.176078
0.19423
0.41019
1.29175
1.5861
1.42187
0.899142
0.0698824
-0.299048
-0.552228
-0.506252
0.198959
0.633301
0.313236
0.784066
0.539407
0.166345
0.364674
0.560904
0.680635
0.472649
0.245905
-0.593185
0.239202
0.1835
0.324347
0.232568
-0.683595
-0.304237
-0.350229
-0.160416
-0.593998
-0.650951
-0.0585618
0.0704059
0.122354
-0.251315
-0.0237229
-0.254867
-0.393774
-0.455722
-0.313531
-0.352462
-0.189471
0.0653183
0.186796
-0.0874713
-0.287135
-0.601452
-0.289478
-0.0329073
0.65181
0.551823
0.18151
-0.567433
-0.425113
-0.346649
-0.317962
-0.534998
2.11371
2.36293
2.00727
0.922828
0.836906
0.643085
0.12662
-0.610784
-0.683962
-0.611181
0.212347
-0.47912
-0.00208373
-0.219749
0.0736168
-0.454991
0.978722
1.24793
1.29428
0.103119
-0.285289
0.925269
-0.537924
-0.543396
0.679114
1.01036
0.995284
-0.549628
-0.57066
-0.781968
0.25988
0.421944
1.58371
0.549075
0.429256
-0.668392
-0.570689
-0.652248
0.0713408
0.43444
0.18879
0.0563423
-0.495337
1.59974
-0.46338
0.143277
0.280398
1.08907
0.907379
0.633774
-0.248146
-0.610234
-0.696789
-0.515826
1.79051
-0.397012
-0.527969
-0.701942
0.502426
2.20957
2.21351
2.02284
0.325756
-0.425508
1.26907
1.24437
1.60294
1.17366
1.00268
0.277811
0.594916
0.485662
1.43159
1.10863
1.27965
2.41171
2.58824
2.91812
2.74951
1.8674
0.646709
0.259339
-0.046205
-0.498091
1.08598
1.38769
1.10316
-0.564124
2.57744
-0.188273
-0.176353
-0.496931
-0.198797
-0.039939
-0.22959
-0.406237
-0.455696
0.0315138
0.515686
2.38901
0.283991
0.167655
-0.399927
-0.309151
-0.517608
-0.458174
-0.630201
-0.416166
-0.638393
2.70771
0.071313
2.86344
2.52771
-0.346758
-0.213353
0.874533
0.849013
0.713113
0.258001
-0.505226
-0.528722
-0.0394428
-0.386267
-0.329535
-0.282858
-0.254572
-0.236402
0.034229
0.0662715
0.0992707
-0.311622
-0.389734
-0.427128
-0.108651
0.660793
0.711704
0.369067
-0.50754
-0.623779
-0.139068
3.61207
3.66785
3.66834
-0.0718124
2.02488
1.03224
2.25575
2.5295
3.06277
2.26706
1.93382
0.302338
0.404455
2.10337
-0.349192
2.91693
3.05502
2.67092
1.68866
1.09526
1.63828
2.28549
2.36287
1.8498
-0.464101
-0.203401
-0.289072
0.264889
0.309917
0.508191
0.0655775
0.0262679
0.326108
0.286163
0.186673
0.158049
-0.365191
0.472493
0.501733
0.561133
2.53051
2.72139
2.65171
1.63673
1.21001
0.476511
-0.406485
-0.290091
-0.30175
-0.469877
0.842285
0.886837
0.524994
0.561857
0.499621
2.57055
2.86361
2.6084
-0.499417
-0.222707
2.13793
1.77096
1.57178
1.06494
0.643892
0.655835
0.568227
0.583833
-0.205413
-0.274706
0.261646
-0.453971
0.626891
1.15069
2.28584
2.31184
1.96153
0.900336
-0.460124
-0.591533
-0.0812554
0.386974
0.502895
0.716729
0.42977
0.303088
0.231394
1.33157
1.21475
0.937677
0.341434
0.572779
0.414635
0.556821
0.386802
0.289175
1.12362
1.72622
1.91654
1.45052
0.572024
0.249393
-0.0963868
0.713925
-0.36307
0.252211
0.7296
1.74202
1.85564
1.30511
0.474263
-0.367755
-0.356572
-0.493831
-0.69962
-0.661688
-0.443367
-0.565953
-0.210612
0.273531
0.57856
0.481557
0.00488738
1.09396
1.6241
1.55687
-0.524929
1.05632
2.55611
2.78291
2.51828
0.278141
-0.554317
-0.552845
-0.297885
0.136328
0.460195
-0.464457
0.471051
-0.736111
-0.674553
0.134735
0.609316
1.249
1.17485
0.609556
-0.0959402
-0.511021
3.13516
0.250577
0.1734
0.0780222
-0.454629
0.176685
0.183769
0.153739
-0.642548
-0.684803
-0.421536
