182
-0.0161883
0.207627
2.38862
2.03538
0.094834
-0.470634
-0.865899
-0.367637
2.15766
1.67125
2.15686
-0.536555
-0.491627
-0.331632
0.549072
0.818456
0.502217
0.394808
2.24609
-0.480824
0.244816
-0.0478387
-0.482033
-0.456133
1.07527
-0.481283
1.0008
-0.106883
-0.335788
1.08289
-0.383149
1.80242
1.28681
0.985876
1.0116
2.41178
0.367593
-0.490007
-0.646847
0.270145
0.168329
-0.284112
-0.61001
-0.314144
-0.0579323
-0.320725
1.5346
1.53434
-0.673648
0.126559
-0.33872
-0.557722
0.459572
0.220128
2.11229
1.50437
-0.187314
2.05739
0.589778
-0.40632
-0.29484
2.52375
-0.315485
1.61898
-0.127167
-0.298968
-0.210656
0.159793
-0.610977
0.340966
0.871027
0.915007
0.0400792
0.344366
-0.183409
-0.18141
0.338022
0.803912
1.80835
-0.10123
1.99297
-0.0356318
1.16076
1.51147
1.50548
1.49047
0.807683
1.60075
0.841465
1.59329
0.390122
1.27813
1.75982
-0.695007
-0.0400278
-0.322739
0.920775
1.62579
2.04048
0.33364
0.192416
0.182298
-0.613312
0.309306
1.25243
2.74183
1.60057
1.3745
-0.588487
-0.666149
2.46695
-0.409688
2.20401
0.275374
0.334187
-0.50557
2.1735
-0.0074681
-0.531828
-0.353061
2.07125
0.550835
-0.475517
-0.219091
-0.444289
-0.473184
0.211058
0.250685
-0.356961
-0.263475
0.382748
-0.468361
-0.26132
0.103372
0.360625
-0.590502
-0.685131
-0.193725
-0.523707
0.459732
-0.0537253
-0.458542
1.08569
2.27836
2.06711
0.645904
-0.342086
-0.551195
0.874528
-0.227762
0.407707
0.808736
-0.451179
1.13759
-0.620468
-0.26454
1.99563
-0.371439
-0.103213
-0.100059
0.726533
0.438916
-0.52963
2.04503
-0.558927
0.734139
2.1463
1.68587
1.95641
2.00005
0.122555
1.68586
1.05675
1.47919
-0.280112
1.71259
0.0291455
-0.468201
-0.177607
2.11306
-0.687718
-0.601143
