182
0.0790348
0.103628
2.41495
1.97002
0.078991
-0.559701
-0.947448
-0.426918
2.17111
1.78468
2.24472
-0.476284
-0.50615
-0.382696
0.604212
0.759405
0.626189
0.484569
2.13001
-0.43396
0.278699
-0.0584641
-0.481445
-0.545932
1.07525
-0.501493
1.03229
-0.114404
-0.29242
1.23492
-0.381863
1.7773
1.43661
1.12259
1.11047
2.37934
0.339972
-0.579538
-0.727012
0.18389
0.27149
-0.220998
-0.512288
-0.295717
-0.127886
-0.191706
1.6475
1.54531
-0.712891
-0.00820296
-0.342398
-0.471994
0.393903
0.330525
2.2248
1.5717
-0.16614
2.05278
0.483545
-0.41754
-0.255405
2.41989
-0.29811
1.38676
-0.172689
-0.43698
-0.237698
0.186678
-0.611532
0.365552
0.799718
1.01925
0.0453729
0.405043
-0.250745
-0.057796
0.363157
0.804066
1.75503
-0.0673786
2.02061
-0.0592112
1.17081
1.50616
1.505
1.46716
0.848292
1.6077
0.854792
1.64099
0.393009
1.23977
1.77629
-0.59528
-0.0730705
-0.340246
0.923025
1.78401
2.0778
0.340453
0.159185
0.181261
-0.60655
0.290215
1.03425
2.66876
1.58546
1.44786
-0.611288
-0.740984
2.37849
-0.426035
2.21227
0.278706
0.331515
-0.627676
2.08144
0.0203901
-0.551646
-0.348787
1.96701
0.5006
-0.405097
-0.085206
-0.492095
-0.607361
0.310106
0.260202
-0.352312
-0.271784
0.497308
-0.505784
-0.279809
0.132867
0.351036
-0.651894
-0.53416
-0.115652
-0.522779
0.343325
0.114226
-0.449819
0.97606
2.18635
2.09113
0.766138
-0.315302
-0.558611
0.822621
-0.319917
0.490661
0.661672
-0.577966
1.11259
-0.654103
-0.297459
1.9616
-0.502535
0.027369
-0.105052
0.790288
0.543717
-0.422672
2.0197
-0.536581
0.744916
2.08642
1.61186
1.91408
2.00625
0.139799
1.69867
1.05584
1.39041
-0.378249
1.64924
0.263258
-0.533096
-0.181299
2.04149
-0.691646
-0.54772
