182
0.155853555066967
-0.3841515030400791
-0.3897170300632207
-0.39820082323512335
-0.49808289951373336
-0.2633970060315603
-0.311746502459682
-0.004631954091472701
-0.24193184291585895
-0.4840386560183416
1.1463434310044782
-0.02841516485098093
-0.5519767307344027
-0.28840736889231555
-0.5293375381034924
-0.24505727722866652
1.7550552332910287
-0.28196221140592725
-0.013395396655230707
-0.5040099772656694
-0.3348583876380654
0.009648686971960453
-0.48083847630256726
-0.3069737180332971
-0.085149618421507
-0.5358552382760631
-0.32280354728854144
-0.4833881737019451
-0.5078991761909999
-0.5873191069781438
0.4318831651549969
-0.5066805510810268
0.3045810315181176
-0.4070199529859873
-0.05518692684622616
1.7089945110765703
1.031464881242636
-0.42282963214841657
-0.5510556752894185
-0.15309536141001157
-0.41025786268949
-0.16930648383466537
-0.29357138805741945
-0.24996130716715173
-0.5522281973895139
-0.4533954669623329
-0.2193372295213028
2.1280296918824124
-0.3813408599614869
-0.2922507076185199
-0.41424733016536264
-0.4339882016842436
-0.24606998850644476
-0.47175036779965646
0.02765614277586278
-0.4791309482156301
8.68375314268664
-0.4222582044154122
0.8041150664521134
0.5289754967826162
1.1204592035237548
0.7336004526998353
2.1943962399098784
0.02161538451132677
1.3219138862477284
-0.3238001010185043
-0.22034784519133102
-0.08351781597835523
-0.4136139476826411
-0.29488426598291667
2.4930995658897954
2.0818402950848127
-0.47756399569796976
0.13463490189190247
-0.4622116809950922
1.3823475795960252
0.12992094312757613
-0.4237165079173486
0.1340980589753248
-0.3013092620031603
-0.5555973274639662
0.49859163792171823
-0.021165353356547612
-0.43280462825842303
-0.3114509947955135
-0.10557382778109675
-0.3149214731857713
-0.3859955566643763
0.23941722343908775
-0.44452985889497826
0.29820828490514495
-0.5258271451051195
0.2362046414588749
-0.3733144737716193
-0.611397046956306
-0.5356428477243588
-0.27343856539477746
-0.33340898684834896
0.021270261593838227
1.3665518610517018
-0.6098521202965419
-0.3212076572190727
-0.5581054935174125
-0.20178961378659688
-0.28110137557452264
4.963226422537183
-0.31889925801211016
-0.5351718651261923
-0.2572096062515574
-0.38738635233900176
-0.1517694708435823
-0.4893203202878118
-0.23533915263562294
-0.3694836518530075
-0.5647267432358165
-0.04696444618237867
0.3266358310338444
-0.3366811193524258
-0.5813760027963978
-0.5514284226007502
-0.40744270012794404
-0.21429642478327834
-0.5788219775143231
4.107309890541168
-0.3092539461469435
-0.5595783057592444
-0.4888838278190087
-0.12173705390028504
-0.46412701978903037
-0.06329584311637555
-0.4774672680934009
-0.19396868456015867
-0.3422806279196887
0.5448283482660874
-0.01927418543543532
-0.40624602047022235
-0.3849994965627732
-0.2092155805840977
-0.2545855504420913
-0.06467650803164252
0.0936540810189348
-0.2308309208276724
-0.06655257171943293
-0.5902498358105636
-0.5492912019225701
-0.1280092159573596
-0.07296943532045808
1.3862942471238198
0.1899944324067008
-0.17084056710398676
-0.5289945082283913
-0.18106813303619515
-0.43971175748751523
0.30837124200442567
-0.5464303688087201
0.8339194423551496
0.12899396382417966
-0.5119321339968723
-0.4289277805879054
-0.521078182505777
-0.5876004271770138
0.3110301616976116
-0.4929777745882346
-0.4843675656978152
-0.31333609094152337
-0.4492587263397233
-0.5833183130068679
-0.006589369445489587
1.1127331579146038
1.5041606450308385
-0.424497483035945
-0.3259583929859421
-0.13662702303684635
-0.27307274846160795
-0.5286530240306023
-0.17803129827317343
-0.2054521687840452
-0.35678019367722996
-0.605866478345541
-0.16797250706632624
-0.14032315217600916
-0.4756018023840897
