182
0.2546333834689409
0.21422414986593588
-0.6959430007262728
-0.6111521445907162
-0.19030176491120585
1.655109204586185
2.416488431885608
0.30736459507702907
-0.1438149376320447
-0.665824230166338
0.9968790210596166
-0.6820860537687421
0.5176975674632524
-0.6674801701992397
0.011902306289190501
-0.6156081504907653
-0.7419943392428834
-0.5108711431903584
0.30432361247063855
-0.3683638135484308
-0.4127866252138692
-0.5646316435175128
0.7521555320374407
-0.4905547315041401
-0.11221395007786773
-0.6245990879851754
0.6223913803828041
0.8585003503234854
-0.6312100991362732
0.22787144451370864
-0.37137073564622564
-0.667824388293564
-0.5935927476347953
-0.7176593247405487
0.18728539726920646
1.854568368903253
-0.6113846324626268
-0.5249058564000758
-0.5973113465261467
-0.5942318204933985
-0.32533730677763806
-0.6095405891532335
0.791532665980053
-0.018890768502117832
-0.670224995220797
-0.6624562306682111
-0.6401367409704447
0.8967770789267798
-0.5602544936401043
-0.619231152322719
0.5418345645578844
0.4289092295541048
-0.7547774719083407
-0.5436924065630592
0.16810982722352136
-0.33476805282116984
-0.7573426105647345
-0.7217292128321638
-0.12177003157323349
1.882614307854586
0.2857629206915134
-0.6216404346216967
-0.7552131288148423
-0.5059302266337597
3.204067912955014
-0.6958291981295947
-0.40570717012360286
-0.4840701257431149
-0.5117028894044959
0.9245746021778614
1.9450316590820038
0.3460686319956721
-0.7234148549926753
0.050650787291563235
5.7016975843002236
2.316290602469211
1.1296574216923005
0.860168664135101
0.7197772539993696
1.3980122680702731
1.665336696545003
0.7048451226729283
1.4595095159414502
1.2623157419199464
3.0845409806425543
1.7340774080971377
1.4997516374779831
1.138029929531875
1.2139046703998377
0.7557666164694927
-0.007388381901677368
-0.1380476909883345
3.111626796294918
-0.7422680131680467
-0.34593022167903176
-0.6131362599595129
-0.6169373615465512
-0.26357746847553526
-0.7257191944348117
-0.7715060898978765
-0.5830190059244478
0.8002703157331651
-0.6173690364245181
-0.21911322686587031
-0.6400638901149366
-0.29616069832686887
0.902542513872426
-0.7624123745022469
-0.692251085368782
-0.689312929143619
-0.513388482612328
-0.7042581883261586
-0.6735778808415012
2.160491097150767
-0.49444763691139754
-0.3012588619020168
-0.7112249807879208
-0.6727205640960667
3.458879722913538
-0.08700259033290403
-0.424244435372312
-0.6859592434969284
-0.7171945607440763
-0.6911267306254316
-0.6597101999604509
-0.22735336187617305
-0.1891897200602495
1.3675173485344334
-0.1041753277014469
-0.3365897776033627
-0.7051127212633254
-0.7114839412501867
-0.47237454048079114
1.763564653864316
-0.6110977261773508
-0.4998290060968115
-0.4468316896032161
-0.592588375114613
-0.628870675852091
0.8125720974571188
0.8992549146912961
-0.704635297434066
-0.7443228985492792
-0.782315230575479
-0.7206649201015072
-0.6434546775912444
-0.5488747763598877
-0.7009380230251395
-0.5454613973455857
-0.6759549335397639
-0.6888571408777999
0.42475993150833713
-0.31805321585579166
-0.7039533306137298
-0.6427115087590782
-0.5424605198076026
-0.2037250815562398
-0.6160861879607881
-0.3936976326989347
-0.5545675174557678
-0.6637540473991836
-0.3952825621897688
0.6573749208095169
0.09009188068401218
-0.6294245255899823
-0.7240549653172853
-0.6171131631817484
-0.30157052424556957
-0.7404824440385387
-0.7318212792522102
-0.48710821098858914
-0.06736804478811595
-0.6318540752571926
-0.20176959769970831
-0.7037670585290297
0.14899516933664939
-0.6741194693487212
-0.12355530295429536
-0.7378671789700341
1.563148008226107
-0.5458693589072584
-0.7073833426705055
