182
1.2312926395339463
-0.7246962118133916
-1.1552918527638634
-0.7480025964589773
3.08292611201286
-0.2174129476179899
0.32625817760535925
-1.1646665191423227
-0.4572999123452283
-0.15108780752943365
-0.13849237800632483
-0.39017006761196765
0.2568006294460707
0.13144773406122456
-0.985879472481422
1.839286792394329
-0.9138633701551134
-0.5688077217746618
0.14526196497925525
-0.6503378944233184
0.857460910663654
-0.31531704495600804
-0.816296162610692
-0.09141709792948828
-0.7207685151825489
-0.1698628075409106
-0.5424806083208331
0.06678817034850684
0.9689000609521258
-0.22359094084593034
0.3432142740592606
-0.5233462070712325
-0.2512141451074752
-0.593623623511612
1.2666169493908346
0.4869678024247348
-0.4567720364972675
1.459653759867765
-0.03807466400421081
-0.04053539978388407
-0.9014890247602577
0.20106073772460317
-0.33921696700383885
-1.208218376647178
2.5482951151203865
-1.2005959033630118
-0.9679365072271533
2.117502192004993
-1.2958807069222675
-0.5191255980762026
3.2006252339843617
-1.189735869439301
-1.3828246431025426
0.22332989007897927
0.735314446665372
-1.1415446419554311
-0.09710133592693154
-0.5544373167667394
-1.343300986520855
0.6445449140114289
2.1925971395764026
1.8804231373286138
-0.002944627556315792
-0.4615937894207669
-1.2496896518687495
-0.4111735891065628
2.0281098287147783
-1.1663079190250238
-1.2062480193088414
-0.5620188690076523
1.208535191306852
1.1454326008713203
-1.0513996414643745
0.5229534612114801
-0.6805701948800831
-0.44325919601822655
0.13840810525743688
-0.38394840433914856
0.7578274549093668
-0.6707783334835792
-0.47489610461024484
-0.02566862045280863
0.40963233828235635
0.2594288326124161
2.6284350893071475
1.4165964502138157
-0.1657276807512479
0.6890503998109222
3.121879349732603
1.8918786600096635
0.712052287872736
-1.093949186870654
1.373688787593355
-0.21778752022212994
-0.14856343343641626
0.14409362908979953
-0.7475474835444094
-0.03107294126084357
-0.0775457668099099
-0.3342214895241985
0.06948362959016596
1.3834941784109405
-0.8618977405173137
-0.17474553661146155
-1.2427166872099304
0.5240224011479001
1.0635943903021359
0.7210544060808849
0.2132121419801909
-1.4532431854527996
-0.18892698424822463
-0.8354629616516764
-0.7908666194175826
0.5378904655946758
0.568146468140799
-0.6079174302518155
0.16256304729723428
-0.8231495694585725
-0.1945548298574657
-0.8743977930328717
-0.7593733594625456
1.08029565801125
-0.7119156106999597
0.6151312250053403
-0.2898797614075155
-0.5895951771756748
-0.7340913936709067
-0.7997065636301189
-1.0519438798822172
-0.8971887750903222
0.21063779347323952
-0.16935192652839434
-0.27548283670347506
-0.18518020912661126
-1.0445808823306308
-0.37794488416405586
-0.2200025837308025
0.23627522743844648
-0.6813668003674636
3.959408503411274
0.8942924218607152
-0.3421719097126686
-0.8995137180298491
0.5102541385493248
-0.42815803605340486
-0.6493140659082492
-0.9262055743867251
0.003413622730214997
-0.9422429813929315
-0.3244668034653975
-1.1000055698244366
-0.0457286858220541
0.6480907370544449
-0.0018228252506313249
-0.1410372563681659
-0.9059655377461865
1.1047942840017613
0.5389466268266054
-1.0495971114816216
-0.7021732298089871
-0.4905433823761649
2.4136794005339413
0.6680918556935922
-0.43498008267723115
-0.4106032437210358
-0.3566123844561857
0.15764299456561398
-0.3615630430556976
0.5104934072634496
-1.38441578437457
1.7705378013837494
1.037597196461315
-0.47279700602823005
0.9740677743814503
0.20698333677225736
0.2651342377589001
-1.0100719940124283
-0.5495743136598898
0.18618900547831313
1.2853086206678632
-1.1939331474590127
-0.4186882339869347
