182
-0.43856620314429406
-0.3733955888938427
0.3083344541149593
0.21314531992716218
-0.3290730085753134
-0.27687970861511424
-0.5961964911275283
-0.45843695613400154
0.10394123468757749
-0.571332163773194
-0.3873384068372689
0.21868673292555127
-0.4843925010657814
0.16218551490257554
-0.6295766699434894
-0.567505358703949
-0.6339848844229808
0.16024500410521292
0.25155148123685717
-0.04520169803891428
-0.5692783676115725
-0.3376232805516896
-0.26286998579276255
2.3357783094368405
0.06788308074600151
-0.2789214325289084
0.9963330007763133
2.2226373961094605
-0.12523435195696916
-0.34141734360311465
-0.3363477783148948
-0.5387720954770597
-0.6323496955541376
-0.3511643053380978
1.358546405816356
7.232415242250133
0.04188324430435718
-0.3645829150770606
-0.6602490199918063
-0.6328929666873077
-0.37426565605643064
0.8299664317842288
1.5094091115388775
-0.3462915218979458
-0.24620994347028782
-0.41622977453880383
-0.09236588414485444
1.8664863637210416
-0.6800888281418331
-0.5492605407359558
-0.6137133271382632
-0.14891894640029157
-0.5052563106777302
-0.11284417295726104
0.3077852181710041
-0.1791385656494411
-0.23936330160328348
-0.4557815405498866
0.32174817676713635
0.9359805069466562
-0.22938429664178878
0.5176390977744697
-0.4894002594657873
-0.2950267056109806
0.8258422682333743
-0.32173592842396254
-0.4687327340459138
-0.00846795566685463
-0.5540366363074282
-0.00032710976939782704
5.221342723638483
1.3012243539688566
-0.5819804347501676
-0.0031161312503695847
0.16849322760023105
-0.14875794308487827
0.5911254029860683
-0.1689396053089864
0.3609324672340118
-0.19326176569808418
1.0523066412738145
-0.3628778743628019
-0.5426048524902575
-0.6252263387576668
-0.522140622974743
2.3411147264751273
0.7150200733249368
0.22479150456700628
0.18519326662827615
0.0041932905091192395
-0.10117440716380278
0.15767991763118458
2.1636344199471322
-0.562738700148241
-0.63676181711032
-0.5476250074410783
-0.35499625610891594
-0.26413637710249477
-0.6019888136613845
-0.5444342330751016
0.0013628998226332296
-0.018911946567202544
0.09569576710143035
0.21653575015373308
-0.27382810425414333
-0.270978944440366
0.716912451950733
-0.2702728409661586
-0.3573886473590273
-0.7077012106765079
1.8017634626372228
-0.22200932139971402
0.19270808497453834
0.5969940227034946
-0.0012471808231422875
-0.7072105464321657
0.3228747839192169
-0.6874070965320377
-0.44461129818255335
-0.7264497922145476
-0.657473083491291
-0.35624035876910604
-0.7074227536302291
0.013872513284485483
-0.1479854552740469
-0.546355976424619
-0.49955737392973804
-0.5220713020289957
0.03892257198765916
0.7111274517480727
-0.7259456209894112
-0.6283145097875686
-0.69162931949034
4.822569175640949
-0.3688768062561767
0.05921436753570262
0.22668173353354967
-0.40944000428458527
-0.5777894022111315
-0.7113900307856065
-0.7111113996665188
-0.7853157380897832
-0.6167225721324829
-0.6466390285999469
-0.3746889989813949
-0.6195273318311149
-0.08614822822614356
-0.4416237631782756
-0.0867587283711716
0.15292123071327327
-0.7598193071101417
1.6266439507242116
-0.6990464620796106
-0.3260994473751658
-0.7171422285810489
-0.695146031900319
1.9644996798109022
-0.01696323082670155
0.0639398941079619
-0.5695243010599702
-0.48820305813017345
-0.47043698175005005
-0.6214103621866098
-0.16457642033721254
-0.7045963131440098
-0.1852284334946565
-0.4421701787059882
-0.14035074518535604
-0.3324531263229009
-0.5945794454610414
-0.5329908798069228
-0.07142694979999292
-0.5469678512431214
-0.17242943315401887
1.0757154272141434
-0.3100885915420619
-0.2924092326992474
0.039555397724095546
-0.2557438551405535
1.4559076955197803
-0.6501673181695875
-0.7916947252397565
