544
0.5366392760525858
0.1772418431626464
1.3222179066886532
0.28038469928385823
1.2922506404065557
1.2664276609055722
1.2751903721462716
1.4876061121885469
1.507224444923045
0.9232451143624095
0.313149284295822
-0.09834029905689368
-0.1573544701721479
1.0005063402085355
-0.06117321506151857
0.07133574612384487
0.766600463167098
0.8418975579024286
0.629502623334877
-0.6792812807802511
-1.2521841237525815
-1.242187843596055
-1.1290854936293653
-1.284393427400754
0.6713927948552665
-1.0637002917369072
-1.217856347782317
-1.0355864559876313
-0.4315357463109118
-0.6404942993968521
-0.6738159387004267
-0.9268801468895287
-1.034516785467172
-0.13243088080717696
-0.4667825591822157
0.06602591142121417
0.1485064361025768
0.9129537441655425
0.12676755640088055
-0.6642369348158216
0.19339673882828548
-0.40477153769388374
-0.7038069579250907
-0.10836257933412595
-0.05515918813113033
-0.7041964015051321
0.5248014062644125
-0.45597571922881097
-0.2591652754867742
-0.4751058037597346
-0.8625406924702834
-0.7441892766576604
-1.2506512929196716
-0.9749363086527891
-0.2677182687100172
0.4307737444597394
0.29829458304292916
-0.28399088450275956
1.2624588257829619
1.13426708752967
0.9050350525271867
0.9640472978778336
0.13470971265303136
-0.3254802844952527
-0.4331028397944717
-0.4537579485258375
-1.0570608588890917
-1.1388198646411232
-0.7665722352588018
-1.1178241896021124
-0.7986543563306411
1.0893451373715064
1.5009741572644373
1.2775507581180208
1.7002203989268128
1.7978967005373778
0.5346997331037441
-0.2354344503656906
-0.5441657340287573
-0.5934456061804478
-0.5533463124668964
-0.8360057332407667
-1.0443697145093869
-1.1577598840626966
-0.926201393283789
-0.6172967196075626
-0.7705611222314133
-0.06041346215343946
0.6799837865833972
0.3104053734808838
-0.7114040285067715
0.22152320850807075
0.786216928123926
-0.37499559797600845
-0.7901110564924575
-0.9241840564699431
-0.6050242382068823
-0.29386587508555473
0.1766954756664787
0.2585561227274804
-0.126203837969579
-0.2632340490146618
-0.3002764173119663
-0.026138353390660698
-0.012453024466020209
0.3175884422405674
0.04570575946420741
-0.34132187264886
0.2766281406085855
0.04319715942861248
0.4656535602699202
-0.18188706221924794
0.9260188007844145
-0.4153574439284905
-0.11005892177906444
-0.6529534405535039
-0.2911081078512942
-0.8656198121714562
0.3273370052286463
1.0428921296689653
0.6844620715754359
-0.17666815904083677
-0.2305187460963687
-1.2640336704744322
-0.3119281170897351
-1.3481878924902027
-0.23786008785432414
0.8805225230251927
1.4339146720045421
1.3515686934659148
1.2982806176931094
0.7823371440905321
-0.9446964753785315
-0.5655873075593856
-0.7028006373693976
-0.6265613250094942
-0.3406716443535019
-0.7459379204320596
-1.0943144064725439
-1.0123156619161398
-0.043198933672243346
0.07678219933491116
-0.04522104675483956
1.3100895875224616
0.9069860388080709
0.57836633900777
-0.9952700759667318
1.249336576437554
0.876588998696549
-0.40394988003459664
-0.44974952010324526
-0.8876876500973154
-1.194258120240829
-0.6461596846810483
-0.635787092864742
-0.7273711243180121
-0.9782210576540072
-0.6586253917605764
-0.38227168015646473
-0.8128303512869579
-1.0289548897892717
-0.7235826982881622
-0.49245658649399937
-0.9801049188880778
-0.8061777916639489
-0.8079785900767832
-0.19717289245697037
-0.47448902987718183
-0.1528297502394084
-0.609916178832193
-0.8399520230548997
-0.9045227250814611
-0.737148826430437
-0.5918921653918218
-0.595554211052856
0.4788708749657969
0.753834700515427
0.8711924837219538
0.18404707205348975
-0.15314560923806805
-0.13601071651348265
-0.570670244621313
-0.5582967422907076
-0.979975103653365
-0.8316455935499955
-0.7364837098025419
-0.24778697118206003
-0.36245831647390747
-0.9490415040713459
-0.7514466957797048
0.42644173916614336
-0.7276559096180861
-0.10825956222367798
-0.6685624111351548
-0.6393037546004875
-0.5063190616749104
-0.22905073887831306
-0.347486550164274
-0.1428483358197684
-0.37678256478132566
-0.47303093172495086
0.4094316217407362
-0.3287092803320846
-0.5575113641800153
-0.8879941667362233
-0.6625284563844317
-0.669108231542148
-0.7047746194647909
-0.9990763563029708
0.6664100277208671
1.4079264533211522
0.88503703882928
-0.21128819753313544
0.9254127825030686
0.09660823837776611
0.16249651642823262
-0.6292719293336486
-0.6561462734334373
-0.5660111525501625
-0.7163731166819577
-0.9992265492109133
-0.5938656442403121
-0.3368438305914342
-0.1163121928637223
0.08617868332064296
-0.011239959110817693
0.5303677177268589
0.2495907753847288
-0.41404465224435516
0.5366870809212502
-0.12042778660991521
-0.3952289027504098
-0.06392965697479985
0.17207560136751998
0.09150318645041411
1.0158159830025904
-0.22009544199071557
-0.5358739895696553
-0.7656932128951635
-0.4567254608916319
-1.0599028247428603
-0.8120897234878715
-0.12910748792601912
-0.8840159046807543
-0.15556806448254704
0.6836229633664759
1.3711688067822663
0.6036170853510087
0.42043380229667315
0.41642229239371054
-0.36942227725157956
-0.7412354880129237
-0.7881848458111725
-1.2075792100159752
-1.3396334908661314
-1.3673486610240837
-0.8603413929275716
1.8518588842571475
-0.8340863450828011
-0.3747667198181734
-0.5672910795160216
-0.6297437635826615
-0.8083893433252708
-1.018410593820985
-0.25617703727676056
0.2592600362526483
0.5574373073760134
0.5022891453510386
2.1285821877944366
1.0969119351086192
0.8427087321321189
0.1321811346245428
0.8048622582698985
0.19449329032690213
-0.9862902351830919
-1.1248110590432605
-1.4220433161425678
-1.564971423869428
-1.2686029086594266
2.0773749259193903
-1.326813568555942
-1.1473782858890245
-0.8949836620600469
-0.9027470823911556
0.45840576810735634
1.846273765179971
0.9828162642884815
0.6188898241979546
0.12846462537336678
0.49708080769959123
1.8710830678751416
0.9512886450289045
0.9183942716990349
1.3131462227642419
1.4520392173282637
0.6106354826795268
-0.1473731621946766
0.08149940267844612
0.13038392795283738
-0.3289521813444048
-0.5197085400741739
2.7945075147406238
-0.549494156017148
-0.056841214100831323
-0.4596855706582654
-0.44615643173141484
0.4816449140779403
-0.21552193822335652
0.1097527420394157
0.7694522489087554
1.1763825202928064
0.6081323362393497
2.77646251688243
0.9319648415193287
0.9961655959136071
1.6765102102343779
0.5963826384647731
2.2766470363289475
3.1780078023447005
2.7247855679904798
2.6592785371893446
1.8222979445439946
1.3851448665801347
2.2388459253716833
0.7023821742662393
0.3113046471129994
-0.6177452508924031
-0.6805325121755627
-0.7177878224063634
-1.0259337361539873
-0.890286389524949
-0.8958109780280405
-0.5014133413982776
-0.3365220206699228
-0.5096726607484692
2.5107080712159036
-0.6120278302676025
-0.6874660226053739
-0.48408346352429976
0.2936570745392415
0.47807167931588584
1.1055939858950072
0.7641427385349101
1.5540144332992578
0.5934918716415473
-0.35883118487073556
1.2581370856076015
0.09343591671767446
0.337879063268021
-0.05367557498601002
-0.6344765399817064
-0.29323427638002647
-1.3230500874593916
-1.0201994547322304
0.6860385583974407
1.8259987982574255
1.7201679071002978
1.1036157849802002
1.2678003774860278
0.687395171551958
-0.0374743191562019
-1.0818523299649108
-0.9630050308220705
-0.8658837756396979
-1.216907882049536
-0.8430754395191591
-0.7414002206022451
-0.8853091884133423
0.18025204193120847
-0.6917281850813743
-0.2845998603758096
-0.7322224490517667
-0.5612464918197895
-0.23472251677280914
-0.1345646344840008
-0.3927450849884429
-0.5735821749290259
-0.7627821098357702
-1.5606481764145963
0.07556918384558091
-1.2312715357208932
-1.059580204196363
-1.3082718179788881
-1.290626480467077
-1.1565793119656642
-1.2810677760813902
-0.3141591449231624
1.1785808064816798
0.6656823989136464
1.066891208075284
-0.5556666163920014
2.2903322661450196
2.0727089605775144
1.451321757432719
1.2760259250975592
0.5147000915483588
-1.2026227855748484
-1.6192066981643425
-1.0172102359579678
-1.0785066485715689
-1.090965013885474
-1.1086762050185326
-1.5118448530750528
-0.9062705573356402
-1.073897536555101
-0.42620577852695113
0.6955636317914847
0.6772437255904724
0.45839285280972386
1.3593094044238763
1.686584972260616
0.5967984955420433
-0.8438923657674816
1.1290604466191518
0.3709454621995698
-0.7807515812107779
-0.5125754158321817
-0.580129918194772
-0.6419962825131459
-0.7231271946371441
-0.5599703412732615
-0.31631625819975767
1.5158850682596428
-0.9397078722778579
1.2244275672756186
3.455090992678988
3.3091214420086557
3.514595396328982
2.324216517805359
3.411220628658381
1.3864667362747738
0.5015700895996685
0.06173323617761693
-0.8178060120753518
-0.658485270409582
-0.649364969084949
-0.4686865322954728
-0.31491075229905896
0.002690166302818174
0.12708425989821265
-0.7298339084507272
-0.4615448682182617
-0.2924640442285711
-0.7698211958647984
-0.5532950147908349
0.18679030140226832
-0.8711522068482941
-0.2869243712363327
-0.9746001906042557
-0.8329997436031801
-0.32390587663090636
0.6823537036446917
0.20606793501452944
0.22231626470206386
0.5645064986580431
-0.48836309941234335
-0.8449900622550246
-0.39549268023105255
-0.8369855414010983
-0.912586743221915
-0.8884836347994534
-0.8341729766808096
-1.0166765842720278
-1.3002398363532823
-0.8093224257926949
-0.6580014673371036
-0.9795620483330812
-0.5241466229172027
-1.3121144656381378
-0.45686895874701733
-0.24689596577524617
0.28644728294927146
-0.020621448172682973
0.5405245963738089
0.440017216288602
1.141255358418675
2.4712881749218467
2.7915110935314833
2.7533843477493414
-1.1566709912679565
3.2504685363981403
2.0373770649525325
2.3535279313429003
2.3147267617969205
1.8132338898315017
1.8964018696041254
1.2954591336902461
0.5945851817139157
0.5141281999665568
0.21348624882804423
-1.1858108839767196
-0.20981083337195808
0.769584725730892
1.8434926212786173
1.23248903782273
-0.7788339450589599
-1.2113561186292028
-1.2546718849600598
-1.0358573586680968
-1.4623664564573182
1.0424210318534384
-1.37139191120233
-0.9110833176447067
-0.9943393766463778
0.6912119783567345
1.1537045750129236
1.3297315386845014
0.9014086704988388
1.0624438019077092
0.8888227709042058
1.8472833795748267
0.8147263829616619
0.9320116065183723
1.0110598611456458
0.7466976904275648
-0.41809454234435595
-0.21356066911567897
-0.3302806878989929
-1.234770151072373
-1.436216755727405
-1.3089875341497605
-1.1985707257450247
1.466909342670408
-0.9736446240438258
-1.1537943294639461
-0.9068487305569025
-0.5021737785053417
-0.039598960793320155
0.13883595154308834
0.5911498534809468
0.24077172784376993
0.558966796840146
1.5710317721038196
1.9020313946374412
0.8816712479336071
0.3956436567997801
0.13186558972800416
-0.3415385675077479
-0.6811718559425122
-1.2557612149655342
-1.2116361111761345
-1.0576319077292737
-1.0174937133078632
-0.9514143873488168
