546
-0.49221939634899137
-0.44601731529159
3.62784141700166
-0.741105627929017
-0.6296875723795763
-0.30768800593269036
-0.043215885911536356
-0.056285121825292876
0.14090943550778917
0.2333130636322613
0.003944611633556822
0.37877685055470606
-0.594722351107909
3.8527952805890657
-0.5279543356866209
-0.46339019612362214
0.8488764169717605
0.4527678003612647
-0.6626934582407682
-0.6634398013553989
0.10429242069403252
-0.1278516520484319
-0.5721076807579888
-0.5294071141346279
5.03187252781535
-0.5197281218564406
-0.6134473663165706
-0.6785386354273817
-0.7015368194788062
-0.622625115621608
1.9834890499825235
1.8425250513567402
2.1824535584921163
-0.5851995574710062
-0.017060415406448544
1.3709997123732691
-0.550555247143184
-0.6598298502272087
-0.7023662647361983
-0.72542872442461
0.023246292919209918
3.5982715767370106
3.159803287120578
3.2545534034276287
0.07326852324213907
-0.6260772357519412
1.2777975291168318
-0.2866457939050423
-0.39668248995528677
-0.7763897135495191
-0.673779798157684
-0.726587940174789
-0.6089835014878516
-0.7441378692327335
-0.3127633005241628
-0.45405554571306883
-0.3677152584896422
-0.33170543314467654
-0.7817909695303692
-0.4780873844154683
-0.38282585772936073
-0.7733530704840211
0.15747671720809417
0.33714527971317626
-0.2910124232521541
-0.7297936816385244
-0.6854769531795974
-0.5970888731767267
-0.43704535674814654
-0.37100086774787266
0.04778476962022143
-0.0385006447401365
0.1884584358562176
0.27717238929240834
0.7308388852614697
1.9004824242989167
-0.049822087063632316
0.7161130813402984
0.32365587893195996
-0.6998106498193862
0.29886860932840237
1.0293583025472
0.9145015472600458
-0.282131333224675
0.1577339721760184
-0.4495203968523037
-0.547472707310575
-0.5738263905348416
-0.682340286023523
-0.6562081641999952
-0.5559716776316967
-0.6456206792319348
-0.5792535738674431
-0.6769710177823
-0.3223504915564994
-0.29002512947909986
-0.6676279574714933
-0.7172681907710041
-0.6991387492013046
-0.21007136315231623
-0.24715311274548615
-0.5337675095544193
-0.5402724073467335
-0.6349953779932178
0.28506906644346075
0.3753537299089199
2.1794985597327234
2.4363044839678603
1.68340860567977
0.4917097856810327
-0.5101197691979371
-0.3981357874204262
-0.6078430379323574
-0.5034840471885986
-0.7065461697219798
-0.7319240638682135
-0.5282611660412718
-0.30519828136994553
-0.5104249065584652
-0.09929619042963848
-0.002635891306529321
0.6989956270735921
-0.3102200677596674
-0.40608721999159214
-0.48741316174724314
-0.6003050778393116
0.49917344627610466
1.0108584929803113
3.245502974204872
2.582370137722978
1.7926581699693303
-0.5618591167566972
0.17787415309875135
0.8269435057392114
0.499418962542467
-0.4055378841016324
-0.6811812182412909
-0.7421633155877515
-0.6021135464446123
-0.6690596876147722
-0.5168792224119148
-0.7340398839004547
-0.644180260614342
-0.4599118323896422
0.6177924194109936
0.7433229052723547
-0.5570252659070505
1.0925701686211768
-0.3672860596082546
-0.32428349977753596
-0.18620827737560405
-0.40023003526625395
-0.6552186104483356
-0.558256975428121
-0.46707853575219355
0.24954584625186946
-0.49911209273651985
-0.5433806821715952
-0.6248973019186916
-0.3903518951818868
-0.6417299862751489
-0.7737871857042193
-0.7618113050586308
-0.7139708841517919
-0.677323694080962
-0.7061487563316278
-0.6077017108525107
-0.5665109979451163
-0.446670272228428
-0.03987067049595309
-0.6056474322823426
-0.615515013818301
-0.5913306133423645
-0.6522543885787081
-0.6009537282994419
-0.7027881620387667
-0.7194428888927945
-0.6427130357830868
-0.03727519731163537
-0.6009346827505655
1.1956591218080428
1.3593589461578646
1.1724576423612467
-0.4548122173340461
-0.7898121382893767
-0.4817015929562688
-0.20541559152959854
-0.6983886575710093
-0.3807757649677342
-0.4888229412250924
-0.7167772846094965
-0.6538739740050433
-0.7515378006492404
-0.7799307509200593
-0.4928498737012411
-0.35985823594009303
-0.5068946543556303
1.2743354472043353
-0.3296421512369454
0.5617284680162006
0.6764749417590953
-0.36742981469622177
0.24034448010870296
-0.7095805484313339
-0.6388286749631782
-0.6781653320132135
-0.7157426212951448
-0.3417616571933076
-0.5225159181581356
-0.5987261161052571
-0.48704372196679846
0.7036101703762443
-0.6822345216932411
2.0174329101568476
2.943856126602293
-0.7664744700453626
-0.7354341422664917
-0.8295230493871372
-0.8469804780636138
-0.7992374301594719
-0.7975696403938726
-0.636560952089973
-0.3424081069505072
0.43242114524226843
-0.7307936799333589
-0.5776277157388766
-0.7852824458727425
-0.5606495899873354
-0.4389960837211684
-0.678833497310197
-0.6044661285767593
-0.635855079320089
-0.7417169723206175
-0.7351464489898328
-0.5254070744003428
-0.7274595525225889
-0.2324130371489275
-0.3158508716228283
-0.840612443618771
0.6384301593911633
0.6048471110663648
0.05545783980329401
-0.6859723959632089
-0.25352189692916866
-0.18333603685695465
-0.6104625554626081
-0.641608359824512
0.16604470668082869
0.7306473786828489
0.9865472386640367
1.1467702370051331
-0.04081108748308693
-0.6734735066786608
-0.4973062807001954
-0.10186918932996013
0.06394980967618848
-0.167556749987755
-0.5870981823566064
-0.4130733537367419
1.8631652227448816
1.8980124576941149
2.2473635956857843
-0.6096375533187832
0.1763063119546968
0.768388763577245
-0.014570721872704686
-0.7232256247563921
-0.7572310030404624
0.37840087408937095
-0.7538345534463053
-0.8809264724280221
0.7901295246907885
0.8913798709863295
1.0789812808238395
-0.7608305184113187
-0.7270290388293619
-0.8268092419613299
-0.7780043117235032
-0.6890167376465947
-0.2934938498752974
-0.6594062607091652
-0.6057287138352316
-0.06517167381176242
-0.37485664626938003
-0.4896886339970127
-0.6330669340826169
0.2495088164513995
1.032233036044961
0.5601558904019585
0.06526098856170066
-0.2729890087849712
0.41452161698553835
-0.5083330880129237
0.8598601696194774
1.8800090678709895
-0.30550121720884904
0.01607111468520601
-0.6259500603258941
-0.6712632374068392
-0.6431421414717132
-0.5218725311054484
-0.2380234392002225
-0.26598144840317034
-0.05780841046085893
-0.5055999948176648
-0.2998176965566539
0.5133477888695406
-0.5809565208233249
-0.7083696283113539
-0.6963164589646007
-0.7724045730768804
-0.7583368229524531
-0.2013044127847103
-0.2563320354153261
-0.37631102819835616
-0.6464133610312534
-0.7165960941096154
0.17160204832001202
2.650301016168569
2.3674848074245447
2.6732067897197314
-0.08555445374305139
-0.5350742723523977
0.09680193696560875
-0.5496167003596796
-0.4306158957035582
-0.5732090534912985
-0.3505469855608972
0.5692103507800512
0.5524326489012216
-0.04032152432131265
-0.6680303324242057
-0.6362579250095161
-0.5808327295208007
0.45122641926788404
0.28456225664496854
-0.7349103329500041
-0.23812909954797504
-0.35928017055173445
-0.35735578718565103
-0.7257833114304737
-0.10792236920282976
-0.1834670419506297
-0.49242424314817096
-0.5785093654650811
-0.5556711502043479
-0.141953708513293
-0.4631978237038135
-0.5250376689379637
-0.567196370262695
-0.5584006533025173
-0.2885686322812033
-0.6019593302326223
-0.46141986107388566
-0.5557926945260145
-0.4902329472032468
1.4003201299279415
-0.3045726283374077
2.11346335524281
1.558208131778276
-0.21629010858398087
-0.07575460244451399
-0.5641613634450159
-0.769180017802718
-0.6761206121441468
-0.10064559952048656
-0.41653046931092
-0.12491544283149364
-0.5479307720067634
-0.4520381011241523
-0.26011808972787154
0.09016414563052477
-0.5504194498049201
-0.48011840318642096
-0.010302500848892499
-0.09010194641320064
0.04568061850437318
-0.2757894364157505
0.10843529714609593
-0.5809139981244261
0.09944834419177338
-0.38952797610984174
-0.6595868645498156
-0.2346556578508767
-0.2861365576502501
-0.16295647554988077
-0.6937179844824071
-0.6459322283785194
0.4498526862220525
0.8430369327220868
-0.5415796248043269
1.4074570701879403
1.6298753597054323
0.6772350240238174
1.806474823075968
1.2799318706211997
-0.04552569796823279
-0.7671590249269385
-0.5509550093767863
-0.7050803175667422
-0.011330365192706348
-0.42174431847301863
2.576381092310017
2.4042838432556004
-0.6500450969889826
0.5667363140762415
0.8462132090583473
0.9218275877570945
-0.6500334430583968
-0.42156151108884704
0.06585764134872216
-0.19617296654368102
-0.6885272471237115
-0.13613116242825474
-0.15153199672184345
-0.037442974633666366
-0.7447100505887035
-0.783822590892728
-0.17929125352906886
-0.30424312260269004
-0.6833012591508237
-0.7048274904960158
-0.45029975589482396
0.06841615439445571
-0.5924698716866944
-0.6643524606136298
-0.6282705906575321
0.21263507691990832
4.221617456761197
5.232573163100686
5.391451791807986
4.831127410253746
1.993300835210498
-0.5109149967626988
-0.6943633960303289
-0.5301098999295994
-0.48706068888960313
-0.7318694663591784
-0.778024973249541
-0.56408333150145
-0.41825278636595337
-0.34314669422096644
-0.14180079289127062
-0.590453073937258
-0.40330535352720087
1.1778104921194807
-0.18860195585257308
-0.042660635308781794
-0.0860961249997731
-0.7177648742667193
-0.40949716863166985
0.07507665669183511
0.8775220023443726
0.6783777975811612
0.11155944939518025
-0.20901839616776507
-0.556615990348669
-0.3580437973650848
-0.7306280067033747
-0.48138540126690754
-0.6140696821185511
0.5165333707931505
0.4566018473080629
2.2533278007972877
3.3064737880236845
-0.550543478188284
-0.6028985535731416
-0.730671524861155
-0.7471233534238438
-0.30129957052317313
0.18049156132957025
-0.33692675954826246
0.943880987029348
0.6074409572969293
-0.3992807520099789
0.43220483769852946
-0.07188943975782919
-0.5119549072576829
-0.7027338430815238
-0.7332829672230006
-0.23973642411286777
0.505281919469741
0.19774288838767126
0.0495465220602367
-0.37254358119684244
-0.3368236372276586
-0.3461296272840497
-0.6383035644305801
-0.5969074629640012
-0.5502548796461889
-0.6208747376193823
-0.6241688716998933
-0.6401827870465084
-0.6902180261260201
0.15686302871122795
0.3255351685335121
1.0563543721146662
0.10650980106129902
0.19821379236285613
0.4225664862540061
0.19487960071974975
0.7391480229748447
0.01945220459794662
-0.5849138072628771
-0.08292303203949178
-0.11958299929422268
-0.1936053967270765
-0.07809713117492038
-0.32498051607450495
-0.500055631374585
3.279174350545279
3.607497837412181
3.9495248663396105
-0.20069616377557697
2.072205527308674
-0.5185594566186489
0.5174291582314998
-0.14177769015815261
-0.4063986751147538
-0.48989224004146176
0.14797986381562814
0.6046493632946105
-0.348577678489419
0.22812754835061647
-0.3612475888922913
0.23836668700353686
0.34135826662505714
-0.4442986088166864
-0.11391122055730621
0.2023932209312578
0.176139747318164
-0.22385845718408337
-0.30863387446820706
0.024940257773829518
0.5128755155855266
3.9125216603226125
0.6391613031600014
0.04533460833159655
0.24132027311718166
-0.45111541207906036
-0.5769340812698505
0.4183633966718674
0.8261485736465707
0.6769803744127147
-0.5817896580512713
-0.6570720979971204
