548
-0.153905
-0.0462367
-0.444742
-0.301928
-0.324586
-0.499693
-0.07193
-0.136819
0.166913
2.52736
0.694898
1.06186
0.828756
0.209258
-0.106531
-0.360022
0.32809
-0.29446
-0.423691
-0.34763
-0.264937
-0.404459
1.70514
0.624319
-0.193924
-0.301646
-0.41759
-0.5561
0.104468
0.642973
0.227214
0.627521
-0.258452
-0.340625
-0.552289
-0.1935
0.57141
1.14701
0.18973
1.59475
2.00248
2.74965
0.594501
2.41442
0.618028
0.544154
0.711164
-0.0309534
1.22011
2.44405
1.87992
1.79381
2.39876
1.68261
2.34499
0.915892
1.90906
0.722895
0.586757
0.128485
0.88155
1.8997
2.40354
0.537504
0.0100573
-0.121605
-0.0699251
-0.287792
1.08035
1.86787
1.86617
0.0812162
0.551305
-0.355968
0.259644
0.153487
-0.376269
-0.0445652
-0.250764
0.00191553
-0.192457
-0.280945
0.0325768
-0.135142
0.737759
1.97289
1.59498
0.370237
1.58594
2.5908
3.26956
3.1741
3.64195
2.31988
2.18851
0.411619
1.95472
2.0054
-0.0338241
-0.24993
-0.210356
2.02202
1.10048
0.381469
2.31754
-0.154217
0.395665
2.65481
3.74123
0.650985
1.84652
1.91805
1.14397
1.97788
0.299569
1.37912
0.266025
0.0830534
0.179991
0.780759
1.07668
-0.0324296
-0.293639
-0.125831
1.57866
0.567459
1.11852
1.14116
0.72081
0.0655162
1.67059
1.53519
2.77891
2.94235
0.753023
0.57486
1.3794
-0.0914866
-0.392045
-0.148394
-0.289804
-0.551187
-0.475106
0.282406
-0.477952
0.603603
0.660014
-0.076311
-0.528226
0.682121
0.297314
1.78568
0.598682
0.641953
1.28123
0.101688
0.26018
0.9239
1.03146
-0.198363
0.220401
0.261293
0.0724355
-0.0620902
1.653
0.555191
3.1147
0.152398
0.0892123
0.191128
0.95521
0.112959
-0.0251316
0.275158
1.69442
-0.080259
0.187609
0.179169
0.68322
0.023844
-0.563336
-0.233001
-0.190764
-0.166539
0.629548
0.39187
0.203607
0.0986107
0.770725
0.258703
0.646285
-0.146092
0.215237
0.0621404
-0.0459446
1.59746
1.57227
0.116653
0.0667589
0.596216
0.458299
0.730054
0.92052
-0.0208474
0.56242
0.606049
1.21234
0.810997
1.77769
-0.26447
-0.375713
-0.413456
-0.0481364
-0.416726
-0.37619
1.99088
0.457331
-0.00677134
0.275545
2.39375
0.631219
0.339627
0.0922341
0.970342
1.13012
1.17907
0.0556797
0.498147
0.47374
1.2969
2.7898
0.285341
0.0738905
0.154828
-0.174181
-0.0215128
-0.361668
0.254395
0.467619
0.379294
0.210658
0.558107
0.42405
0.982973
1.25174
0.845783
1.03866
0.300339
0.622743
0.939889
0.273791
-0.576422
0.0958252
0.711595
0.235324
0.121613
0.377765
-0.126278
0.173908
1.22774
1.36586
0.713924
0.380274
-0.246325
-0.240517
-0.0437834
0.61228
0.418365
1.39668
0.0948684
-0.137878
2.41372
3.45403
1.54293
1.66152
1.62487
0.0499682
-0.143329
-0.412113
1.15701
2.07923
0.756706
0.187621
0.307863
0.0568011
-0.341993
0.026685
1.12226
-0.33511
0.459599
0.0862248
1.28215
0.273589
0.165835
0.407617
0.19938
0.0587049
0.0508138
0.608093
1.48047
-0.29173
-0.108521
0.425661
0.0901633
0.270238
0.619133
-0.296702
0.495159
0.649883
-0.131774
0.594714
1.57807
0.884673
0.285975
0.0438049
-0.486301
-0.344673
0.7401
0.183309
0.184692
-0.302549
0.0733112
1.01134
0.144371
0.459206
2.47062
1.02088
0.0380201
3.56426
4.38271
1.15054
-0.228589
0.0626203
0.460824
-0.188539
-0.0823436
0.257815
-0.244599
-0.301553
0.464711
-0.00457017
-0.23776
0.681224
0.429874
2.18052
0.538508
-0.0369718
0.628585
1.15192
0.589328
0.71624
-0.0881796
0.0564755
-0.739124
0.317303
-0.513354
-0.018295
-0.0449716
2.17728
0.261541
0.310871
0.521553
-0.0254146
1.57062
-0.0641696
0.0234217
0.773785
0.219663
0.172054
0.352293
0.612077
0.105826
-0.0327958
0.486599
0.238477
1.73106
0.570213
0.14167
0.241397
0.29478
0.919702
1.03517
1.70358
0.711539
0.578772
1.60598
0.198193
0.139859
1.52623
1.16879
0.103639
-0.0878156
1.11151
-0.077521
-0.275209
0.00807639
-0.0713316
-0.303531
-0.2392
0.334936
-0.0436407
0.848675
0.629705
0.813181
0.137836
-0.0576568
-0.304013
1.5365
0.182743
-0.451647
-0.065031
-0.269262
-0.668915
1.72814
0.411072
0.0476834
-0.385231
-0.450166
0.561792
-0.435635
-0.000629588
3.56553
-0.289468
-0.330671
-0.199669
0.242089
-0.128381
-0.0421587
0.458396
-0.0187931
0.458483
0.0580574
0.536505
0.588169
1.02607
0.684377
0.802441
0.500357
1.55758
0.0883378
-0.0112135
0.416736
0.697551
-0.0624478
0.163325
0.332575
3.51602
0.754522
0.264794
-0.0113222
0.0105488
0.491758
0.680906
0.159803
2.51124
1.92621
0.197547
-0.236036
0.109523
0.155468
0.226711
1.18458
0.40925
0.880288
0.610644
0.160412
1.18938
2.37688
1.40935
1.6794
2.23846
1.79732
0.808147
0.535278
0.776766
0.805267
1.77145
0.46478
0.193364
0.27015
0.19832
0.115305
0.150174
1.81044
1.12707
2.40308
0.468184
1.69569
1.71608
1.05249
0.64142
-0.0629344
0.0703954
0.560054
-0.0572932
0.626172
0.162707
1.85841
1.96595
1.45765
0.758196
0.438011
0.0621725
0.469075
1.18579
0.227691
0.182992
3.87187
2.3172
0.631417
0.278657
0.453191
-0.0367509
0.491933
0.887121
1.32773
1.46105
1.80342
1.05348
0.494541
1.09794
2.39524
0.97243
1.37137
1.88455
2.12635
1.94613
1.13232
-0.0939592
0.364681
3.17648
1.08337
0.700945
0.0376703
1.63847
0.922207
1.08996
1.94415
0.807655
1.07549
1.18692
0.648118
0.768504
0.29486
0.634373
2.43329
0.401617
1.03283
