546
1.76301
1.35961
3.25322
0.134945
0.178442
1.70838
1.97842
1.94184
1.77065
2.07191
2.05128
1.13261
0.219086
3.34599
-0.0647168
0.051225
0.738163
0.5147
-0.574739
-0.532582
0.514807
0.5799
0.428667
0.187721
3.21878
0.514429
0.449889
0.203399
0.214765
0.431257
2.64033
2.96688
2.93304
-0.0197571
0.324523
2.77778
0.176632
0.0347902
-0.417788
-0.264314
1.55612
2.72463
2.95182
2.96991
1.06133
0.236369
2.76302
0.380548
0.259615
-0.295529
-0.358635
-0.57255
-0.345047
-0.237913
0.14287
-0.0908099
-0.287559
1.25132
-0.452755
-0.259101
-0.251115
-0.443388
0.38816
0.534911
0.577826
-0.545411
-0.492098
-0.319062
0.718297
0.0970189
0.203094
0.423331
0.8302
2.19792
2.53663
2.62028
0.545633
1.17592
1.23692
0.126117
1.17695
1.27966
1.27282
1.16821
1.01611
0.46813
0.378467
-0.0976836
-0.245482
-0.387834
0.238469
-0.265237
-0.261984
-0.590595
0.0787257
0.200602
0.0711112
-0.217102
-0.495103
0.174611
0.589663
0.151616
0.452822
-0.0264625
1.01757
2.1529
2.95171
2.88463
2.74744
1.15548
0.503204
0.447394
1.44249
0.286746
-0.144917
0.0333564
-0.0152466
0.0798798
-0.16214
0.12065
0.426261
1.10547
0.760916
0.638007
0.356531
-0.00655288
0.888012
1.04642
1.66885
1.13656
1.0177
-0.0148609
0.841446
1.10717
1.07417
0.525415
-0.387213
-0.0891026
-0.0501119
-0.0815935
-0.0251338
-0.314737
-0.0938492
0.220707
2.36831
2.68042
0.308281
2.63124
0.571532
0.0466227
0.344935
-0.307275
-0.36661
-0.384546
-0.293785
0.485266
0.0243997
0.317384
0.226551
0.173781
0.00410478
-0.0853816
-0.290435
-0.218715
-0.125075
-0.265147
-0.236428
-0.249138
0.24293
0.210638
-0.078044
-0.0476624
-0.24278
-0.209709
0.0886195
-0.140711
0.00371206
0.171435
1.34881
0.118338
2.50486
2.8043
2.80121
0.00276675
-0.184173
0.0654204
0.244445
0.339155
0.244468
0.0648598
-0.112324
-0.164153
-0.0323761
-0.352546
0.165208
0.363401
0.355506
0.930552
-0.13182
0.413467
0.551876
0.11664
0.318022
-0.431786
-0.516103
-0.445959
-0.390112
-0.498858
-0.383357
-0.472712
-0.261199
1.31377
0.231064
1.46765
1.65284
-0.557429
-0.472509
-0.627684
-0.656287
-0.726313
-0.499811
-0.429778
-0.420231
2.19071
0.301338
-0.448071
-0.568387
-0.350566
-0.376992
-0.480451
-0.430352
-0.535786
-0.47017
-0.611471
-0.476626
0.179736
0.0706694
0.164214
-0.747177
0.550799
0.573869
0.316379
-0.485646
0.142992
0.0743988
-0.00541679
-0.0245929
1.68651
2.53349
2.6136
2.24628
0.220821
-0.312209
-0.230552
-0.150346
-0.0434032
-0.101112
-0.00545933
-0.183683
1.6657
1.44915
1.50427
-0.326581
0.348253
0.473528
0.412002
-0.56051
-0.429963
0.979137
-0.671348
-0.707422
0.546018
0.856596
1.20038
-0.506337
-0.534974
-0.753127
-0.572341
-0.610327
1.41107
-0.402393
-0.457455
-0.228813
-0.145871
-0.282148
-0.245887
1.07049
1.13147
1.00202
0.773668
1.31047
1.34714
1.57419
1.75629
1.5198
-0.204319
-0.0189033
-0.351617
-0.24734
-0.259305
-0.123972
1.18325
0.0919904
-0.100943
-0.299201
-0.122077
0.449628
-0.00561607
-0.358444
-0.439271
-0.434149
-0.357726
1.82756
-0.331727
-0.182352
-0.383897
-0.388311
0.964471
2.68141
3.00047
2.98393
1.87477
0.391596
2.21471
0.0643544
-0.0363561
-0.442106
-0.329638
0.296775
0.450736
0.387376
-0.666144
-0.557129
-0.519221
2.10831
2.31621
-0.401461
0.00102058
0.138427
0.23545
-0.447813
-0.0947601
-0.0511542
-0.175926
-0.32131
-0.359538
1.90902
-0.403246
-0.323803
-0.272674
-0.210229
-0.190986
-0.379461
-0.466433
-0.398661
-0.341246
2.09984
0.794553
2.42657
2.45806
-0.146574
-0.212907
-0.569161
-0.461124
-0.478422
0.0998157
-0.0079139
0.289581
0.472532
-0.313571
-0.377229
-0.244037
-0.561658
-0.458012
-0.00781041
0.197226
0.317806
0.112346
0.196811
0.354021
-0.164216
-0.170513
-0.381245
0.113179
0.267152
0.339383
-0.528704
-0.549337
1.30575
2.24336
0.345155
2.53711
2.5297
1.31071
1.62199
1.32392
0.401902
-0.412597
0.047462
-0.190597
1.51647
0.199904
2.00066
2.22975
-0.413629
0.580145
0.805217
0.809667
-0.383702
-0.278214
-0.0270878
-0.0955141
-0.149843
-0.0213288
0.0270025
0.240758
-0.271684
-0.252839
0.0546624
0.225033
-0.370775
-0.287563
-0.348036
0.203212
-0.318321
-0.255071
-0.176985
1.57092
2.19233
2.48528
1.66727
1.83519
1.31407
-0.292041
0.0521162
-0.268825
-0.222875
-0.457162
-0.485646
-0.415455
-0.284615
-0.197696
-0.0464283
-0.320133
-0.119945
2.49363
0.338739
-0.0084645
0.124266
-0.390362
-0.288168
-0.0955854
0.790923
0.579422
0.681259
-0.0459243
-0.289456
0.0696632
-0.250014
-0.35919
-0.317426
0.840926
1.55801
1.94157
1.85415
0.181744
0.0703096
-0.565018
-0.436692
-0.195191
-0.000524268
-0.232243
0.585863
0.557363
0.446732
0.558085
0.656016
0.0785027
-0.0607719
-0.353721
0.421314
0.748217
0.56044
0.566532
0.621589
0.76059
0.55558
-0.0788639
-0.383596
-0.327002
-0.213696
-0.242907
-0.245669
-0.469745
0.297325
0.345963
0.958814
0.411004
0.764319
1.09416
1.04736
1.20203
1.92593
-0.0684631
0.208766
0.535491
1.75007
1.93751
1.83548
1.23898
2.62633
3.10309
3.22794
1.93755
2.85221
1.3979
1.2553
0.901055
0.244283
0.0515697
1.36847
1.87775
1.67205
1.12341
1.61126
1.01049
1.27453
1.26448
1.28556
1.24305
1.32257
1.24096
1.27209
2.00192
2.16628
2.78529
2.29935
1.26653
1.11999
0.423901
0.247335
1.70846
2.26406
2.19207
0.360647
0.193921
