546
0.19858
-0.24982
2.16902
0.366858
-0.102662
0.709446
0.995232
0.242277
0.762877
0.633171
0.677298
0.141531
0.0307329
1.82652
-0.0229548
-0.169393
0.45601
1.12028
0.769675
1.25588
1.4377
1.22978
1.06429
0.0916031
1.46377
0.504372
0.0646499
-0.46202
0.340155
1.10478
2.01791
2.90045
1.47066
0.769483
0.0128329
0.624525
1.23586
0.674569
0.58913
0.325801
1.01885
2.39593
2.67986
1.34282
0.233035
-0.55617
0.674737
0.105534
0.0405804
-0.468016
0.0509708
-0.456615
0.237054
1.11936
1.51457
0.718728
0.875842
-0.282875
1.44951
0.931238
0.44589
0.0917611
0.835987
0.72074
0.752402
-0.381521
-0.0963462
-0.0807397
-0.634572
1.0356
0.772014
1.26
0.349219
1.27071
1.10499
1.76515
0.851265
1.40524
0.98452
-0.437675
0.923034
0.999589
1.09449
0.667925
-0.314139
0.264356
0.45251
0.297925
0.0352061
-0.160328
-0.0654785
-0.136484
0.642539
0.505137
2.16692
1.35534
0.763939
0.274895
0.819345
1.42466
1.17234
0.332188
0.952883
-0.0947376
0.838805
2.18776
3.1545
2.32209
1.40027
0.482034
-0.299401
-0.35713
0.307505
0.876068
-0.813313
-0.381315
0.233604
0.21785
0.345354
0.755457
1.48416
1.00293
1.69538
0.275398
1.30162
-0.122454
0.420795
0.732639
1.49576
1.95439
2.04244
1.56254
-0.349175
0.319107
1.13923
0.444454
0.360274
0.838988
0.761329
0.336418
0.631879
-0.0171645
0.608146
0.587717
1.71235
1.61068
-0.0321318
1.2972
1.02208
0.0551403
0.24065
-0.500031
-0.669048
-0.0992089
1.14038
1.42171
2.0358
0.817026
1.86832
1.34472
1.50431
1.09207
1.4392
-0.202101
0.198657
0.160759
0.389329
0.362341
0.490723
1.2707
1.53801
0.845761
0.443366
0.582232
0.768987
-0.0450909
0.747123
1.5433
2.11275
0.537034
2.70477
2.56245
1.31485
0.805885
-0.596786
-0.155529
0.115951
0.873273
0.0712065
0.384188
0.816307
-0.165153
0.630573
-0.299424
0.757113
1.51597
1.78525
1.58052
0.386711
0.785842
0.852457
0.697025
1.22583
0.251524
0.412771
0.546032
0.572086
0.715457
-0.0460619
-0.277343
0.712068
1.60257
1.73082
2.26581
1.00036
0.648572
0.0495239
-0.0218684
0.00778941
-0.240115
-0.112695
0.444924
0.363887
0.950698
0.65823
0.416376
-0.0753303
1.1513
1.99265
2.1509
0.596087
-0.756284
-0.291003
0.323301
0.911197
0.31439
1.78322
1.28372
0.216634
1.33916
1.15247
1.46222
0.463297
0.347494
1.79146
2.04443
-0.538613
1.95544
1.76745
1.32016
1.00209
0.448857
-0.814474
-0.0421915
0.214985
0.329329
0.750697
0.241265
-0.00270872
1.85859
2.48437
1.36343
0.313069
0.286442
0.476447
1.09146
0.108044
0.69068
1.49743
0.294511
0.575441
1.12113
1.55894
1.07828
0.453002
0.474166
0.40618
0.500237
-0.408823
2.46656
0.278148
0.43809
1.04698
1.12093
0.679805
1.28853
1.4053
1.97389
1.04486
1.16189
1.674
0.965668
1.88003
1.47413
0.894299
0.812731
0.256558
0.632158
0.316685
-0.821963
0.622093
1.123
0.709525
1.60064
0.111331
1.39891
1.3219
1.76492
0.0441561
0.438952
0.738429
0.981463
1.33563
1.1403
1.14437
1.0291
2.12488
2.33612
3.22782
2.84525
1.7294
0.584705
-0.461711
1.62318
-0.279728
-0.254701
-0.532354
-0.513243
0.573888
0.886058
1.13182
-0.367139
-0.115262
0.593434
0.76765
1.36722
0.759969
0.646821
0.112544
0.510091
0.155503
1.34939
1.34357
0.713675
-0.0256672
0.465512
1.08606
1.0557
0.335296
0.443864
0.919166
0.0781918
-0.657824
-0.575233
0.415413
1.21896
3.49705
0.692943
2.69081
1.97583
0.666895
0.828547
0.875702
1.02974
0.566075
0.402884
0.136086
1.14112
0.0637982
1.61054
1.59614
0.218119
0.109406
0.536095
0.123616
0.0480641
0.0786422
0.987436
0.689064
0.0931435
1.01969
1.21315
1.62305
1.62437
1.39111
0.231253
0.320087
0.0481498
1.47389
2.45745
0.1979
2.78462
1.50337
1.59163
1.59277
1.18745
-0.434188
-0.715851
-0.165297
0.208663
1.21786
0.382062
1.40693
1.19042
-0.0981756
0.415709
0.645921
1.21177
0.546418
0.617207
0.319619
0.435587
0.325202
0.636343
0.765294
-0.0705761
0.379642
-0.0505735
0.630428
0.184679
0.577992
0.135874
0.295772
1.33145
0.599431
1.50189
1.62813
3.12454
1.82384
1.83217
0.825393
0.841183
1.29477
0.985544
2.56572
-0.187546
0.598208
0.942828
0.331776
0.536658
0.903162
0.0961676
0.639019
0.228247
0.434859
1.48709
1.26612
0.981037
1.08853
1.56726
0.324614
0.161946
0.684465
1.29538
1.61351
0.237675
0.401907
0.982452
0.625698
0.904578
1.11212
1.7916
2.64855
1.84193
1.91115
1.05829
-0.00278166
0.529792
0.838721
0.148054
0.143598
0.891017
0.461619
1.02946
1.27825
0.339052
0.746363
0.762739
0.768282
1.0372
1.21752
0.938488
1.19135
1.41258
1.32429
0.652263
0.586012
0.282324
-0.0675173
0.264312
0.614416
0.738775
0.371383
-0.53009
1.17934
1.74855
1.80555
0.424628
1.12794
1.88994
0.618957
0.82701
0.947959
-0.630262
0.133736
0.62401
0.997229
0.372744
0.980546
0.314693
1.41042
1.49108
1.17425
0.812324
1.00126
0.16487
-0.194103
-0.268104
-0.444493
-0.185033
0.340462
0.737427
1.6839
0.338769
-0.0749379
0.515193
0.679245
0.246162
0.334666
0.53387
0.669951
0.312159
0.152948
1.04833
1.39843
1.8132
1.34775
0.58154
0.512574
0.118044
0.0622005
1.37865
1.57676
1.77129
0.0947146
-0.453432
