539
0.2076150942201942
-0.05630954483103945
-0.08165883679519823
0.7242448084840513
1.065616057567225
0.730381448832972
1.0444742754263179
1.0763145790384447
0.6411155742808361
0.08529305106093112
0.3871100105445976
0.44922672448753975
-0.7450854614444075
-0.21601526687687123
-0.8816968284064659
-1.0722888466303995
-1.0686086039299867
-1.0801068818815593
-1.3389711586735265
-1.110691371392043
-1.3709007311221515
-1.4777256612379144
-1.2139090301902267
-1.1477835000042058
-0.6444294867040693
-1.009478400015709
-1.1896558398156158
-0.5889425604032503
-0.1489362599517023
-0.004379665428616681
0.47836637464908804
0.9054606146036485
-0.22980496765371317
-0.19185247021649351
0.22704875814566156
-1.1113373220028242
0.3646905452098956
0.11366754299543709
-0.11584473532498898
-0.5776857285343572
-0.27169197921620325
-0.20568919997673463
-0.7308035998700048
-0.7307927658398041
-0.9060234725242186
-0.6444642666182675
-0.9159436319746962
-0.5971533830567214
-0.7227553294087444
-0.4105224807581334
-0.2799134890366431
-0.14447635087618527
0.9653314144489168
1.0382459939509092
2.212155239245728
1.842443644347311
2.0921134128009724
-0.9892695468409514
2.00151413383034
0.2505674237361908
-0.29517008290844976
-0.5758212455409248
-0.6794448281652792
-0.7108556086833916
-0.9181421714649146
0.24772151568960862
0.4310997745303477
0.19956137914311867
-1.0078610173492208
0.4032565930724844
0.8603492780307993
0.33519230209454054
0.38002257904563685
0.4383044040704981
0.2555800387662214
-0.09354890493229914
-1.1201019073871072
-1.2957747808493805
-1.1947476005853697
-1.1845352625124865
-0.9694036913793848
-1.2147128961989762
-0.7218201621298499
-0.10426948262191656
0.11266228859959589
-0.01507507968853617
-0.43896253426582166
-0.2788028792389225
-0.2058493357629762
0.2170421805329513
-1.2562333126522625
0.19952691738494382
0.07209438245350232
0.01012653487603028
-0.4571328759561469
-0.5951335269372319
-0.38189778844699873
-0.07901542420218817
-0.21275613195975612
-0.06208181057846698
0.9853867953225645
-0.4299622244863619
0.3392602124203972
0.8784974089007448
0.8348582189781537
2.1801545846607455
1.904617313095394
1.5320962691858342
1.1303529516711095
0.8703659959917058
0.18397121540147507
1.5212828098289688
0.00203461584961073
-0.5235853049793495
1.0757931022861953
0.009472360262831561
-0.023451036409803002
-0.4722402357447697
-0.5680264199060988
-0.25008858687082863
-0.2112092522989785
1.561540076324192
0.8158481315483609
-0.3102965298667785
-0.30846904066758046
-0.20626668971744316
0.2178090802511672
0.40264916029765374
0.3671272205355596
0.4707316351557378
0.7614476631648994
-0.2675069234102881
-0.9892979905362385
-0.9659036778700756
0.4561810015402106
0.06830386984000231
0.4463632808873459
0.726170994213092
0.938280716591718
1.268420871351419
1.6927029800387878
1.4574259045156108
1.187958014357511
1.7082829346601818
1.480381950964576
-0.0831245353522409
0.030412548264253048
-0.42103548393704715
0.0880407707977152
-0.5371603138134416
-0.5239286294117851
-1.4075870958388081
-1.003694191838555
-1.032453553645284
-0.8752575098968942
-0.8036067928715771
-0.9979920530246303
-0.22670255074041828
-0.5003003442302466
-0.5512283219416182
-0.15028230569984274
0.049416112329290336
-0.31988925903262
-0.746436302393467
-0.6701579909196222
-0.671914700561475
-0.32859636354371785
-0.3608037183506485
-0.38131760525605496
-0.6999338282368736
0.329024094155074
0.11401906490961959
0.24187107220538523
0.18884075244131932
0.052096754934648395
0.13251034758665473
-0.01196671798792626
-0.1096676110057723
-0.23772119417976056
0.3601348676831806
0.030353449299368566
-0.767259751926052
-0.5796344719555838
-0.8765946016951165
-0.8045429703093385
-0.953398807357354
-0.6602743554178975
-0.4975569495338511
-0.8974371678769962
-0.8872112430243209
0.9608104503083353
-1.053028548763194
-0.19221144290884454
-0.2640073113103892
-0.5526829068738041
-0.0864011876297692
-0.08163219913908962
-0.3305640687752117
-0.1594368499399561
-0.43189982830720963
-0.3461667373251703
0.9630310153957838
-0.5405944049167436
-0.9946241361722694
0.3966511016257219
0.4461239429434056
0.07599868637938752
0.27951434462852826
0.009726378980601146
-0.2004013560793191
-0.29357234161879253
-0.21540703845793865
0.4349605552529659
-0.20756947994248556
-0.5562313418148587
-1.2065818769957268
-1.040319221294683
-1.0607878483498347
-0.5999618745861277
-0.3423909174823986
-0.29551029591748446
-0.3528839486496379
-0.2573367520313971
0.3123937787778841
0.16557095632680807
-0.5485798042788196
0.13527297216155
0.6587340054760868
-0.3701391093393236
-0.2798876129869396
-0.8712226364683727
-1.0623698417582825
-0.8290147103850414
-0.5455269944343428
-0.9586473772763017
1.0152264651645284
-0.9367831800803792
-0.9867629636516998
-0.864031162029212
0.19740205384526263
0.1873825284033295
0.2422791562552695
0.7328504926408059
0.6826710281661562
0.11268637059889211
0.04326940275133085
0.7803987615747278
-0.5283209258144801
-0.6547440274064131
-0.6984943045418851
-1.2251905762410842
-0.8716164010245712
-0.8121008841430881
-1.0503644719979064
-1.1256407629969278
-1.0786319608706116
-0.9014292930911589
1.1606040665031
-0.4095202907638723
0.06766989695696858
0.214948844090855
0.8125722763598869
0.40745992600491693
1.0656510355872888
1.71916730345932
1.7029488524162957
2.169874006367517
1.7505701512582372
0.5938375444510655
1.4426585779836636
0.5700173749418388
-0.08669390413770835
-0.06253931355982081
-0.594363115341209
-1.130481449269548
-1.255542964493437
-1.1996512856916786
-1.4406279407544607
-0.3509430084537123
0.9921555063648827
-0.08936220865533145
0.031202743830105857
0.12175734188266917
0.13392764048761818
0.9276103280507831
0.9795772339877017
0.9205776941314479
1.5084501445394582
0.658057281472261
0.12117724883884988
0.19832359723162302
-0.42574835797493454
-0.039469762718149504
0.9504002571646295
0.9246494031316675
0.3316724523601764
-0.07002564003025326
-0.312818667145736
-0.3478340715099263
-0.2161536756305995
0.2034567178883456
-0.271274805052891
0.0763530059712334
0.27945036531693035
-0.16953573683708376
0.6880473750949148
0.7904645389670772
1.1798805785155715
0.5487810872343172
0.5040372150849127
0.7542103100609805
0.8127374196977036
-0.4251876718924822
1.28411877834134
-0.020289528032829882
0.3947272455865711
0.11603512183803234
0.2843055345225266
0.18275142854243856
-0.8323182690232286
-0.6671869028504148
-0.7702086959484908
-1.1411954070102335
-0.4487874162790862
-0.9871420200788843
-1.0735780296441653
-0.9281077122526401
-0.9240128774474144
-0.6724084538426606
-0.9922388856095845
-0.6040964636038243
-1.03758856976265
0.6449519739639192
2.1097953530087796
0.4373713704497281
-0.6991599425961329
2.180882458277748
1.7005029630161492
1.4295352211363215
0.9870268909256685
0.9675312011851606
0.6232457588278398
0.3808841368032906
0.39748106791563004
-0.8956550557101065
-1.273407336094478
-0.8204452641770161
-1.1711105198744496
-0.6318690216306291
0.8670725238819117
0.8274031299721316
0.7336561924655282
0.6993016970479451
0.5136677574659116
0.26437498350314603
0.31588680533572816
0.7449266289235382
-1.30550190601737
0.26790653868373554
-0.7978977404325863
-1.0600898051945782
-1.3978580918376835
-1.1797951315758708
-1.0371492684573602
-0.966708755622007
-0.7675762207039026
-0.6781653058351113
-0.01246578577446783
-1.3710740888722746
-0.08799633305763553
-0.011663758114364492
-0.33792012320059434
-0.4033074228557144
-0.7403548474558562
-0.6187387500390277
-0.5987060744139315
-0.5745879937674858
-0.7465101844169244
-1.287399576245204
-1.2700837145739468
-1.3143159662544517
-0.56633396986518
-0.1893209623099507
-0.19496272507584092
0.43530475607813607
2.4380854487232506
2.919494507168256
3.2847470503201737
2.8016651962660415
2.895567873843926
-1.2379479211946218
2.470215286170867
0.8844921295219388
-0.22627431144201077
-0.041155805345177
-0.5201094390438965
-1.43622450722425
-1.3551619682273337
-1.1244222381680393
-0.7224643615357713
-0.35068072652124327
-1.0845622055519988
-0.26262063074234204
0.07750700084041648
1.025855341105948
0.7116462888149773
0.6848026415990937
0.8614059037101045
0.23818016407981252
0.41387734849977
0.1509827945751966
0.08374956499787994
-1.1344705892022564
0.6199944858067115
0.34102096026346324
-0.47107442048935944
-0.4448395816774119
0.4567764789803097
0.4800218044853712
2.5883705207561607
2.7192460593945342
3.4535213726998077
3.448817217512154
-1.0109012782587128
2.990467506576752
3.3986244725547583
1.9541785330372887
1.1951993047362042
0.11475547781303012
-0.13132367238074838
-0.902132884966699
-1.284707249297207
-1.1537189229505258
-1.2940073433296113
-0.9619040675555945
-1.166987433026755
-0.8327401303263067
-0.8414357245860167
-0.8897376311947344
-1.0722613847794684
-1.0730087514279116
-1.136907154423209
-1.0606292133666817
-0.6713138920737176
-0.4910372764349865
0.04320826077990378
-1.099906351995549
-0.4136488429709024
-0.3233761682965178
-0.31427306064215976
-0.48545027067350294
-0.42256441860933974
-0.20030880467339954
-0.24071167868555182
-0.31459190313553337
-0.8779254660943797
-1.1812501175276728
-0.7732112760727607
-1.3302527116668414
-1.2301136473026235
-1.0296169729449725
-1.1746229408485336
-1.1375113579745406
-1.1012175923360157
-0.5976974394410954
-0.20723391875393848
-0.057487189930122466
0.5381495542057412
-1.3824579606036926
0.8345565103698876
2.051053344600777
2.5636562062469297
2.5242263739832485
2.2809553716482402
2.699227150294455
1.4234091682027632
1.688221615884126
1.3555394092186075
0.8573350075730523
-1.3837645371354135
0.33347744738172314
-0.12257995352812641
-0.34748578847772343
-0.8203634046559074
-0.8871261933463106
-1.0167094972514674
-0.17781975169967207
0.054390229447719735
-0.3154130698866731
-1.2618737350837304
-0.9366373317684512
-0.8663125555687426
-0.5572444204382779
1.098019520323413
0.8061181104795418
0.325454606552776
1.398740734305455
2.2541207148587237
2.4577393934455
3.5765102307488266
3.4891916082541785
2.368425260802815
2.269561235707767
1.417587687759007
0.11077307427166436
-0.14523603509736266
0.34617633810134774
-0.5997171148501981
-0.7873935516401732
-0.9443709123434934
-1.3592682837512637
-1.207876410757963
-1.4121802608825356
-1.4036393291107159
-1.2964618539407622
-1.031318575200023
-0.5711931041026385
0.6584490939529445
-0.12860393221725536
0.1954418698391341
0.7580637823588942
1.3785409273525513
0.8724812791090344
1.3079514162167087
2.061998964339586
1.0915719433078481
1.167813377783877
0.5854970874147213
0.2086417904809301
0.010279031806666294
-0.4603991318160896
-0.8710561304771419
-1.3449602987136202
-1.1213596393750753
-0.4976378588874893
-0.010158838402396946
-0.06302885001427064
-0.16181803127532227
0.39330221429972323
