182
0.15693888944389436
-0.2621670175587187
0.09924498585944551
-0.695810446379199
-0.25698366700982533
-0.9191932749888854
-0.6620413282597899
-0.7333339303655345
-1.0772604620298174
-0.9917915826611522
-0.595942804491511
-0.7824678659269341
-0.807349346797449
0.7083168756830754
1.0249754858520745
-1.0601844555579756
-1.1176113871762698
-0.9100534770577902
1.6542533457725999
-0.7643259549298189
-0.6856614237040471
2.1002932522484925
-0.6518329829082646
-0.21164659537657274
1.7194298374474253
-0.8401621947878348
0.7994330987077463
-0.29693574420761304
0.15530276647113625
-0.32425749966205664
-0.5795348630197358
-0.19981575458774992
-0.3799541758151508
-0.06353128453855675
-0.08960333431019858
0.7716475314795475
-0.2020032245310947
-0.3507310495112805
-0.44106457342794014
0.14041954526100292
0.06685473548158707
0.36048162481714796
-0.45265445854569664
2.928080944693789
0.85786758757638
1.5301638510804678
0.19533478422193845
-0.11811446287819394
-0.5370334708633488
-0.009732194460787984
0.09835380459176886
-0.017996223986554257
-0.2961813160616332
-0.3427643423638195
0.20838284308788008
0.14169028009884355
0.14158873739285213
0.42664965814866923
0.33414638024859056
1.3738097837282433
0.5141285982651973
0.669408063567989
0.6187819522568556
1.9915497385034444
1.5549410361421019
0.5728763761909291
1.6529515681133544
1.5778576244732754
-0.24808344838791901
-0.35108595439226464
0.14890894801693147
0.9657757696191076
0.03683894185665353
-0.5810748001539086
1.414727814750786
-0.10782791413027414
2.327686501729555
2.467484468627416
3.4495271533892486
0.17831685868224068
0.5235807603049217
-0.4113729147563289
-0.01253090691612223
-0.11170078943577774
1.0569727982427224
0.41014327393715216
0.7903673012264508
1.0463530991426433
1.9311652941029889
1.1663074720945985
-0.3496020729290221
0.3037903634891209
0.09766624180127091
-0.7599058120206409
-0.1804349911815108
-0.2852158337002834
-0.2117579408387264
-0.11434635734429192
-0.014865412914121164
-0.7831672439454618
-0.11830999125650869
-0.7930629677289844
0.200518169211337
-0.49007137324899747
1.5266050741837285
0.2035497941972191
-0.8664429571536921
-1.0115621358757452
-0.9313627829499554
2.3637697519193632
1.135398888301627
-0.01676250272315719
-0.17627240957359208
-0.7534129711254136
-0.011351645891182018
-1.3303906360793312
0.9546822852486633
-0.6884321777367949
-0.785933504369185
-0.2919841404057529
-1.0834168403415512
-1.117980436310819
-1.1332780439986052
-0.4093056490361076
-1.1469811367079872
-0.6611341194483359
-0.9515609586054125
-0.18658902160573104
1.7449590052006627
0.31931468767245585
-0.8114664086472934
-1.0846218401340564
3.8942301205108363
-0.2683028009065568
-0.7015244226269918
-0.45723745327995174
-0.600743121902175
-0.35494259589576527
0.27188899486420287
-0.9124514559399283
-1.2315724673916797
-1.045975763375592
1.7064426442858713
-0.7283580805703114
-0.9124883237272605
-0.7080452674441848
-1.0938147212287546
-0.325546426300917
-0.8928363867819135
-0.35769081186290885
-1.117611044930399
-0.2958675811529025
-0.7305591103654677
-0.5039620009726887
-0.4402025792204776
3.4477799632132657
1.5097701194009603
-0.4360212132971415
-0.8842384255660287
-0.8532807853533187
0.6232444209389414
-0.2808662681989845
-0.7775128024056331
-0.7499335318355723
-0.8436683453229724
-1.018872358321516
-0.5899184233062207
-0.8319773741274696
-0.722241205314399
-0.05096002050068082
-0.8914572801092133
-0.27185852178903025
-0.879122160271376
-0.3859830156047752
-1.0811962938671906
-0.09183128774201638
-0.9924513571317367
0.057234956247987794
2.689676531540696
-0.5158885581732964
-0.16980662474260208
-1.0096285712617221
