546
1.24224
1.16239
0.0210503
-0.558355
-0.506192
1.41874
1.47294
1.56816
-0.28331
2.11017
2.18279
2.18442
-0.575542
-0.115403
-0.567581
-0.590059
0.240438
-0.0264492
0.000457529
-0.480704
-0.229628
-0.103402
-0.108762
-0.252168
-0.364367
-0.473509
-0.394944
-0.492697
-0.277303
-0.340436
-0.454796
-0.520941
-0.753812
-0.629341
-0.597077
-0.123671
0.123408
0.0238777
0.172113
0.376644
0.733365
0.682786
0.626655
-0.0635164
-0.357784
-0.628141
0.486147
-0.354607
-0.426685
-0.458093
-0.375192
-0.293818
-0.24786
-0.247333
-0.526088
-0.212424
-0.594846
0.38367
-0.47594
0.0660337
0.0818207
0.331647
0.182178
0.137942
-0.501142
-0.299343
-0.546021
-0.450082
0.538484
-0.690233
-0.308782
-0.197705
-0.108462
0.595718
0.599096
0.549312
-0.280112
1.1346
1.32575
-0.0820377
0.738652
-2.16012e-05
0.30696
0.23731
0.424443
1.82197
2.78452
2.86452
2.76735
2.49917
-0.570109
1.6345
1.34791
0.591213
0.82855
0.131192
0.20216
-0.263856
-0.623867
0.850348
1.76468
-0.43011
1.68766
1.58814
0.658226
0.460454
0.0388717
0.0316358
1.17204
3.28603
3.21526
3.23795
-0.209636
-0.324569
2.52237
1.33381
1.57848
1.68815
1.65702
1.3656
1.26007
1.24008
1.39112
0.957501
-0.0650036
-0.542521
-0.632241
-0.601255
0.714466
1.15468
1.26392
1.17579
1.74731
1.73061
1.56026
0.268192
-0.0657921
-0.0971874
0.344664
0.862901
0.907253
0.907105
0.871928
1.16465
1.60202
1.49462
2.68961
1.56858
1.23613
1.29516
0.734724
0.536689
0.0924471
0.10592
-0.0238929
0.524872
0.836882
2.73232
0.743075
0.819179
0.574056
-0.238803
-0.148933
-0.786835
-0.454722
-0.521835
0.0985146
-0.0395004
2.57011
-0.0632236
-0.258999
2.93962
2.91063
2.75346
0.308533
0.151793
0.422281
0.559815
0.689348
0.93029
0.384762
0.263242
0.213265
0.135038
0.0979877
-0.291419
-0.61911
-0.714328
-0.361073
-0.446148
0.223728
-0.26619
-0.262758
0.209456
2.33865
2.32665
2.23794
1.22254
0.695915
1.42516
1.24837
0.381705
1.2496
0.187401
-0.100923
0.0689536
-0.474537
-0.20307
-0.295195
-0.0082079
-0.137811
0.343739
-0.435766
0.111707
0.184215
-0.0343077
0.203836
0.0941848
0.0701456
0.045901
-0.0739092
0.00411025
-0.512381
-0.39403
-0.599435
-0.199314
-0.266051
0.0716668
-0.13821
0.10743
0.168142
0.241564
0.0740271
-0.563198
-0.470421
-0.539283
-0.463532
-0.207661
0.233533
0.346244
0.420373
0.176282
0.180448
-0.0151202
0.617747
0.568103
-0.518545
0.41858
0.287176
0.827204
0.81656
1.2108
0.79676
0.840682
0.251876
0.207033
-0.00223915
-0.507127
0.0440808
-0.204403
-0.0380513
-0.50034
-0.594327
-0.530108
-0.570895
1.81785
1.82264
1.73841
1.38831
0.664045
0.546746
1.54807
1.57699
1.51186
0.358662
0.408356
-0.113679
-0.346331
-0.367273
1.34443
-0.595337
-0.210802
-0.254627
-0.0772234
-0.338968
-0.149339
0.704947
0.660026
0.670694
-0.179853
1.20669
-0.427369
2.03295
2.10975
1.98141
0.737307
0.000151298
-0.315081
-0.44477
-0.301041
-0.242285
0.723662
-0.189234
0.499323
0.838855
1.4471
2.18428
2.08339
1.98433
0.160509
-0.202224
0.229274
0.50763
-0.0402056
0.0385204
-0.232555
0.729035
1.49031
1.70395
1.8551
1.5748
1.42314
0.682939
1.47532
0.835536
0.407211
-0.557064
-0.490629
-0.491617
-0.241118
-0.347173
-0.136134
0.132509
0.175239
-0.509979
1.20923
0.0195134
0.149772
0.0983134
0.0533428
-0.124825
-0.58564
0.687023
0.674193
0.597821
-0.60687
1.18268
-0.456693
-0.500318
-0.299214
-0.341858
0.049426
0.0786
0.34179
0.202258
0.687955
0.750087
-0.286285
0.621713
0.752158
-0.068425
-0.226677
-0.152684
-0.442698
-0.447265
-0.382253
-0.290617
-0.177305
-0.621462
-0.358014
-0.383838
-0.444098
-0.552455
0.207431
0.346962
0.310845
0.135567
-0.353943
-0.0228114
0.265952
-0.243306
0.0127914
0.246641
0.243798
-0.0176252
-0.421707
-0.501356
-0.209816
0.765617
0.745538
0.138535
0.771201
-0.313021
2.51439
2.47829
2.41108
0.489217
0.601725
0.15784
-0.172729
-0.163535
0.317591
-0.145084
-0.229087
-0.244136
-0.0258432
-0.112277
0.469704
0.310865
0.625438
0.509309
0.235934
-0.54942
0.323562
0.380724
0.532697
0.412846
0.330471
0.3365
0.58816
0.439369
0.654316
0.381637
-0.529054
0.414413
0.751892
0.592008
1.97379
2.07175
2.04189
1.45531
1.25826
1.02282
0.114853
-0.454549
0.162053
-0.156763
0.0608898
-0.167109
0.466968
0.315845
0.227299
-0.0483733
0.711394
1.00446
-0.366348
-0.55845
1.25014
1.74115
1.70597
1.68792
1.07922
3.42003
3.48247
3.33682
2.76407
1.6984
-0.389529
1.09896
0.363314
1.15355
1.29305
1.38736
0.883442
-0.0258165
0.607151
1.59367
2.01952
-0.0175482
2.35996
2.22427
3.23177
3.18456
3.27222
3.2044
2.89234
2.76114
2.90643
2.64007
-0.213666
2.80048
2.38008
2.75345
2.38967
2.77975
2.74933
2.63756
2.40325
2.15714
2.02435
0.051131
1.8142
1.37267
0.755712
1.28354
1.29875
1.40547
-0.54996
-0.18059
-0.43703
0.2227
0.0592931
-0.508067
-0.109201
0.111968
-0.136683
-0.0892575
-0.342477
-0.445891
-0.460852
-0.588447
-0.551513
-0.548683
-0.54678
-0.699811
-0.417043
0.294333
0.206389
0.328559
-0.24311
-0.411669
-0.358933
-0.380532
-0.635916
-0.375802
-0.0990857
0.0750506
-0.0021245
-0.249768
-0.665653
0.224174
0.0264562
0.307154
-0.142833
1.37472
-0.00920367
1.69697
1.51586
1.27068
-0.161018
-0.693999
-0.629905
-0.346056
0.522486
0.186089
0.4221
