546
1.29743
1.09075
0.103957
-0.619109
-0.582807
1.2673
1.37558
1.48256
-0.267838
1.93586
2.23581
2.05769
-0.638175
-0.236683
-0.58165
-0.574445
-0.0265134
0.0299401
-0.038379
-0.564606
-0.139857
-0.0982682
-0.138173
-0.226797
-0.390955
-0.417302
-0.520416
-0.425917
-0.369734
-0.249008
-0.468351
-0.563887
-0.747059
-0.614468
-0.592544
-0.0870198
0.0677779
0.0736113
0.122924
0.382749
0.724016
0.671715
0.629255
-0.1951
-0.448869
-0.552406
0.574015
-0.469286
-0.399541
-0.485883
-0.530781
-0.28679
-0.307236
-0.349316
-0.356029
-0.42307
-0.445923
0.443619
-0.495839
-0.0834067
0.221404
0.169257
0.260853
-0.0521374
-0.427642
-0.422912
-0.419023
-0.54476
0.512756
-0.692261
-0.385019
-0.0726635
-0.293636
0.513254
0.562396
0.34491
-0.364699
1.02611
1.33996
-0.117789
0.587737
-0.0496198
0.307059
0.262732
0.330495
1.83792
2.76185
2.89703
2.9008
2.38689
-0.635795
1.67705
1.32596
0.696803
0.742349
0.196082
-0.0186086
-0.393801
-0.616014
0.780781
1.65633
-0.426783
1.71518
1.49344
0.564156
0.430913
-0.0444629
-0.0596093
1.11816
3.00779
3.40449
3.0929
-0.396918
-0.272963
2.42843
1.32828
1.3591
1.63885
1.63714
1.32042
1.18012
1.30341
1.34089
0.836966
-0.0726802
-0.594554
-0.728133
-0.598052
0.494724
1.16629
1.25597
1.07381
1.70204
1.70439
1.4424
0.23283
-0.118642
-0.0809298
0.392037
0.826883
0.951385
0.821389
0.822689
1.19199
1.61745
1.49004
2.58981
1.60686
1.31875
1.12331
0.562809
0.464292
0.0760036
0.0176678
-0.101487
0.575286
1.03508
2.81095
0.72963
0.653794
0.575976
-0.152186
-0.20065
-0.798429
-0.536244
-0.49857
-0.178023
0.00246703
2.43249
-0.0609048
-0.415454
2.77511
3.0065
2.58419
0.311862
0.0572474
0.477857
0.540398
0.652626
0.972173
0.373328
0.247024
0.211548
0.2137
-0.0461671
-0.406417
-0.654176
-0.665816
-0.387088
-0.295364
0.20377
-0.298397
-0.212227
0.218688
2.10431
2.46396
2.10632
1.05489
0.608609
1.37542
1.21787
0.298835
1.12146
-0.000441344
-0.0332206
-0.0302487
-0.429919
-0.232298
-0.241471
-0.216567
-0.163247
0.351694
-0.481277
0.0893172
0.100745
0.0118609
0.241367
0.193122
0.0124178
0.109306
0.0649858
0.0374047
-0.390883
-0.423243
-0.571214
-0.329548
-0.0112906
0.166838
-0.00560072
0.102772
0.196409
0.20643
-0.0201356
-0.524747
-0.373788
-0.527763
-0.40021
-0.141967
0.195918
0.358563
0.43519
0.132093
0.0596342
0.140017
0.633068
0.500175
-0.572043
0.432981
0.334566
0.742864
0.902112
1.1611
0.795206
0.807357
0.188554
0.218336
-0.0785451
-0.653921
0.00713878
0.00264893
-0.19304
-0.546336
-0.562134
-0.485249
-0.68675
1.77216
1.80882
1.65436
1.28722
0.671601
0.577359
1.5048
1.65828
1.46777
0.389523
0.276412
-0.149112
-0.128107
-0.493249
1.36148
-0.534064
-0.20358
-0.0670676
-0.119705
-0.336635
-0.0937249
0.608559
0.728876
0.568561
-0.249686
1.1324
-0.267869
1.86868
2.19598
1.88826
0.64759
-0.0686848
-0.272383
-0.372275
-0.358433
-0.125238
0.666271
-0.187183
0.506048
0.855007
1.4153
2.04288
2.16752
1.90713
0.235515
0.0882351
0.250452
0.649256
0.168504
-0.00878558
-0.129408
0.676388
1.43002
1.6906
1.83349
1.60417
1.39486
0.791084
1.35448
0.65335
0.419669
-0.550541
-0.4431
-0.402925
-0.293965
-0.261763
-0.308674
0.21448
0.108408
-0.286306
1.33844
-0.075499
-0.0913032
0.0370869
0.0299107
-0.273243
-0.622104
0.680015
0.760442
0.547065
-0.465314
0.92725
-0.354008
-0.470522
-0.28021
-0.21331
-0.00660991
0.0120035
0.213343
0.391934
0.803639
0.729411
-0.400097
0.714743
0.632515
-0.0714814
0.0376235
-0.157795
-0.403381
-0.373213
-0.392978
-0.174481
-0.25249
-0.630111
-0.365616
-0.4475
-0.320095
-0.460883
-0.0573735
0.296747
0.367712
0.032653
-0.148159
-0.222198
0.207987
-0.134029
-0.100366
0.299442
0.144563
-0.0837681
-0.481699
-0.528744
-0.194989
0.754754
0.815592
0.253511
0.618756
-0.195855
2.36196
2.55325
2.25715
0.675907
0.592682
0.169113
-0.215262
-0.103041
0.206553
-0.15819
-0.164743
-0.222091
-0.0807505
0.0301402
0.411672
0.433235
0.581918
0.302206
0.39817
-0.399232
0.277658
0.282641
0.52195
0.429567
0.37863
0.332856
0.656826
0.458482
0.655702
0.297182
-0.467278
0.355981
0.7513
0.623218
1.90012
1.98504
1.94606
1.2354
1.39096
1.00812
0.146643
-0.429611
0.185824
0.0845918
-0.0447852
-0.0606591
0.292288
0.419866
0.165507
0.0402134
0.776482
1.01211
-0.307656
-0.478151
1.29779
1.66771
1.77982
1.63468
1.01175
3.13014
3.69236
3.22869
2.70755
1.61111
-0.411088
0.910161
0.472236
0.961699
1.34141
1.29248
0.69957
0.0766986
0.57037
1.49844
1.90209
0.0181617
2.25838
2.34068
3.08962
3.30936
3.21198
3.08292
2.94514
2.58108
2.71501
2.76609
-0.120958
2.70551
2.51145
2.67405
2.46637
2.54773
2.80519
2.70914
2.34522
2.12717
1.97538
-0.0312914
1.77612
1.30695
0.732191
1.15203
1.45639
1.24581
-0.424087
-0.271487
-0.306369
0.056743
0.138009
-0.495379
-0.0828383
-0.0681155
0.0277925
-0.203318
-0.369112
-0.436293
-0.589868
-0.543313
-0.663632
-0.6491
-0.58666
-0.657551
-0.544475
0.271664
0.317931
0.225442
-0.289253
-0.256218
-0.408705
-0.494259
-0.56895
-0.312486
-0.200256
0.0279836
-0.0644484
-0.34453
-0.703433
0.0634148
0.097502
0.295527
-0.0763686
1.20065
-0.0358321
1.66541
1.43027
1.17867
-0.219441
-0.669403
-0.608122
-0.523369
0.248195
0.378855
0.404833
