544
0.7351141633835495
-0.042202126302620054
0.8158565385857702
1.6082664342071653
2.125843212646189
0.5010874937164024
0.06772127190474346
0.4941971341150944
-0.8669098408134712
-0.10093279145016015
-0.7105296388218779
-0.7997039117275713
-0.5188318351115088
-0.17264029944460363
-0.5392641816308469
-0.7534296107370898
-0.29503176874645404
0.24445207942556305
-0.03932151465793764
-0.1840388656474368
-0.6585774768903688
-0.23429730662576292
-1.1144273228894586
-1.1828123717983599
-0.432578431864277
-1.3772622804716201
-0.3514651406822548
-0.2522950957479344
-0.1256587510033021
-0.607481025920836
0.4153185299220185
0.18010865697289138
0.1955092685571526
0.29878702928459283
0.4995464525531933
1.2950594839655112
0.25915396699299004
-0.5756168327721886
-0.5006950361151722
0.17736159546733768
-0.5610501949498254
0.6286436365317529
0.881448533335142
-0.033643011776558276
0.008699666430696156
0.06948890960270834
0.26681685766886026
-1.1479606150036592
-1.1524245807285827
-0.6878624418029585
-0.2972695798955532
-1.177667948228871
-0.8489765929225632
-0.4427503789507988
0.29498420330862424
0.492579476730357
0.35913878023591517
0.48482509346937996
-0.10150708161655178
0.7074751485871211
-0.6171592285830252
-0.709633373678536
0.06131830103222699
-0.7445760037490349
-0.6559129719788311
-0.5941905934048244
-0.8338177907891512
-0.3911528880499871
0.290389646261013
-0.22457506131902358
-0.9985518256055672
0.12472524918954216
0.9141434863222534
-0.3007301207747836
0.11341865063203298
-0.1612789431193389
-0.49560662173529574
-0.8337154593709796
-0.5168007081240633
0.14312273048069502
-1.076563953978904
-1.0096865333009353
-1.1268360834788416
-0.9493728734013971
-0.988883163012469
0.172597497620646
-1.1184565312921226
-1.1624802418806128
-0.6628255974230784
-0.8313992200069962
-0.6116335050945092
-0.559450109404728
1.4491679389237058
0.8989254714787076
0.6864633470445614
1.2153143816325347
-0.4132361628264359
-0.041642303131158534
0.707705504123839
0.8170732679528716
-0.04163766307964771
-0.20046233533703786
0.457166287517825
-0.07275270617101603
0.3684451327330438
0.7718234067064258
0.9163645129231326
1.6931934004817066
0.8929536627260684
0.6683246714312012
0.45430890282714625
-0.2952996567893035
-0.3178635660100866
0.39748944550771526
-0.12032528225434383
-0.10719982718851648
0.5724425036753151
-0.33168536378111
0.217695849420556
-0.212521132395877
0.005434416980116001
-0.40707834580685953
-1.1477881238234964
-0.7057557625977295
-0.24887480197474507
-1.379712056517054
-1.1554747943637156
1.045465080350679
0.46141889813626036
0.41226033606319173
0.8160634594681087
1.3827123220455018
-0.2822178517063525
-0.6509322666949627
-0.8214060476094044
-0.06531357012069015
-1.420741813962698
-1.1766959365172942
-0.8733735532323575
0.21704205576088292
0.46807482036138537
1.286100736763715
2.3467050776326532
1.8158600499429411
0.7304635243728348
0.4604113863152814
-0.7518592881798363
-0.5505458258862268
-0.7473138900075913
-1.0198909460521661
-0.6735077991701343
-0.9228428295648088
-1.5403502378256844
-1.2659005005968262
-0.22554501345436564
-0.45161686732921336
-0.03940578324322896
-1.205732975932449
-0.8091175905848684
-0.6185517069502466
-0.7659712752157026
-0.7551900573038458
-1.2600951674240561
-1.590891708849773
-1.5464633323143488
-1.72559905381101
-1.277136178391105
-0.7809160422399972
-0.7358402322296063
-0.35390680155690785
-0.10394356623676332
-1.330521208484921
-0.7531866856766254
-1.651423674849103
-0.8684778480099348
-0.7891244787567179
0.06106674360139146
0.14842812942092426
0.2990536542382459
-0.65132730927726
0.2550653320850749
0.3235363472220192
0.7673873258098345
0.8745918774464957
0.3072129920830352
0.06844908727627214
-0.30960808145609725
-0.9444083003715145
-0.4327440191965011
0.49667701675427123
-0.4703910415556658
0.3879591189804506
0.01924187403664843
0.9127367310343995
0.25898427244730987
-0.9267018501096116
-1.0792464742114019
-0.7915957806530128
-0.5654579858357166
-0.33777496790668987
-0.009040706177527813
-0.10386529690074725
-0.06890419827204036
-1.0585747337821456
-0.41677251838081264
-0.5753902810506494
-0.8240928095172667
-0.3804375707307753
-0.7051365385331813
0.627831143657127
-0.7186486498040984
-0.20785164697825476
-0.519888658136898
-0.3335366030393715
0.11691206259711572
-0.890402921580368
-1.2901972279778176
-1.3881288507440026
-0.6354955353862044
-1.067060226645147
-0.8587753663017123
-0.4563395304622644
-1.153844669363292
-0.1508159423274384
-0.45532736651190614
-1.5850450610043674
-1.3198525575598212
-1.3155318463279226
-1.2801071041878314
-0.2625540190035667
-1.2616667286150753
-0.2410599768387699
0.18886075453220305
-0.6624230514741832
-0.7056710043481179
-0.30899379863147747
-0.6687674876727785
-0.8972753143794493
-1.5063599684734923
-0.8197960247971086
-1.0339428451766928
-0.3140815674531902
-0.9289959754906548
-0.9774180975987438
0.6387126087770243
0.2836591698540853
0.10696979094501574
0.18521564317427067
0.006981804497066409
1.1324119165914193
-0.26485342226212694
-0.826572450551056
-0.5594724106120126
-1.2826727079054152
-0.36402520623030143
0.04553337394017871
0.8328284284656254
1.4214774510399857
0.028021288005596577
-0.5247262035687483
-0.2508497040306765
-1.0380083789702172
-0.8470378086687993
-0.9651429671731115
-0.7513366344328442
-0.3034974952287755
-0.39941469603028784
-0.2369637165061023
2.431281027318362
-0.4763242455823597
-0.4113383366285063
-0.054766628202710124
-0.19895764065057817
-0.223289347804581
-0.3952627856343301
-1.4315609065362216
-1.0830742808227403
-0.710418477629051
-1.0963755111313125
3.9040670874133805
-1.1144328790529956
-0.5877150092845256
-0.9397858499102086
-1.2849257635921005
-0.49437660057915156
-0.3424382631023317
0.7050111302581105
0.18292383896928952
-0.19716426565644513
0.3095697126853284
4.252859528604656
0.7548468553280403
0.13753555549901614
1.8888605172460173
2.210253409321323
0.2669131742359845
0.6979016066076701
-0.13987847964759093
-0.35789050732530053
-0.5760666677196468
0.15500605786767413
4.562106081833031
-0.5665201487123419
-0.23204755051865042
1.1100312059804405
2.0621336614119126
1.603595275280975
0.6581465196448084
0.570184318091446
0.7483054738769664
0.24748630467837307
0.0538252466902466
3.158679128019471
0.16834756525379752
1.0473444131388405
1.8404517217122078
1.0915495524955467
1.4734931889437934
2.5869319286993493
1.4464468396758676
1.3073997436705032
1.9962552949293775
1.3787952842276037
3.1954125769979975
0.6794864062985472
-0.26237327743118954
-0.804345120549969
-1.1558444154456797
-1.2838860284669449
-0.7178081963740787
-0.9166157293815012
-0.08764844221793146
-0.3514649677495152
-0.6264315958985777
-0.1653325283058001
2.401437518785808
-1.5056397751248092
-1.772901515085124
-1.2468090522418427
-1.3683629677160223
-0.6903156074410353
0.01739899388839169
0.18431331835469517
0.24549854447646913
0.061801171639555626
-0.008574223193697978
1.4137547331057945
0.4586634437318715
-0.26007113306277235
-0.750746651602321
-0.48806480916141914
-0.3834612188570509
-1.0325012179800048
-0.051688649722975405
0.6582369491078586
0.6473903273256632
0.2974938544531055
0.5493618251090335
1.387100157730988
0.42589054582207886
-0.4110605247423337
-0.9223853853647549
-0.44749452185243643
-0.7559421031062701
-1.1723488860383178
-1.474519524535881
-0.8885487641452717
-0.42523400994803723
1.220498504051514
-0.6891091782430413
-0.7579921494163694
-1.5839136661262978
-1.394631185169417
-0.9211303015251013
-1.244587349781675
-0.6244067599261678
-0.21906441371395569
0.1876210537168129
-0.750051035458316
1.0894056350788477
-0.40688334050026226
-0.6698583568856856
-0.3284405055157106
-0.5686851966873199
-0.8245663055856275
1.0955154835789216
2.054943183509333
2.0234871429219563
0.389723250376054
0.19204195646701566
-0.11038521190296172
0.9938438623311111
0.9012732749988015
1.3462382332580898
2.227837574013849
0.860931399779106
-0.7052110619105003
-0.885413803190133
-0.4304815548888638
0.24817630204192062
1.7501146445930535
-1.174104115241564
0.1906575621692771
-0.1413562256614849
-1.4495176968603083
-0.7482413678504005
-0.2373948806069747
-0.20952631188383128
-0.7339517051139424
0.3172768051964985
-0.6621557234675236
-0.6754795032225233
-0.874499699498453
0.413814572762559
0.5587572345104369
0.06285104349378441
-0.3326032509821945
-0.18964558134704942
-0.5872463126024127
-0.7866905970667035
-1.8048230671829124
-1.2606980753336574
-0.552499284934816
-0.0232461217520652
-0.42489092002954937
0.3992096001606751
0.8799896714120953
1.1591404713868196
1.3998801974794257
0.03740494545260636
-0.49899196240067767
-0.8505370048326764
-1.0668311506303172
-1.5269556734944296
1.004755132006308
-1.40586848237581
-1.309028689415551
-0.5873862197772641
0.5732811480511749
0.5217997702371224
2.7836645105272284
2.8304083580210038
2.8103007730734024
0.7682166652019895
0.46044623241392457
-0.9037839155743742
1.0227206917911087
0.3319654323917154
-0.16416508732290314
-0.5097203962881385
0.9329912161410194
3.0731594501716795
1.182814908644285
1.6384368986854465
0.9704014799310634
0.8548769438713946
-0.7282941598432436
-0.2890173016018442
0.018767539555911213
0.9583021907863751
0.7091871802174801
0.802762537334885
0.5142188124681628
0.002299617517504803
-0.5814169883420314
-0.649015988200522
0.7549089968908509
0.49902794335202355
-0.2594744191270644
0.7459515597396666
1.848583734980826
1.4893756265730278
0.5601834308178077
0.41786824958045643
0.4643281547541153
0.3567517953591511
0.005013013435983267
0.9590570520964911
1.2606697439270365
-0.8076325876296079
1.4438148833567128
1.99094297206077
2.308746017335388
2.725563479141999
2.4139184723020355
2.4609140541716914
1.185915697407494
0.1685270870661953
-0.14408153146765215
-0.7435290263859657
-1.3424890129368992
-1.3509319307335566
0.2154280991402565
0.7497014489703969
0.11577499595809812
-1.2013572838519053
-1.141088750979958
0.46362305410988414
-0.19265358728499304
-0.06713591346453236
-0.7976041773846606
-0.42160396596144933
-0.21687791941720727
0.153861536116115
1.1021386176851964
0.9826709963661657
1.8355724561191795
1.2292582560639898
1.3429718791852643
0.6663501950488251
0.7140875801983299
0.2586295457054137
1.3217416098054409
0.40195349537275865
0.4864213605163423
0.3163177230107143
-0.5460548019065442
-1.0985167926597095
-1.3044575471470754
-1.4729393808840154
0.3423906547847811
-0.1582278162413106
0.5269436395849981
-0.20354241753827781
-0.890223670379275
-0.6018949510813789
-0.2547601274767624
-0.6803659020923595
1.1224716018353773
2.469760491650065
1.1724184548755685
1.4339516522547904
2.7722463086878157
1.2259676013847087
0.28221288201539846
-0.2251134024433962
0.1327466463902555
-0.06391498105650328
0.283926348311567
0.49815444175997303
0.6182353744854439
1.9050643081308893
0.6483315974133036
1.1236108934148117
