546
-0.7140524722788278
-0.6305356651217164
1.8536251011978249
-0.9215652158270585
-0.8900297165470802
2.029945147041465
1.2111269663350595
1.4453253550252716
-0.8016411378241731
1.6281725359528387
1.9848947531828744
1.5464300256162493
-0.6338773385660676
3.736640672702233
-0.6961268117961299
-0.31608520560732134
1.5014842099814938
2.0548329406538444
0.3592120888740994
-0.8177292592214601
-0.8328152345385302
-0.8000591411256218
-0.8867135482280831
-0.3695807389242547
0.267995198832177
0.006711295647828197
-0.34666614944858054
-0.6322604349326859
-0.7088193639071363
-0.37782547847789494
-0.9063686376519798
-0.792135482774344
-0.5610726963499076
0.24202093847935885
0.0145388631951351
-0.061981063642850866
0.5119403841092617
-0.06180645849823256
-0.2872095757932183
-0.3716189525896141
-0.3079144567987781
-0.6700763865535138
-0.7141969159028143
-0.3746599835765695
-0.5177703741444876
-0.23002558807738377
-0.556459987116034
-0.26270562324103486
-0.499725476205599
-0.2817852563979274
-0.6286299764249158
-0.6729600521061966
-0.6576567155904387
-0.8525661788655902
-0.6100985396442794
0.5787972318280304
0.9114957596736982
-0.44748332649286443
-0.5738121727712941
-0.6419512066468117
-0.6357254650678166
-0.5387503109390865
-0.15686622216944252
0.31820886463221004
0.2765677142491309
-0.7076759327075844
-0.7481954164507592
-0.8212014019545549
-0.3868468226505243
0.0771195096098691
-0.14892260957647552
-0.7657142685030838
-0.6367504715748633
-0.27331936502929116
-0.3257714573228619
-0.6829530897765239
-0.4871728520485209
-0.1677022539755748
-0.2598810283018698
-0.7018003901629597
-0.6603950050336864
-0.9708846661535055
-0.9840690020277524
-0.7618098195923558
-0.46807769115736947
-0.3996127257385157
-0.9349159603596778
-0.4160268872432911
-0.35876003360943143
-0.29710242927336467
-0.830051713686188
0.19097879018381253
0.08922679591475233
0.35981150873586165
0.1551762429385992
-0.1977950608477489
-0.8728406116652649
-0.5706840310595501
-0.47376343308338764
-0.4478732730083417
-0.04789991391174861
-0.8940529677911501
-0.16805551313533115
-0.3098322526994317
0.8264243163268599
1.8119338655760464
0.4872902843586946
0.07427555236936416
-0.4405081764900851
-0.1333330487034405
-0.393676434274838
-0.22384788754185347
-0.6339870336294515
-0.8621468878223799
-0.8442948380420127
-0.7200731068102771
-0.7222306810773451
-0.824056562608808
-0.7035884655111296
-0.832904171794926
-0.07729898602433
0.6625467021059984
-0.07312900129213126
0.03276410477040317
-0.8925012178923423
-0.33364440251453736
-0.6203603104996829
-0.028356364066877072
3.034542801225876
1.4275275107754009
1.4746401182578714
-0.6157683222379471
1.0808361652333653
1.8592459774554255
0.12798230509804012
0.3567598794657985
-0.41740483064270945
-0.807549157599913
-0.8748612563513073
-0.8567237321905161
-0.7725654414522748
-0.6746665336719447
-0.3976085676289706
-0.013128477248222963
0.4042715530384539
2.1332701450914553
0.42765032077252396
0.6323416220279263
-0.7398865765511734
-0.7434387340832929
0.13568922470477446
-0.35366263670079695
-0.5167538331663132
-0.11636758792523602
-0.42119316267579393
4.769048908445834
2.1307261952480165
0.07343885265439724
-0.4609918894374269
-0.7743248395078318
-0.8383680993740185
-0.720829602691574
1.1694240479557865
1.2465595586600757
0.08016100371944218
-0.27088364886481314
-0.6638110073193295
-0.7739567481036822
-0.19028343249699586
-0.7365445098138625
-0.30673190577354853
-0.34847299892004774
-0.3966896234985383
-0.23228400986119696
0.3958605394695166
0.22854275739819988
-0.8314264122263706
0.4325011620240167
1.385342621649983
0.04155313685797224
0.7049102178689847
0.2906560721851995
-0.2438449853974322
-0.14590307684101694
0.18049106831792344
0.5227955980329362
-0.0075799798850508015
-0.0392331038531668
-0.6495341108159336
-0.4897771614854899
-0.22186402737651112
0.29438087543251995
-0.3040931243880028
-0.07078265018231511
0.22435874607521347
0.40649155695877565
-0.8780954138323691
-0.6727784691712932
-0.049294390541428965
2.204680608548408
2.94773932691486
3.994306243246011
-0.2585664036482731
-0.46012246286053615
-0.4939621596046836
-0.5408202978928016
-0.7746221471325409
-0.8233082406043174
-0.8501035655351571
-0.8760386718341633
-0.7673009695157254
0.16739550082583607
2.060649093353887
1.2327819081180347
0.6525791716728413
-0.5630724039005885
-0.4340909991439998
-0.7682053088083075
-0.5097478671020154
-0.8557678499071778
-0.7577323240327446
-0.8339377968022258
0.6098113123771834
0.6949818620559548
1.8490475134582676
0.2663655864254727
0.03192902296840708
0.057763385027720424
-0.687349152074725
-0.7344198441637311
-0.6468346810271268
-0.6692192841171052
-0.8109325020011232
-0.8705150764806003
-0.93614166763689
-0.19120573981401975
-1.0075070205926648
-0.775507775847728
-0.7125655321048069
0.24157697462736322
-0.23201513033854562
1.0391922966727132
0.26754622950922424
0.15383322374774203
0.6034378210967348
2.633041331531075
-0.18163736564546948
1.666153609812697
0.9498721374420501
-0.03376088921196673
-0.8692938386862987
-0.9215793199697804
-0.682617429166987
-0.8827126242629706
-0.7161345071113356
-0.6650666325640596
1.3106890340985875
-0.7466154763974504
1.042760637884517
-0.555806924104567
-0.7393354020380309
0.36069556458100377
0.1876531479610785
1.5002612358266212
0.9852457449347187
0.0785806592919309
0.4618521751688953
0.4754296027559098
-0.39479026095847625
-0.34054810685962694
-0.7473616463668289
1.033340267558839
2.3278691591159677
1.872901916543622
-0.7587134914040387
-0.7649863655846809
1.70700011521144
-0.0062942062251067875
-0.2453435304842636
-0.5461485566034348
-0.24539698182891032
0.24769805298053615
-0.8529365427008191
-0.8845194338505108
-0.8611262216838848
-0.8576197104874663
-0.8947992257450643
-0.5763311879873021
-0.44835921419745745
-0.7397761716373991
-0.3441340197375548
-0.7380280305917089
-0.04024558049092535
0.26910460665923874
0.8120172011444607
-0.5417118182876953
-0.5537744188383883
-0.36243403214748293
-0.015633496311539024
-0.32246219493489037
-0.6982969273417932
-0.30792401194288643
-0.2958809124126864
2.1202247612284157
2.0365267511239975
0.03242232562889196
-0.6879311263444804
-0.8683284928007408
0.08983702108467248
-0.2650450196011387
0.188339863730955
0.1350473562521774
-0.45589853662556823
-0.3837696171432287
-0.5697983585636961
-0.02468881454020215
0.11826819183692706
-0.10505587696262834
-0.26790085998830776
-0.316495057450144
0.27872000500699157
0.7005312301674995
-0.3876399835410695
0.7792560270790111
-0.47232433912663385
-0.9366705198023059
-1.0209377294586246
-0.37962894000729097
-0.3234832371049665
-0.5151223590460171
-0.9854374971131102
-0.0750274575063766
0.057977391408080524
-0.3841155001238154
-0.06368151908058105
0.03290298835794163
-0.6031995878703176
-0.6277846518542617
-0.543738180066545
-0.5908025326243969
-0.6674550375076597
-0.48349591907283274
-0.7837832216355589
-0.6940597596850135
-0.8410391185156957
-0.7317529504367528
2.1210467524187115
-0.9123578566170357
-0.8095194386234497
-0.5228862847004787
-0.4685718915240192
-0.2893797937811486
-0.590435006167296
-0.626368352842259
-0.651979916664851
-0.6942310950997281
4.197054388637161
-0.4685375410547046
4.746812529085522
1.5185944642838651
-0.8223568553662048
-0.9677847318740591
-0.9668958038067297
-0.6567344849408451
0.8123884154411449
1.5704084965226246
-0.6880467114662869
-0.8413321020853207
2.16361101869943
-0.5529351416255186
-0.6423057065381507
-0.42027182600423885
-0.17708603766110334
-0.647486961420622
-0.25676905482581847
-0.12542581187115073
0.023679035314132752
0.18253235967689888
-0.818004350096447
0.5593961474755741
1.650947325315691
0.6009027351430427
-0.2864674733604229
0.3507366337447283
0.11432568869028276
1.3247876593823726
-0.4017724986401727
-0.5861965061577591
-0.6746154304101862
-0.436293462108316
0.3347666219537723
1.1386496036763112
1.3299729360336068
-0.5169817841123794
-0.17027077739848231
1.147932708185269
0.3299777391995624
-0.7896075859337116
-0.7735711760160956
-0.845116594285876
1.7140826414434225
0.6261397412280576
0.5469165153094273
0.9149233477263415
-0.8151646996208136
-0.890922921662622
-0.8513380204774227
1.9511967765480769
4.102885654752288
1.1660199442855628
0.37744942734742554
0.6940215202480563
0.38468093516997115
0.9213085220039561
-0.3552783662685905
-0.15717317284138616
-0.08906730927702394
-0.8398672361137731
-0.8258154394737114
-0.5419906675058223
-0.7932133190403776
-0.81141221969118
-0.8119973090527483
-0.5240943385265955
-0.12921450960291264
0.46397465274808836
-0.0704132904553378
-0.19327713408103372
3.0310038195985594
7.667839711151722
2.2834931809915737
2.8157018202390613
-0.5699915491866555
-0.708055896427795
0.3036041977918138
-0.5990660438726424
1.0152147128073172
0.44370033468693343
-0.7136616565894288
-0.7812325670723523
-0.16264942392740056
-0.34031496918830145
-0.6121695438648759
-0.35496726207367324
-0.4869321050896702
-0.18027953858046453
0.14280634721223284
-0.8180309055541728
-0.3704442591821529
0.26141519747304576
-0.17265228145849765
0.1152243760644983
0.6263802929838077
-0.594811348763947
-0.1937319427007594
2.7175070199885316
1.3224586403505345
-0.783873362916373
0.5436018041935976
0.5300138943456021
-0.7412923265142782
-0.32312917787340045
1.3128348443720628
2.1708634346953497
2.295613167014855
-0.43325523779282593
-0.2398838815499499
-0.1333754318363283
-0.2226950321939073
-0.25806023158569363
-0.24614314632892662
-0.26001652760890254
0.6323254198535401
0.44694918504405895
0.11848991504927453
0.6349207924311621
-0.17037498914304058
-0.42420563141210976
-0.45338035154057316
-0.32489097779524556
-0.5059964601232518
-0.362187129807984
0.17633669859590506
-0.3704185223096741
-0.1993423041380642
-0.5951821277460274
-0.32974019785745695
-0.2910354855216323
-0.15496056482438827
-0.40011309689037416
-0.17676603889711606
-0.22058801303352754
-0.4872821214624168
-0.0232384135995346
-0.08018763277077703
1.706906120423572
1.3884920444340572
-0.7985351318138778
-0.7764123399451814
-0.740491354987577
-0.9988633683995208
-0.6042648027404017
-0.5807264493102586
-0.438719529980897
2.4481618765042445
1.6776572826229548
-0.04864248223609217
-0.289885511725905
0.03181993290907787
-0.21724044518348293
2.969651450042452
1.3140135309188856
0.31745154177496615
0.15253409651170122
0.14320651730318365
-0.17949757090706062
0.03404504884560238
0.4983773335952037
0.5110311896101457
-0.7453874136762962
-0.9006922429762756
-0.6819570887108143
-0.01855404476680143
-0.1930631512586593
0.6783376820038731
-0.6433088255252697
-0.8070136824103639
-0.44332546079618695
-0.06928684299444722
0.49346426910311014
-0.58368069030745
-0.5391750231822394
1.0233784493043618
0.8661021143121808
-0.12905029105046623
2.5234725355762313
-0.21317262169285064
-0.24405727542466163
0.11032779306210157
0.0675254648876909
-0.7292482263261838
-0.7753449235140273
-0.8085403117139858
-0.7106894455547689
-0.9337302775667966
-0.9151875641445286
