546
-0.0294004
-0.144908
1.67493
0.266534
0.238476
1.03444
1.42832
1.80964
1.23238
1.07051
1.2848
1.37641
0.756373
1.65452
-0.408882
0.0945375
1.27676
1.72314
1.6946
1.45638
-0.115854
-0.88119
-0.295694
-0.359822
1.25196
-0.130747
-0.567911
-0.416919
-0.329511
1.6056
1.42227
1.2682
0.0907271
0.536737
0.146464
0.430675
1.06844
1.29429
0.838952
0.947004
0.774732
0.478834
1.03192
0.724178
0.528192
1.26047
0.312741
1.25073
1.4349
0.292732
0.252127
0.251979
-0.207561
0.278041
-0.118088
0.425225
0.75469
0.0261045
1.79158
1.31146
1.41387
1.19797
1.64896
0.881578
1.2357
0.380522
0.603445
0.178504
0.602638
0.597477
-0.315698
-0.185156
-0.0379324
1.54225
1.75723
1.62392
0.932298
0.403034
0.0376318
0.531446
-0.113049
-0.439206
-0.0604433
0.184525
-0.0398219
-0.476711
-0.241831
-0.0629228
0.11781
0.498423
1.00927
1.69321
1.63211
1.57434
0.853257
-0.0347308
0.110878
0.423395
0.86514
1.20578
1.04775
1.10201
0.508323
0.164974
-0.0608032
0.779092
0.805176
1.51515
1.22803
1.33479
1.55393
0.723719
1.20207
0.294121
2.44587
1.43726
1.0935
0.109922
-0.0362623
0.979678
1.60725
1.90996
1.65571
-0.634319
0.110693
-0.990209
-0.607486
0.0937013
2.21799
2.36948
2.52998
2.14884
0.674183
1.2983
0.904504
-0.301287
0.16879
0.0314532
0.356605
0.244549
0.0296512
-0.676351
1.40845
2.9677
3.21834
2.25791
-0.0881292
1.95197
2.20709
0.99816
1.02908
0.282272
-0.169184
0.0287733
0.568825
0.692106
1.45241
-0.290979
0.969689
0.244572
0.941846
1.04419
0.915945
-0.432014
0.26963
0.883207
0.771365
1.11268
-0.601516
0.596819
0.735533
0.887702
0.285392
0.489965
1.30682
0.760526
0.799469
1.52541
1.54277
1.41574
1.75936
0.222071
0.199382
1.13832
1.32484
1.03652
0.23623
0.255294
0.187786
0.989682
1.17738
0.281316
0.39921
-0.174429
1.46106
0.851025
1.18466
-0.471279
0.0915902
1.52895
1.41302
1.61942
1.54534
0.792029
0.367042
0.566515
0.110253
0.0151328
-0.0693464
-0.0551712
0.78633
1.97025
0.862055
1.86668
1.33436
0.853292
-0.557707
0.304909
0.558231
0.20107
0.0532624
0.250117
0.0463012
0.916612
0.0294606
0.704695
0.875497
1.20793
0.755833
0.849544
0.263051
-0.143339
0.628387
1.17782
0.640424
0.863685
0.747619
0.358819
-0.0182545
-0.574447
0.396037
1.02233
0.0126166
0.16488
0.73419
0.93691
-0.131922
1.17361
1.62611
1.96317
1.27681
0.531677
0.314836
0.129872
0.355248
-1.06245
0.142314
0.932329
1.50346
1.74468
1.37879
0.617481
0.519121
-0.128177
0.176333
0.790669
0.892846
1.58879
1.43045
1.04118
1.04603
1.9733
1.71038
1.73084
0.621073
-0.216015
-0.0196256
-0.324935
-0.638789
2.49093
-0.489851
0.0725302
0.232872
0.0443315
0.375386
0.585324
2.16974
2.15987
1.65706
1.41233
1.43458
-0.778655
1.16938
1.71203
1.59729
1.6385
1.5964
1.49468
1.1686
-0.213713
0.901519
1.01839
1.12797
0.51989
-0.251942
1.15891
1.24306
1.36498
0.904263
0.349886
0.885563
1.79554
0.86101
1.84008
1.50034
0.80128
1.34739
2.14812
1.53103
0.373453
0.151075
0.299169
0.639912
1.44951
0.907256
0.248733
0.161838
0.223434
0.820218
0.227479
0.710121
-0.345455
0.53266
0.491588
1.34541
1.57472
1.46022
2.02098
1.10185
0.453709
0.954752
1.9626
2.45652
2.31603
0.905944
-0.295483
1.12213
0.106762
0.170425
-0.168633
-0.21819
-0.08904
-0.393099
-0.663718
0.0795267
1.60252
2.86659
1.04193
2.26416
1.77308
0.829698
0.170866
0.25323
0.36043
0.18652
0.258902
0.161875
-0.357409
0.0738996
-0.0841679
0.792994
0.478638
0.340223
0.339065
0.256878
1.06685
1.19383
1.21018
-0.383039
0.132704
-0.488353
-0.468812
-0.210345
-0.35327
0.144307
-0.440806
0.512981
0.735989
1.64022
1.61791
-0.24665
1.60925
1.05028
2.4889
2.54713
2.00806
0.00906645
-1.01942
-1.07295
-0.375251
-0.121196
-1.13591
-0.0801485
0.0267595
-0.572649
0.384417
0.960844
1.73799
1.35354
1.83162
1.60985
1.64557
-0.671278
1.71827
1.97291
-0.43786
-0.35404
0.060715
0.349231
0.497995
0.319735
0.188189
1.42097
-0.731206
1.39873
2.21302
1.39122
2.45893
1.58828
2.5581
2.2089
1.65448
1.48771
0.0982485
0.591353
0.0577231
0.294826
0.82953
0.97568
0.810722
-0.11709
0.0767871
0.401351
0.57268
0.342596
1.35606
0.346271
0.472543
-0.512489
0.425684
0.582815
0.151034
0.829129
0.886203
1.31435
0.882651
0.935049
0.590536
0.60478
-0.058801
0.154356
0.165055
0.323882
-0.361798
0.00304437
0.0759351
0.880849
1.51886
0.0473327
0.912276
0.846353
0.509522
0.91772
1.35797
1.38088
0.748588
1.05311
2.04584
2.06312
0.531022
1.81643
0.867556
0.659752
0.61577
0.959626
1.23997
1.10997
0.405912
0.526713
0.132072
0.322005
0.519004
0.100123
-0.521293
2.32597
2.20199
2.13881
-0.297028
0.396488
1.22346
0.286603
0.26505
0.237136
-0.0306703
0.470335
-0.170557
0.861702
1.8989
1.95324
1.45534
2.26393
0.971216
1.63045
1.25569
1.61531
1.27284
1.18318
0.363696
0.622529
0.0348654
-0.123622
0.0496723
-0.245299
-0.782055
1.65985
-0.450509
0.982718
1.30095
0.955665
0.676951
0.925172
1.05223
1.37831
1.33986
1.007
2.13945
1.9167
1.57144
1.00573
1.00044
0.114747
-0.431724
0.841976
0.550958
-0.281354
-0.614608
