546
-0.148797
-0.00713896
1.43689
0.282914
0.399209
1.23947
1.7641
1.84625
1.31023
0.960477
1.49767
1.51708
0.73448
1.56974
-0.131434
0.138933
1.13777
1.86008
1.71471
1.61015
-0.242848
-0.572124
-0.329203
-0.0298486
1.22894
-0.142353
-0.512993
-0.286524
-0.146764
1.50246
1.55807
1.49376
0.0750693
0.589533
0.0859449
0.452844
1.17321
1.25579
0.7972
0.997966
0.772108
0.535894
1.0457
0.615203
0.484375
1.45675
0.409986
1.46212
1.64183
0.257171
0.177856
0.29895
-0.139199
0.387964
0.0478663
0.841341
0.791137
0.0507745
1.8309
1.20905
1.38407
1.09991
1.61841
1.08691
1.26403
0.487857
0.624418
0.18469
0.520707
0.585345
-0.390847
-0.0308465
0.0931254
1.80769
1.76242
1.76144
0.977313
0.394197
-0.0178842
0.411173
0.00207957
-0.33197
0.0176094
0.164399
0.247454
-0.0585782
-0.201952
0.274773
0.0113496
0.365053
0.821191
1.69145
1.68409
1.52056
0.767962
0.0859564
-0.0592129
0.300786
1.0186
1.3614
1.09767
0.9391
0.719778
0.176179
-0.120693
0.496489
0.923556
1.29802
1.16223
1.47229
1.51072
0.954636
1.03797
0.351515
2.31161
1.46196
1.08924
0.0865287
0.268899
0.89222
1.66506
1.75409
1.65584
-0.609817
0.196153
-0.65962
-0.652388
0.00262058
2.06609
2.6621
2.39317
2.40615
1.03502
1.19966
1.01794
-0.334874
0.34106
0.261393
0.274588
0.175158
0.269828
-0.473012
1.39462
2.72781
3.19662
2.472
-0.0398855
1.84987
2.21017
1.14184
1.07128
0.347971
-0.139131
-0.14496
0.565016
0.697408
1.45854
-0.206373
1.13501
0.161264
0.905811
1.12403
1.09971
-0.412194
0.35276
0.830619
0.68492
1.16873
-0.342961
0.668028
0.669463
0.919615
0.209228
0.595096
1.31087
0.837643
0.636032
1.64594
1.61237
1.40106
1.68986
0.343583
0.369947
1.20442
1.39225
1.111
0.227449
0.225566
0.540961
1.07489
1.29975
0.183463
0.539574
-0.252916
1.65906
1.1164
1.35676
-0.249986
0.186993
1.7566
1.59837
1.48938
1.60056
0.693778
0.360375
0.614718
0.115052
0.0911889
-0.0131307
-0.0312039
0.688976
1.97647
0.706396
1.80946
1.37884
1.0666
-0.654841
0.288264
0.319861
0.239678
0.0457871
0.395912
0.14483
0.975867
0.198919
0.583719
0.982909
1.36335
0.86968
0.849948
0.340699
-0.098506
0.677237
1.23449
0.602429
0.909324
0.757156
0.493262
0.0952244
-0.467174
0.343089
0.963843
0.24125
0.356905
0.754913
0.958953
-0.0210941
1.25148
1.73124
1.90781
1.13145
0.687417
0.347027
0.0304637
0.535964
-1.0011
-0.0324639
1.07684
1.24422
1.48877
1.30782
0.894379
0.45035
-0.143429
0.171199
0.831489
1.08617
1.48817
1.47746
1.2416
1.18028
1.9905
1.76181
1.81644
0.468773
0.0142369
0.154326
-0.429373
-0.629562
2.58235
-0.236245
0.186044
0.182891
0.232689
0.366318
0.544212
2.13202
2.25602
1.84942
1.13818
1.46843
-0.870201
1.34391
1.81854
1.70853
1.41156
1.57865
1.53669
1.29965
0.0103005
0.882096
0.884813
1.15662
0.648873
-0.299309
1.16448
1.27166
1.15283
0.861815
0.233281
0.871164
1.7046
0.979811
1.835
1.46189
0.848469
1.35333
2.04885
1.3721
0.372576
0.422358
0.249884
0.811669
1.45548
0.799581
0.388747
0.238879
0.297203
0.911512
0.151477
0.839864
-0.384914
0.438964
0.569551
1.32707
1.6419
1.56454
1.89962
1.25165
0.584757
0.915349
2.21587
2.45855
2.40343
0.943195
-0.2079
1.29878
0.04645
0.0185627
0.273871
-0.186915
0.0766906
-0.245065
-0.591619
0.0712237
1.6137
2.67985
1.04037
2.35324
1.84545
0.946807
0.00102001
0.336124
0.374054
0.358452
0.357608
0.191423
-0.284992
0.032219
0.0780541
1.01727
0.664429
0.40703
0.500999
0.322318
1.13021
1.41634
1.17951
-0.290121
0.0561019
-0.522299
-0.597993
-0.25638
-0.391052
0.09616
-0.443554
0.587884
0.628791
1.57061
1.7585
-0.0721579
1.57084
1.03734
2.50197
2.47254
2.19169
0.183563
-0.870416
-1.03884
-0.408274
0.026416
-1.08289
-0.0682116
0.0423052
-0.583054
0.547996
1.12656
1.74585
1.38491
1.77745
1.55706
1.69879
-0.56624
1.74387
2.05536
-0.424941
-0.195481
0.0745261
0.424289
0.572256
0.313009
0.390422
1.43699
-0.401156
1.45229
2.44583
1.59904
2.63175
1.7201
2.47183
2.26577
1.78366
1.63591
0.115999
0.623727
0.0133742
0.283191
0.974539
0.942891
0.847611
-0.105447
0.0679263
0.167364
0.453454
0.439613
1.38653
0.32379
0.695551
-0.481053
0.354861
0.66757
0.028093
0.907295
0.98036
1.33368
0.847032
0.813571
0.74505
0.551586
-0.0339543
0.00954018
0.393143
0.245863
0.128455
-0.10184
0.141397
0.758667
1.21318
-0.0884393
0.987758
0.807258
0.663421
1.03995
1.6606
1.29288
0.741249
0.92832
2.06343
2.10043
0.488743
1.93864
0.929545
0.671797
0.727946
0.896704
1.15846
0.895138
0.375997
0.534128
0.0755969
0.28133
0.502424
0.2377
-0.278568
2.28945
2.32912
2.23502
-0.225812
0.404271
1.06484
0.336076
0.283101
0.222853
0.282846
0.561807
-0.0316619
0.849162
1.7898
1.99178
1.3824
2.25835
1.10833
1.7975
1.41994
1.68637
1.21304
1.22171
0.40164
0.69706
0.19141
-0.143582
0.0233043
-0.263002
-0.657227
1.82933
-0.397035
0.982076
1.26885
1.00365
0.64355
0.818576
1.05686
1.39471
1.22294
1.07867
2.17839
1.92583
1.56988
1.04164
1.03591
0.239262
-0.229825
0.650976
0.533175
-0.343195
-0.303061
