546
0.20499
0.802134
0.0312712
0.042408
0.193505
0.550469
0.0947376
0.0763193
-0.105596
0.748854
1.20818
1.74235
1.53416
0.275533
1.05643
0.627779
1.13239
1.39234
1.67063
1.4038
-0.082547
0.0897983
0.679512
0.844308
0.820338
1.08837
-0.673227
-0.541348
0.102713
1.5814
1.67151
1.04622
-0.438538
-0.39031
-0.0174504
0.675282
-0.393451
-0.100791
0.642019
0.886743
0.273523
2.49027
2.67192
1.8093
0.361387
-0.440877
1.43321
-0.666774
-0.497841
-0.457174
0.0575122
0.773053
1.11625
0.271606
0.640126
1.61178
1.20636
0.922489
0.472845
-0.347075
0.00972142
0.574686
0.621232
0.178818
0.300589
-0.412684
-0.531188
-0.489958
0.876391
0.492961
0.849392
0.492226
1.16208
1.80103
1.83114
1.56709
1.38723
0.082979
0.139059
-0.618128
-0.207298
-0.798022
-0.256913
0.706554
1.54432
1.19326
1.23086
1.08847
1.23204
0.981996
-1.00881
1.07062
1.01924
1.05902
0.243994
0.537278
0.730663
1.00553
0.358349
1.48287
1.0173
0.026329
1.31171
0.662111
0.144183
0.282362
0.41559
0.592223
0.591697
0.691881
1.31005
1.1375
0.219001
-0.0281658
1.06806
0.311208
1.18204
2.1022
2.12422
1.27323
0.775712
0.544981
0.787109
-0.190092
0.27314
0.2145
-0.824842
-1.0006
-0.187299
-0.0619225
1.06578
1.39597
1.48336
1.38194
1.50476
-0.260696
0.482901
0.816919
0.709216
1.13422
0.232674
0.274602
1.65394
1.99159
2.0824
0.775703
0.69624
0.202547
-0.282027
0.0752617
-0.533295
-0.50877
-0.303217
-0.138591
0.282288
0.865761
0.959858
0.955231
0.576551
1.07785
1.16322
0.129165
0.046643
-0.228444
1.27286
1.28874
1.16086
0.713642
0.793386
0.210316
0.612441
0.804058
1.18314
0.733964
0.799441
0.0360392
0.475763
1.15672
0.876026
1.16621
0.218388
0.900778
0.392521
1.29616
1.33701
1.18194
1.0148
0.295864
1.97954
2.38246
1.61245
1.82822
0.109702
0.67899
0.457823
0.314775
-0.24561
-0.259753
0.117302
1.02269
1.64355
1.37809
1.09034
0.444425
0.379778
0.206242
0.558574
0.174635
0.653258
-0.286039
0.501189
0.652577
1.22606
1.03683
0.944502
0.0609937
0.524196
0.641684
0.904671
0.193622
1.2521
1.39728
1.39117
0.639005
0.730309
-0.261187
-0.0892581
0.461982
0.802448
0.862706
0.721957
0.699465
0.703094
0.911617
0.333993
0.295059
-0.453897
0.265322
0.892716
0.634116
0.271484
0.567799
0.826421
0.867643
0.737529
1.05738
-0.0527246
1.51855
1.31134
2.30143
1.43535
0.626827
-0.612654
-0.292325
0.0772095
0.351685
-0.0694421
0.388535
0.327944
1.21472
2.20483
1.48083
0.61226
0.877417
0.18501
1.48933
1.07264
1.09518
1.41197
1.27106
2.23391
2.17227
0.852094
0.130081
-0.592196
-0.437947
-1.04693
-1.0995
-0.336483
1.30672
-0.0594012
0.408563
0.380359
0.722308
1.02348
0.173896
2.22869
2.22134
2.42296
0.642738
1.47341
1.40585
2.25098
2.1631
2.52727
1.29489
1.37994
0.0275689
0.267922
0.17226
0.385699
0.0584762
-0.0193229
0.0364789
-0.611601
0.000943806
-0.274065
-0.0588523
0.643037
0.666844
-0.187669
0.253549
0.251595
0.418771
1.1116
2.18325
2.2938
2.5117
0.889863
0.876593
0.908361
0.533345
0.775097
0.644091
-0.280285
0.0681771
-0.516785
0.219211
-0.00257748
-0.260245
0.436507
0.813101
1.04351
1.30729
-0.235313
0.889407
1.37368
1.39328
2.20433
0.928274
0.986195
1.00541
1.11999
0.789556
0.471338
0.0894759
0.842382
0.986204
1.44584
1.39374
0.46867
-0.44977
0.589687
1.20064
1.30749
1.70021
1.99617
0.239189
2.55338
1.46299
1.43189
1.17521
1.28791
1.40144
-0.153133
-0.390906
-0.172378
-0.0690285
0.0571151
0.512216
-0.643122
0.0796631
1.22424
1.65581
1.46601
2.29252
1.27358
0.493358
0.637554
0.325749
0.160757
-0.277484
0.0393741
0.26528
0.623636
-0.0990143
0.891558
0.9519
1.54913
1.20931
0.491
1.14942
0.594576
-0.133032
0.333823
0.126889
0.759767
0.618722
0.44455
1.74772
1.68628
0.201359
1.46126
-0.127027
-0.289558
-0.460537
-0.245771
0.38492
1.47671
1.75304
0.474667
1.24488
0.662952
1.11279
1.3661
-0.353666
-0.497039
-0.442386
0.211093
0.529933
0.00715572
0.3383
0.579886
0.137107
2.74645
2.08862
1.92226
2.49095
2.12996
2.26789
2.15508
2.11607
2.11404
0.649254
2.45838
0.050377
0.32506
0.478795
0.14397
1.02269
0.44943
0.382712
0.240392
0.313807
-0.206389
0.283721
2.6963
0.974507
0.834784
1.20388
0.697061
0.722888
0.918808
1.03652
1.10437
0.682114
1.139
2.53762
1.18397
0.486043
-0.166573
-0.761215
-1.06506
0.0389043
0.409347
0.923191
1.71532
1.92045
-0.934237
1.10158
-0.582295
-0.776366
-0.366659
0.0713706
0.779529
1.16004
0.46567
-0.0952864
0.856006
0.0364028
0.582693
0.876192
1.01873
0.854438
1.43142
0.538457
0.808884
-0.769032
-0.0684734
0.996281
1.32474
0.584859
0.240707
-0.302859
1.61896
1.98452
1.64337
0.774517
0.628927
-0.400843
-0.614095
0.109008
0.238759
0.263987
0.654553
0.0615221
0.789119
1.95161
2.1845
0.466889
0.678145
0.233171
0.1164
1.23745
0.0472106
-0.448703
-0.686255
-0.4477
1.10245
1.98299
1.62758
0.636877
1.29843
1.43464
1.02992
1.66421
1.3079
1.15551
0.50633
-0.246877
0.498701
0.911383
0.485383
1.31521
1.12127
1.52238
4.09013
4.15328
4.13935
1.56601
0.931291
0.820964
2.75024
2.6585
2.62551
-0.0124632
