546
0.0348105
-0.234093
-0.463877
0.511897
0.126573
0.419951
0.500442
0.371336
-0.369386
1.06083
1.11038
1.1523
0.406246
-0.45005
0.434117
0.649717
0.94812
1.64067
1.3499
1.15052
0.691743
-0.0475409
0.319996
0.436428
0.544226
-0.301254
-0.65305
-0.434144
-0.440498
0.199162
0.173196
-0.0137492
-0.512734
-0.384783
-0.321951
0.622102
-0.128024
-0.234514
0.0226829
-0.0966069
-0.21795
2.01141
2.02461
1.77672
0.582611
0.54594
0.66929
0.787801
0.803017
0.575097
1.16831
1.32255
1.3606
0.0859428
0.0932033
0.294287
0.190785
0.489125
0.0955537
-0.330075
0.505679
0.728137
0.536621
0.160497
-0.0183599
-0.51018
-0.679875
-0.529005
0.328749
-0.252181
0.0376544
0.438168
0.443728
1.35353
1.5361
1.6439
-0.699382
-0.591197
-0.588325
-0.134689
-0.650372
-0.647033
-0.642226
-0.357035
-0.252318
-0.214411
0.194538
0.160101
0.102525
0.388261
-0.114242
0.342641
0.0876103
-0.486932
-0.62409
-0.0578754
0.959117
1.00141
0.86694
1.10382
1.06449
-0.302226
0.889814
0.514517
-0.53456
-0.528794
-0.659807
-0.793497
-0.221127
-0.237559
-0.213529
0.144081
-0.348218
-0.35475
0.175098
0.300378
0.405712
1.04596
0.641892
0.540114
-0.0850154
-0.068896
-0.35495
-0.448823
-0.740452
-0.372843
-0.161206
-0.245936
1.30447
1.23569
1.35253
-0.226112
0.798174
0.882638
0.948822
-0.643918
0.0817544
0.129217
-0.24417
-0.209604
-0.134384
-0.288123
0.848114
1.53048
1.70002
1.95632
-0.212962
1.62332
0.462401
0.357032
0.0314884
-0.191308
-0.158426
0.100631
-0.0670419
-0.282831
-0.333284
-0.145327
0.166147
0.413743
0.473232
0.287075
0.0226962
-0.0316677
-0.116811
0.16859
0.20019
-0.0291928
-0.128386
-0.242805
-0.624243
0.314105
0.367887
0.169234
-0.627599
-0.686898
-0.433198
0.176244
0.148873
1.13698
0.13465
-0.11075
-0.175391
0.534981
0.66415
0.494793
-0.266896
0.0967352
2.63824
3.07934
1.41667
3.12236
2.11584
0.605746
0.305075
-0.123979
-0.539715
-0.368848
0.314658
2.30403
2.2764
1.13282
1.99079
0.865968
0.928998
0.358772
-0.0601157
-0.0416998
-0.229287
-0.438532
0.123912
1.59929
0.540713
1.75698
1.34767
0.0669891
0.960524
1.52105
1.46816
1.12229
0.14221
0.892989
0.461863
-0.496857
-0.201792
0.519755
0.524018
1.34535
1.2501
1.11503
-0.435168
-0.541519
0.084119
-0.100029
-0.216887
-0.529178
-0.629795
-0.767243
-0.800351
-0.776594
-0.603355
0.259971
0.645029
0.489966
-0.0208415
-0.0600838
-0.642228
0.159246
0.535296
1.37834
1.39292
1.23629
0.426089
0.285847
0.182485
0.427927
0.118702
-0.532366
-0.134171
0.99048
1.21421
1.46256
1.54311
-0.362624
-0.508743
-0.610018
0.200831
0.192436
0.9027
1.12409
1.5963
1.83854
1.92702
1.41506
0.664306
-0.438248
-0.579776
-0.640991
-0.427509
1.24623
-0.404112
-0.45476
-0.380298
-0.280203
-0.198251
-0.241401
1.98885
1.95554
1.64343
0.71948
0.812436
0.805154
1.94846
1.95467
2.20858
2.10406
2.06835
0.133419
0.061259
0.160146
0.0137397
0.514376
0.156681
0.0268152
0.223901
0.0757707
0.369813
0.361063
0.366506
-0.0640426
0.0105671
0.352003
0.348763
0.238254
0.730067
1.3369
1.74829
1.44135
1.77692
1.666
1.93769
1.9363
1.98415
1.5265
1.69604
1.30953
0.81829
0.409111
0.278924
0.0743887
0.184119
0.0807218
0.028902
0.13993
-0.434126
1.72667
0.303311
0.130466
0.470543
0.454934
0.579284
1.24663
1.72935
1.76662
1.38682
0.440318
1.54301
1.87617
1.86367
1.72774
0.123632
-0.135981
-0.0998548
1.33398
1.37509
2.4889
3.61444
0.022709
3.40633
3.06873
0.80068
1.85716
1.71146
1.96047
1.54433
1.42781
0.45539
0.51778
0.0875624
0.306281
-0.00993599
-0.0701261
-0.191568
0.142326
0.128414
1.01
0.801514
0.730376
-0.370587
-0.0255454
-0.210876
-0.638131
-0.348591
-0.274227
-0.110002
-0.109165
0.0932107
0.251152
1.74496
1.72737
-0.110665
1.48103
0.24779
0.545562
0.598685
0.690078
0.709208
0.507769
-0.392522
1.95667
1.95344
-0.263708
1.69174
0.504035
0.0658975
-0.225612
-0.419815
0.950043
1.40177
1.39522
1.1371
0.364497
-0.25928
0.490428
0.276888
-0.265292
-0.415182
0.30382
0.221043
0.166427
-0.0817773
0.43693
1.05614
-0.54137
1.95025
2.00579
2.29168
4.03421
3.97529
3.9413
1.89346
1.60591
0.66262
0.709155
2.4168
0.391943
0.538568
0.40426
0.67821
0.882991
0.584439
0.302764
-0.0342333
0.278133
0.0527715
-0.385989
2.7366
0.515001
0.335082
0.54014
0.556798
0.598493
0.956051
0.808173
0.648193
-0.254987
1.36202
2.79383
1.46525
1.30385
-0.1091
-0.336252
-0.366106
0.176577
0.330606
0.688442
1.72626
2.34479
1.49517
2.08665
1.33021
0.767369
0.303676
0.478836
1.38564
1.65571
1.70941
2.47463
1.96724
0.875556
1.92437
1.29303
1.21163
0.327757
1.13171
1.44521
1.39877
1.0273
1.33797
1.13867
0.610305
0.903179
0.445773
1.38334
4.02943
3.82982
3.85307
0.488158
0.426664
0.131889
-0.510343
-0.406833
-0.347628
-0.662314
0.0746593
0.443215
0.532513
1.06218
0.158155
-0.0544095
-0.423507
-0.270925
-0.244465
0.587941
-0.546602
-0.436982
-0.465327
-0.312621
0.0440048
0.380439
0.235462
0.254546
0.605758
0.62192
0.667964
-0.166072
-0.262763
-0.390878
-0.558638
-0.553758
-0.421605
-0.575111
-0.211779
-0.128841
-0.128369
0.72888
4.20476
4.06085
4.01987
0.329766
0.00635287
-0.552413
2.21179
2.88106
2.93654
2.51712
