546
0.1549772931616204
-0.01189839148618226
4.106029149274034
0.13635819152791104
-0.27869410463069727
-0.2762678945126929
0.42510661031087993
0.45451065807103624
-0.3935174714948321
0.06072809921092815
1.237339187213648
0.769808138444489
-0.2963620389494493
4.309214232583073
-0.5247373841732147
-0.3777281401032216
0.23045000984502642
0.012611546542850027
0.07691524484823875
-0.3254418713797683
-0.47315615825222307
-0.37399788748349305
0.04611485718960447
0.04001629229192763
0.306609692116103
-0.3960223760784409
-0.5356846950426083
-0.41878552392958834
-0.16865442920568843
-0.23875309327402464
-0.28000141663131867
-0.21727380600971397
-0.13429383197832412
-0.3240453745816962
2.922228916273106
0.607079169406301
3.078257394892233
3.4828273635949056
-0.01302731503290657
-0.44019013231137677
-0.3241791048111362
-0.14992083379782117
-0.1157522524346228
-0.5017403119902967
-0.3559943026696695
-0.310021057104018
0.21669387619954286
-0.3465411055860128
-0.2343817748362199
-0.4153490470761844
-0.45115931843957285
-0.40048651534945495
-0.41377380710069017
-0.37979394228726937
-0.4885982587905923
-0.5080873025485942
-0.4980816050028786
-0.29391168233732345
-0.22238262839698786
0.429917274763204
0.45372840317054614
0.8359809232742287
-0.22211655827344443
-0.22027058893042942
-0.24447665274056174
-0.03154443822921888
-0.03396323934842143
0.08207819442466206
-0.3254578855895986
0.2869737488051344
-0.37236059378958275
-0.5337508225574626
-0.5299737888101609
-0.38372244485704554
-0.11465347924501827
-0.1358670181331092
-0.4848119457504808
-0.4561474013437054
-0.20556779359389862
-0.39615204419844835
-0.43453423378400347
-0.3921327984645332
-0.3595721019624976
-0.3190014500708509
-0.27403766166739385
-0.48614216963229595
-0.4847429105712037
-0.3750278267863924
-0.1851394063127588
-0.2079731417044222
-0.45621053991243943
0.1555133452704571
-0.20091321426841804
-0.2728549079570633
-0.09540063472617744
-0.45149711898283884
-0.4793548850252797
-0.20406306436309615
-0.197933029144843
-0.22897149824660568
-0.28673925581910803
-0.4594073645389246
-0.027902210200554337
-0.1865254421077872
0.32472839024119965
6.143946084129663
5.568020223957565
5.207857704725063
1.7907793976466115
1.7528281176277407
0.3848602153111119
0.4274107739210524
-0.3730507754736707
-0.4684083867365291
0.3296350882390331
0.20598243163441152
-0.18309939180801438
-0.07098237332952771
-0.3667600284972255
-0.31102373961252355
-0.14655802270192148
-0.02845425586582578
-0.13476062754057344
-0.3147899416727716
-0.49013425647769826
-0.1985035048167323
-0.12197891708694653
-0.07977496530259622
0.01723065526860006
-0.2058866376250399
0.07333920130817491
-0.29993977984159625
-0.08669843157441308
-0.3609156305107672
-0.13167391191407274
-0.47751906187205495
-0.19232367764512087
-0.41325070890979293
-0.48764252533670166
-0.29771864327900344
-0.09645669467963347
-0.1502455321830683
-0.14624841601859864
2.6635604483018382
8.085035400288684
7.217090604598495
-0.4955869114400183
8.269542291008849
-0.15519524955123343
-0.45797524735795025
-0.5227804428876262
0.0009045416741051234
0.18776192217556129
-0.32625382680861964
-0.021002792321709474
0.12535170217689287
-0.30131189166778183
-0.4929938785715978
-0.1795074703105461
-0.12334799749354859
-0.4955330759974249
-0.4979775545758523
-0.3399854930522255
-0.29656269456977075
-0.17419883271264408
-0.3170700571943801
-0.05714132258022576
0.3148376295954451
-0.47598191195624917
-0.3581922521933418
-0.4545435330056863
-0.4951514089657648
-0.32695809311480434
-0.27343520124889714
-0.5181791176599634
-0.2985568656619268
-0.22784375795189976
-0.3010554312559015
5.46838882608305
-0.3688178996172983
5.305694196789845
5.8160485900670995
0.20543685060125313
-0.09685168642172338
-0.04189029981647385
-0.3384257373596435
-0.31849483044834803
-0.4629576929246937
-0.43748507397494396
-0.49464996381529397
-0.1566844258124404
-0.4082578375481854
-0.33961604757488106
-0.3804952335107324
-0.37229725613082604
-0.4395342175072856
-0.2955076672555657
-0.48405552190846624
-0.522551910137645
-0.5008096016814613
-0.3429672483647727
-0.18045393995974812
-0.4419905802046343
-0.4547855920209409
-0.18496332819161454
-0.255291426704979
-0.1513509594596687
-0.3832419963839524
-0.043391225258539945
0.8959591088978809
0.766626093734736
-0.3875331795413787
-0.14021818600080405
-0.2589757621333824
-0.1497132694208018
-0.26656895710391737
-0.1359169121557681
-0.4160448948105987
-0.28119459963208054
-0.25216407599263285
-0.3016239529998691
-0.2332660182470389
-0.03152849862634438
-0.4486803919527655
0.8535916576933998
-0.19092876489116176
-0.20110614313329908
-0.27749384921801923
-0.3501243219914218
-0.34177190881144004
-0.45219997126565115
-0.40389654288535914
-0.3240154353335821
-0.15267368334658762
-0.4257083211921764
0.8854984330270421
-0.5292130616736909
-0.5232374441136389
-0.285305781548132
-0.3883380194676182
-0.3089588697875709
-0.40704115469301705
0.1611902344437341
0.23449227522541777
0.1621298124830615
0.4465367630024689
1.1914621996396433
-0.17059361536559545
0.03402436327057346
0.031429008220147076
0.07013008977636337
0.14398411414612233
-0.10248210616931305
0.8414232711064771
0.6919405192012628
0.2322843916375525
-0.2403409146853113
-0.004906879494355717
-0.2061502283610658
-0.5237608117324029
-0.4708414537466174
-0.532612328842711
-0.4570024101749006
-0.2038758001979078
-0.09859936189090943
-0.2909937243738597
-0.011783443403298914
-0.49109444640481953
-0.22747849384711358
-0.4754393612275104
-0.32941043295691624
-0.16808691579541346
-0.11741841289899675
-0.43124128211112644
-0.42037453995220575
-0.35536214122249343
-0.24359638847069595
-0.3213566023942129
-0.16532123900514675
-0.3974301820989421
-0.1000402659022821
-0.2929967710315044
-0.3684433999708742
-0.37845234007167994
-0.3699232357350846
-0.4382557956687764
-0.18375403669220938
-0.0978123051965701
-0.25380717482884735
-0.2643072241211567
-0.474677440018572
-0.03419829461410267
0.29300600281453565
0.3486953582176954
0.7562275123057909
-0.21403231714771154
-0.06525158390045906
0.5822641794219209
0.45629431815350613
-0.3562783724017865
-0.1702001323009407
-0.2642224704442469
-0.3904273854468797
-0.09275957918314102
-0.2375505346849904
-0.378130880198288
-0.27918672255621674
-0.14670918138196332
-0.4243527621830291
-0.2074027771554531
-0.2706948469280782
0.7647306524143574
-0.4050082846021881
0.6781993841765157
0.6117642222253755
-0.039006886126636525
-0.1357847230338875
-0.15511617441701223
-0.23417195315085063
0.1058380341066796
-0.1398841706993225
-0.15196589369140215
-0.25142829841586894
-0.29348432048384354
-0.31123036129697906
-0.44446043647660843
-0.4111982198782593
-0.23759282814163415
-0.2517549157982191
0.009219753706397936
0.00523491635240737
-0.3049241855235033
-0.21352976701197326
-0.005752412420656179
-0.2854760908769704
0.06037131926739862
-0.1837399940873699
-0.2770802628060312
-0.4227233317374653
-0.4533623601650292
-0.18005785078235897
-0.2683542095218652
-0.23974774358683296
-0.19028363479446037
-0.2613247449834875
-0.22215442569488217
0.3174706066856124
-0.4112789448461921
-0.2737982375676193
0.18893120455781737
0.42601002071206995
0.20366108879316985
0.2941973341044474
-0.5322059810942017
-0.5088497300083887
0.07857112127563325
0.16149540211037228
-0.3522169412145833
-0.05854648441092097
-0.24487552214883457
-0.24783054241945188
-0.18105390206911395
0.1305856810340498
-0.11713792646734154
-0.29865462015148436
-0.4639709712110194
-0.2862400743260778
-0.4017343786634897
-0.4625598327412098
-0.3865126015794165
-0.4051770625258153
-0.41303348619259816
-0.18688518270796026
-0.23741511235406912
-0.044124264969713056
-0.18995698178916604
-0.12651059891191102
-0.2573309066682074
-0.049616333191855246
-0.4429349121594794
-0.4856146388834479
-0.35531174245869085
-0.17338916194443776
0.42393400340749166
0.5196264091366296
0.6241569122056276
-0.1599804788883029
-0.3251175118992833
-0.2942127263296018
-0.4308603646014273
-0.26069717488571154
-0.4104732230609237
-0.5062381883575068
-0.33804089380983127
-0.2748407495821179
-0.2688917887661742
-0.449772037310949
-0.321535557943982
-0.4337293313119985
-0.4113388916407667
-0.31077765781989636
-0.37669324296267825
-0.42442916173872364
-0.08308568940000471
-0.2659251293283901
-0.5131167043776708
-0.40390127140448956
-0.14257489657565764
-0.04377686490575511
0.5980247218986242
1.1688902092790934
0.6389280606481014
-0.394413220253812
0.9130861157711712
-0.2519184601300356
-0.4758193655616296
-0.48475230186492757
-0.530278047370352
-0.4922881806239622
-0.4992314561771255
-0.2967617318186005
-0.37917357197331353
-0.00847589291906019
-0.4823159990794527
-0.22891287913540845
-0.14031805675728676
-0.3229308000797032
-0.19291849066984443
-0.3305223786513705
0.3692648016440917
0.2020021849943772
-0.16151728719765576
-0.34673987479365675
-0.32253276001036585
0.13888060488734763
-0.5071499578057043
-0.38820170623913625
-0.36478371238182783
0.08665882688853138
-0.4495966108283155
-0.3011136163268493
-0.05804633461405893
-0.021406548181617167
-0.38186279961875763
-0.2870559817360339
-0.13226051934174105
0.2232578295549348
-0.1903740751194309
-0.10247258848195202
-0.2775603409534325
-0.11139652458737186
-0.1914371334130842
-0.4546403779418972
-0.47868305951136214
-0.4742747451875807
-0.3598627859726154
-0.1615369480795083
0.3392847313151972
-0.19342672879570152
-0.3104644117343803
-0.1185680239501975
0.6992278770271133
0.572774031885522
0.7834881140371965
-0.11213264064562274
-0.4308968053832878
-0.42048928433567
-0.2178055627266795
-0.44370479876384306
-0.49296689788492043
-0.3918726521589367
-0.37361360224134355
0.11806178266520043
0.002945196274350769
0.10704805802733963
-0.24188823546949026
-0.03174331907092147
-0.11552852459109296
-0.16369989780834437
-0.4867047844998443
0.268867395621838
0.30970253352389854
0.2585106261009864
-0.2215863601256247
0.3468390793912189
0.10017331287114252
0.36121875839013395
0.3219392120033678
0.07125308707883438
-0.10994087109427754
-0.4678448008087517
0.03967248752905845
-0.3086296038199799
-0.37532025705325606
0.13101288855908666
0.4637114131147725
0.8459711214150603
-0.42934234478187083
-0.09139938477206173
-0.3308139361771226
-0.39135052899445677
-0.4738015562538156
-0.36563357280085435
-0.2041682287300652
-0.385640372347577
-0.42582235251952444
-0.23562339515385014
-0.3383165493545454
-0.2765391996310481
-0.20525564365552673
0.9303552367078884
1.3044852660542412
1.348692054283635
-0.1988935688095041
-0.1078139980920375
-0.36942368194270325
-0.4422994677663242
-0.46423594080326935
-0.3775606184807068
-0.4005929312515802
-0.4737357501221055
-0.2690955026012457
-0.2492145817157993
-0.2364484778259551
0.7080840582132463
-0.44452698269540286
-0.15249822470664218
-0.22576735557418032
-0.1028031033377522
-0.18326020802892498
-0.16976620676053342
-0.1631655696737371
0.03170080681757324
-0.2493935037421257
-0.5371419661725251
4.643010555494829
-0.3668295901422674
-0.25295555408739046
-0.12793738871060947
-0.13877729309365391
-0.17109027686323397
-0.20047638328441147
-0.18538378791853183
-0.4003670329302367
-0.4491034235712721
-0.33113878201012426
