546
-0.3135155310015752
-0.2587626842209091
-0.022041661231014916
0.764238104875589
-0.2427209423037943
0.5263419137959133
0.40136875344120904
0.43416646567424266
-0.633863470145244
-0.6009775007679393
-0.3369857156400914
-0.3229658377047889
-0.5131771804722401
-0.5078519006527117
-0.33477478584178105
-0.3514810915329985
1.7565787181891708
1.3849464077051041
0.18868419440611667
-0.12676869000128577
0.21291739256815687
0.6865968636193084
-0.06008495995890744
-0.24487304428361817
-0.5763241977463736
-0.6427136330203054
-0.6323290822660951
-0.3524440564402356
-0.4615743975739566
-0.5487396233930004
-0.5688382640025015
-0.05766152539887769
-0.1668566180003647
0.4959366645613343
0.8141488245491139
-0.6058153372342563
0.12353817387190769
0.04717627650881922
0.6750272603925302
0.14429320519791516
0.2035243208469892
-0.5053594311093935
0.037104973311220805
1.7079349731051907
1.9170861800821597
0.5459016707049721
-0.5133926840284874
-0.38917229017352084
-0.37212329026493696
-0.4155992516327053
-0.3585983948099321
-0.5597635264853317
-0.4940429247660213
-0.5228274577544079
0.7683205203164561
0.9429241993339134
0.13679159100128183
-0.4877286599588427
-0.4155689321472369
-0.25627899132499876
-0.5581241529805204
-0.4811451955932774
-0.6183892647477623
-0.6058598771176402
-0.3370942388234898
-0.1753348830570555
-0.2685309043257967
-0.09861965264670913
-0.28705842687992944
-0.633647406722058
-0.2672070029792864
-0.08313655338754511
0.7607938462560113
0.9426124678414819
0.18987322557420866
0.4569972790476075
-0.5591506197851824
-0.49312733651990226
-0.5079748242738644
-0.6278193996929312
-0.0992841094386037
-0.2603234194481654
0.09883645486961477
-0.0048526726434344695
-0.3295774854898924
-0.5004076874816179
-0.45722561548409396
-0.3537114191589045
-0.5100405516851535
-0.47228526041449126
-0.6227704784211555
-0.37758043601317187
-0.45677187850254064
-0.01211532248431562
-0.13800654369350435
-0.049076307576007026
0.47601901132760793
-0.40347281296839543
-0.3151226626002017
-0.486103551700001
-0.32789373272285305
-0.5760915580169408
-0.4595692605271598
0.3959465837629028
0.6915164219235225
0.3479766272026777
-0.14862349233700303
0.023921317404186317
0.2741375468905972
0.2423321626232851
0.22713915661264558
-0.6001444502356466
-0.363079677787802
-0.3073727994781787
-0.5547825928239433
-0.5608716998154929
-0.5565329862496268
-0.36069153910861357
-0.4608037716539584
-0.4524383156738438
-0.41115323053831476
-0.24257131156714198
-0.16634505317695228
-0.2924660246116441
-0.2684672903629188
0.026780548819346755
-0.14918681867262445
0.08564314658982096
0.978969561624049
1.7042905240232031
1.4531425498543669
-0.22319694397002177
-0.3794730236196819
-0.19933767045113399
-0.5455964908821068
-0.42952974049097664
-0.5698368393583974
-0.5302370162882175
-0.6417051860710437
-0.555252625312381
-0.5000960121151072
-0.5470864761549811
-0.5570634330510671
0.29553299587929566
0.1357343753204404
0.6455275905543454
-0.14342400487402704
0.44216438801299196
-0.3063348322179192
-0.3993986913775544
1.3395150978195758
1.9038338288519134
-0.15862424689507962
0.23869370654395464
-0.4572735410849843
0.19297530473714586
0.23219068399602946
-0.5256607856801168
-0.45631603550536076
-0.4869576269153072
-0.29504376994020404
-0.13845163107254949
0.08856509794654872
-0.5629463036394454
-0.5376965915705672
-0.6363575320835554
-0.5601717127588741
-0.49387451233391594
-0.4502982905258802
-0.11231005414585539
-0.45391038150284446
-0.5592223934171455
-0.5023533703733531
-0.5951015298872259
-0.5012845513611174
-0.5317759434185868
-0.3870148077310155
0.044807386357440096
1.4782808560935359
-0.252042595697123
1.1105346786056558
-0.5112326684297895
-0.5252336147636106
-0.5858778797783154
-0.47798820705959144
0.2892658477809349
0.11626673133217232
0.05195117431245294
-0.18306517693488394
-0.41922982424746086
-0.3202898041493723
0.8611612800313906
1.0876412830993576
0.7132105272664593
0.8643370056521433
0.42026511227605035
0.36865530227304955
-0.4705972380216248
-0.3802212947210847
0.4128619684960268
1.0645010488027389
-0.5788381903033727
0.6696068822994671
-0.4773909787589902
-0.588915149301178
-0.4235619069471733
-0.3470699211056298
-0.3476441207918403
-0.3884005472774781
-0.5372262358903162
-0.2728041927984327
3.2077049258069383
-0.4986519721872496
3.9008821598572445
4.044851549854908
-0.542060492869565
-0.28104026756595124
-0.14401840313725048
-0.5765082560873996
-0.5971326725844083
0.1087579182928325
0.3409343466473669
0.0794817222500385
0.3272787209151286
-0.427973063126265
-0.2352016388973958
-0.41869597804501735
-0.5120163646450832
-0.5054751961376401
0.8080449359774737
0.46058742815738535
-0.04676085431356863
-0.5549646557764467
-0.4083831397194709
-0.5451516583230339
-0.35184665990792696
-0.5375228246549504
-0.36659176347733047
-0.33532547206006
-0.5178494981111039
-0.4438663847028324
-0.6284900367195543
-0.6189073418559607
-0.5791359415355639
-0.5944898510297627
-0.5611322281193215
-0.48157501939539965
-0.34576925049962026
-0.48215606568253133
-0.4457696163180588
-0.5846757164970657
-0.1680784020786168
-0.23738803552913867
-0.3031573237643449
-0.45994096993705075
-0.2735844204170635
-0.3283589572475433
-0.3831380034554841
-0.5291433107840897
-0.24827086924916555
0.01216316492893351
0.04523381611288984
0.156166591199966
0.6037624976149478
0.5333940554233009
0.8084762197148135
-0.03361160482327768
0.2854423297501815
-0.5238337921485112
-0.4163325480322836
-0.37567017247136014
0.05857926847936586
0.24662233762061098
0.46224693422837065
-0.5122181422718459
-0.5336311155070884
-0.5008601627364496
-0.048229752080549526
-0.5451126381873742
-0.5059827698989071
-0.6147648608432907
-0.5211189850695283
0.006398660979888126
0.04029710377636803
0.10968828579606299
-0.500407080899033
-0.18330073864607657
0.04828207559259077
-0.03884622794531711
-0.6055764511111029
-0.514849462591765
-0.29300913195894457
-0.020939756859323734
-0.47266699238345966
-0.3644525444185868
2.3762646960964493
1.418164442558867
1.1217081880247628
-0.2727274642367561
-0.5475013656526437
-0.370411262421913
-0.24669112942341773
-0.4384544267288476
-0.3900636201149413
-0.24497217449902917
0.4297991589344397
-0.07395913832261776
0.21658601426718288
-0.06857327869797357
0.0971505114927687
-0.5809427034898679
-0.47181264501509546
-0.5813854223214834
-0.539131003406364
-0.1910555453134834
-0.22618885839977007
-0.4411802046876537
-0.1352837320991675
-0.48324658335890947
-0.46902687438511836
0.2068485692022472
-0.4821498595809557
-0.21429111062646752
0.11172349768682882
0.34222852524756686
-0.23943664318333044
-0.046513145030854824
-0.17952781065836537
0.20945928660382312
-0.41706074049468606
-0.03122774243573561
-0.14049301438117806
0.3772285077621563
0.4005566393510521
0.02675253313874135
-0.034700133823988386
0.2729379703648499
0.10321109869523472
-0.3349274149419326
-0.20755831895041701
-0.4016709051409118
-0.2240100956807657
0.1458958240732634
1.0737966217729393
0.6137367945909166
-0.3596887571684167
-0.32702162210043434
-0.35227195607198614
-0.13015251727552857
0.1063553524760084
-0.5573740064574064
-0.5647313997715623
-0.6272452629938525
-0.5519595669430251
-0.5144660982120649
-0.28168238013427627
10.163279226722192
-0.4777463271998366
10.29613104597154
11.030268777988862
0.6683769196468765
0.9471559537997194
0.2968268849185935
-0.5162041924319609
-0.5182678507093543
-0.5628963019768622
-0.13710522462508032
-0.34593126088224874
-0.5068804785579859
-0.4009313378902457
-0.5018593677565435
0.3776238875295206
0.5206393748316763
-0.12661753743157264
-0.2473074345181484
-0.6152855293193716
-0.5616034735981826
-0.27968314086830104
0.11551993613959663
-0.3182513404469642
-0.05912313128057067
-0.08398610127943766
-0.028992392905570947
0.6090959503197093
0.6473976983113642
-0.5104529362859317
0.8082377893481872
0.3855540503009955
0.024627420500780334
-0.44281553601446955
-0.45667446760486713
-0.49786330297656206
-0.5089902760848398
-0.2752992514199302
-0.3848473241042276
-0.3121859321548263
0.25081248297051734
0.6631072229037992
0.07573664933618654
-0.5071983251254633
-0.4947656407702566
-0.4868529048642855
-0.2288678981179845
0.31036426129932826
0.3738244135743771
0.3364691035183221
-0.21620807330233613
0.060786523070017785
0.05914506253003999
0.15120583590412365
0.017359567430310748
0.6928116346775931
-0.49981609985926684
1.0998846367127086
-0.5343516731803735
-0.4922765350079145
-0.2352534606178735
-0.3934624120303012
-0.5249830142368526
-0.560291639028695
-0.5707369855441019
-0.353981688037096
-0.26518596690246515
0.0003565776949239019
-0.018200870628171776
-0.47052642509087006
-0.4559503902326635
-0.23202267989848277
-0.08050202385645193
1.8270174472828995
2.804448781834102
0.37963420210804777
-0.037551461088793134
-0.3617186136688003
-0.0973988757750546
-0.5981204852203181
-0.6204488272804751
-0.32656974717483106
-0.2159480367563547
-0.07739406999922266
-0.006126094713138913
0.11451731996814646
0.4667087989507066
1.804780405429607
1.1455204182837446
-0.6176650853219934
0.0038802628022391998
0.733504678724538
-0.16860369988850746
0.07047107531421488
-0.06181282561272166
-0.5461589412739929
-0.017010663334283426
-0.40041166942263284
-0.1699745451679521
-0.21542703175513153
-0.48401158612948586
-0.46545779283737976
0.1920507510283852
-0.5091604977008266
-0.5484771935009521
-0.41411529602971964
-0.42526439362284635
-0.340415700233736
-0.37406927597588696
-0.5067390305684206
-0.344394170090019
-0.061735154643617764
-0.31115419984393805
1.3424740623455993
1.3134679015620467
1.0781056729607927
0.5171989650991513
0.7570803263732532
0.4608835412213673
-0.22323392507828965
-0.5170226539073588
-0.2801146483551405
0.38498364246862
-0.625524174565372
-0.41984575792550166
-0.2312209030415579
-0.3598716989466427
-0.3393644181306268
-0.10199017384284148
-0.2076402666123298
-0.04179381365465203
-0.1619262225998459
-0.5223057245378916
-0.35411936142930084
-0.5073649177930893
-0.04471474122790854
0.9625234529176091
0.771292272982031
1.8447754019286895
1.6599962691073302
1.524250445530252
-0.5024031570948021
-0.5326118779417588
-0.5259545731784601
-0.4837644247166844
-0.4618169114614082
-0.14330297790088464
-0.5869036675456331
0.7712869300259355
0.5678128438389396
1.0760965466315684
2.043395458202753
1.9281300172002918
1.0219458674435598
-0.3538157425410454
-0.24630303241869272
-0.34864547206933083
-0.4189269919718486
-0.5738912459879182
-0.4802267053283855
-0.46212181680036873
-0.4142648115560598
-0.1780441574636467
-0.08707497075600755
-0.16953893506674447
-0.2839346982281458
-0.5349693044021039
-0.6601803595741329
-0.38352381265294383
-0.5291814529685789
0.13815354826060072
0.42914102021318795
0.083638751973363
-0.14291116764362832
-0.5119146240152211
-0.4667220294294687
0.06175907780510644
0.7885910406322552
0.2961894210954577
-0.45898626467338316
0.05933842391098868
-0.44421308532091214
-0.224901462594207
0.7794971567061224
0.13986289953380482
0.12954411430514026
-0.5802526326253273
0.3751939493124521
0.5885190727000438
1.3462849613370493
