182
-0.03841619029217441
-0.7536424000934101
-0.979108899486676
0.7486593803581139
-0.3998125030614724
-0.30607999781616946
1.3952455702450612
-0.42656022672736144
-0.8760242503615011
-0.9021906914924411
1.906274923040101
-0.47045892034323583
-0.8340858255449677
0.3507262769683188
-1.055706716244947
-0.8370195149529115
2.7298285618817
-0.7013636894389413
1.2033075141646101
-0.5015639592834594
-0.8129300361617129
-0.7277300321035729
1.040636852231211
2.0248784933392896
-0.563361130294623
-0.9056121113845575
-0.028149935970424814
-0.4819935025438784
-0.26516505308094657
0.4124670849569877
0.8884061194870021
-0.6309108176186367
-0.3926110711333082
0.35364255913069365
-0.30828086990085873
2.738047925205449
-0.7387512085987478
0.31619819230631335
-0.3057533613567927
-0.5094341880308328
-0.4621719058493131
1.976081194566112
-0.6121740326194315
-0.978037076313486
-0.4088037659098814
1.5050892156397195
0.025267588058155818
0.774197452468924
1.6454971103296234
-0.1550212696086425
-0.6966919550679475
-0.60242881647783
-0.9967674849693722
1.3198630229819621
-0.8977800073892768
-0.48841234603982614
-0.6331187549760167
-0.9300752764222596
-0.4219853120068773
3.139202561003107
-0.8852226244910973
-0.9696101301797335
-0.8411861314036221
1.1444399010277635
0.44416103885004227
1.0289320119788152
0.0016709997585538795
-0.5524802583852245
-0.5182189569538459
-0.2092889160208202
-0.49417436933399167
0.8692551635313547
-0.23724459195574127
-0.7380625357521455
0.23487012153701767
0.16167502558425667
-0.46470326318705485
-0.5076638358245453
-0.7780797199530598
1.9198778690680371
-0.6567007240699232
1.1626061516051451
0.11401017206304212
-0.9695648649886082
-0.570377249766725
0.6129766490486839
-0.6132687174549615
1.0464924338539436
-0.004881805859012405
-0.9840753127156465
-0.9556212684473218
-0.30656315004301476
3.1234614496606805
-1.0296123541257565
-0.7505615328646665
-0.5706270789325943
0.15694900429791442
2.967791405365189
-0.7902355922299149
-0.31253280446367143
0.06948798354645339
-0.6273018254322099
0.35478348033013796
-0.6676417919498387
-0.5492984386060339
1.48073927901816
2.1294452909202786
1.0058877184223125
-0.47051737124594456
-0.8831005620082978
-0.43077861734283335
-0.5119975639166501
2.2281077143502994
-1.0067576147281436
-0.24883100401207695
3.120790354350185
-0.8097761512203614
-0.8669261884182625
-0.6461893923169849
-0.6942374129417038
-1.0260868705515322
-0.6194433021809898
-0.3171527269539937
0.11869035252921772
-0.43901064942749324
-0.21988050571482973
-0.1080195097567468
0.6779927171887092
-0.3010083235800993
0.05498027821819337
0.9690703164310104
-0.8430784807666819
-0.25633893406023767
0.07585874215697351
-0.038328807717823724
-1.080912638585195
0.8501048161688264
-0.20157694335460363
-0.9341423875690801
0.7803370799266576
-0.9937687554225054
-0.8020358884794997
-0.2692731025257855
-0.11080826135026106
-0.9070437106193098
-0.27094630348294846
1.1338707993035466
-0.45187835705150387
0.10716799339695413
-0.3244343042212807
-0.16731403398705666
-0.4641758696326007
2.20847291094969
1.4175761056925784
-0.102659300882285
-0.8084042176874614
1.4041773858129014
-0.25211967750180697
-1.0772885719676528
-0.59577757096613
-0.045849428694799986
0.3401022036125095
1.2821324815673327
-0.8838745550384979
-0.81722692340491
1.0704543880094401
1.2411794378239054
3.0135128753035483
-1.0192855840355974
-0.8559419613122469
-0.7330201668834176
-0.32885111154907837
0.27582418575088924
-0.997037405637832
-0.9981785648066819
1.3621318593759781
0.14501904022628825
-0.334294668145916
0.47882132125665877
-0.34790838187516504
-0.8863933551171228
-0.48853916422317684
