109
0.99543389847409
1.3091675005745729
1.0705604621140232
1.0697947828507277
1.5098464446481992
1.0543265951124527
1.0658413762623533
1.1328790807375264
1.0169550184606309
1.0735610263230133
0.9905106136669939
0.9788152693917758
1.0517979301368352
1.0631515020763054
1.1250680249602427
1.0952849350545022
1.0407848784852942
0.9799838397878148
1.4534815156253058
1.1776343741245896
1.0204588897109466
1.376046609582446
1.425307863784114
1.1700955164605482
1.0893035999708396
1.1744672795696727
0.9931148775296157
1.2829459759799868
1.0369134074143145
1.7832443909169755
0.9847158007425459
1.0498207794341095
1.0785752560722814
1.3714489389659037
1.0345128374782893
1.0999874089556805
1.5796832976517794
0.9973050639168092
0.9817600584333324
1.0042173183654037
1.1263962693412404
1.1847287311575359
1.1346659459981538
1.0259654092925594
1.0484814145001302
1.0082676173938616
1.0115336532925483
1.8590671421850586
0.990912257645076
1.3811916486832074
1.0721349751815572
0.9929648565145153
1.0061916590506395
1.0095241898853957
1.00183785276321
1.0475083961686902
1.0905686853662815
1.0799534920507239
1.030979843256356
1.1049413143162636
0.9859663689038456
1.115563719481242
1.1512072492931769
1.3993366621220928
1.0027606126815416
0.9890812024915316
0.9949913977978773
1.0014985721238525
1.0086609841700054
1.0108600021959186
1.2719733386343726
1.5246261329742414
1.348860155728341
1.051233494022846
1.2562913421269686
0.9968685130105335
6.418043276633151
1.0084366749968579
2.6241062269302358
2.0273593665538696
1.2884076471006685
1.3627170930744028
1.0187984705714497
1.011087384705799
1.0478379408905183
0.9969435545975175
0.9866725301825083
1.286687136139088
0.9975064676288019
1.1783614239323603
1.0462148999907932
0.9924780566352398
1.814337842888051
1.0348669376577497
1.084983987331107
1.02959386843288
1.7600415989838278
1.9087604491860997
0.9957783227833337
1.4076043867422832
0.992008297463953
1.023744370159188
1.2566118095927252
1.2283590022822213
1.0043274952318149
0.9916942459003482
1.6560271459899223
0.9932040252665804
1.6227137068493618
