548
0.177479
-0.205878
-0.452994
-0.380733
-0.597106
-0.577343
-0.568252
-0.110731
-0.114253
1.82812
1.10421
2.70247
0.564481
0.352027
0.693781
-0.508522
0.552341
0.251562
0.787609
1.25621
-0.108614
-0.397123
-0.465677
-0.226716
0.0443884
0.400397
0.351474
-0.114687
-0.0575433
2.17731
1.90207
-0.458517
-0.607907
-0.172513
0.406397
-0.150336
-0.0418988
0.166554
-0.208457
-0.300783
-0.422323
1.04353
-0.42009
-0.0329821
-0.0467947
-0.496933
-0.0528424
-0.43436
0.172055
0.163566
0.373831
0.17205
0.394021
-0.034354
0.107115
0.505748
-0.000721154
1.14773
3.91092
0.146952
2.13807
1.07355
0.641124
-0.313736
2.05245
0.00116963
-0.137243
2.1447
0.949176
-0.601165
-0.226917
0.191636
1.21355
2.62955
1.20752
-0.354094
-0.678756
-0.585378
-0.765928
0.261461
-0.382316
-0.69588
-0.239295
-0.115512
-0.0370228
-0.441386
-0.291652
0.795683
0.182143
-0.468552
-0.750103
-0.674581
0.471982
-0.63774
-0.385634
-0.238233
-0.23084
-0.0281161
0.254577
-0.276248
-0.271182
1.95152
2.01522
0.772209
2.93319
0.769626
-0.737414
-0.437684
0.138448
0.161403
-0.348966
-0.357208
0.742318
0.383546
-0.655372
-0.588288
-0.256367
-0.526513
-0.199477
0.0382104
-0.223304
0.198184
-0.121491
0.373958
-0.563858
-0.431241
1.2945
2.47274
2.19853
1.69592
0.181757
-0.136066
-0.306823
-0.593031
-0.339004
0.580356
0.248408
0.634585
-0.0894954
1.31739
-0.252249
-0.0136803
0.542808
-0.348321
0.619809
-0.113308
-0.343428
0.775451
0.115649
-0.203943
1.26612
0.444275
0.441814
0.577314
0.204732
-0.597789
-0.320861
0.0511583
-0.30089
-0.25582
-0.207096
0.415899
-0.1722
-0.0372552
0.0616902
0.129267
0.982938
0.241754
0.349704
0.492353
0.452581
0.583658
0.0821071
0.00520285
0.0536695
0.586195
0.498456
0.951869
0.557647
0.356304
0.286877
0.109081
0.426384
0.916859
0.458002
2.11653
-0.137736
0.502904
0.119804
0.85737
1.51424
0.949803
0.212943
0.810241
0.599042
0.266303
0.563002
3.11528
3.90524
3.33823
2.83907
2.04541
1.3329
2.06532
0.733365
1.36498
1.4009
1.37772
0.936865
0.373742
0.192128
0.430342
2.02364
1.96389
0.177599
0.847363
0.875037
0.0920964
0.534691
1.18866
0.284704
0.59796
0.560756
0.92038
0.427231
0.47713
0.427485
1.97472
2.54149
2.71227
3.07603
0.229387
-0.492487
-0.0359363
0.134712
-0.272614
0.440442
0.164831
0.126742
-0.104542
0.603232
1.57542
1.28685
0.545987
0.587415
0.258516
-0.0311987
-0.332481
0.0575096
0.859715
0.237546
0.157657
2.33537
0.44698
0.118397
0.0440735
-0.232327
0.565014
0.276932
0.294509
1.48979
2.60803
1.87962
2.02909
0.30597
0.127602
0.208886
0.0905026
1.19269
0.288304
0.804509
0.307295
0.293525
0.777939
1.65137
-0.570941
0.224645
-0.107879
0.708441
0.292732
0.530683
0.247485
-0.349812
0.317849
1.05383
1.29925
1.18492
0.237164
0.230067
0.0776148
1.02108
1.88727
-0.0126418
0.474708
0.3253
-0.137259
-0.114944
1.36524
1.19817
0.862273
0.8222
0.337669
0.244484
0.189959
0.15857
0.47695
0.356033
1.37274
0.708811
0.956979
0.230566
0.444916
1.75913
0.307145
0.220702
-0.034694
-0.0044353
0.855874
-0.206523
0.0883428
0.193865
1.44693
0.851758
3.34425
2.63763
1.1935
0.294616
-0.0643974
-0.547525
0.0395951
1.29441
1.30087
-0.22736
0.299352
0.936534
0.999199
-0.0152925
-0.651518
-0.335361
0.394464
0.302643
0.162794
-0.536999
0.552056
0.769526
-0.0688082
0.224455
0.247849
-0.569439
-0.367809
-0.372445
-0.615368
-0.464996
0.0531234
-0.00530773
-0.265279
0.607963
-0.271682
1.30418
0.541154
-0.0437375
1.00005
0.354772
4.42424
1.17131
-0.253187
0.15472
-0.286492
-0.49233
-0.293243
0.655269
1.59774
0.801976
-0.501527
0.116373
-0.02857
0.118492
-0.12762
0.0512984
-0.112913
-0.0856587
-0.131873
-0.14027
0.807247
0.563682
0.0306772
-0.747449
0.217606
0.628003
1.16586
3.0204
1.21748
-0.267863
-0.65578
-0.206506
0.848176
0.0638211
-0.591216
-0.40432
0.686373
0.0075769
0.325655
0.101974
0.100378
0.16313
0.49058
1.41715
-0.255583
0.0036119
-0.478434
-0.101768
0.149571
-0.736669
0.373809
0.0471858
0.185125
1.2991
0.642251
-0.353577
-0.259977
1.13996
1.14807
-0.25037
-0.410583
-0.0585423
-0.048948
-0.520607
-0.47347
-0.0239596
-0.700235
0.677211
-0.364473
0.243212
-0.421599
0.202891
0.623278
0.0160305
-0.180169
-0.127909
0.513968
0.917469
0.68485
0.858821
0.358525
0.0734572
0.370516
0.628579
1.39385
1.40012
2.70336
0.580517
-0.18777
-0.514059
0.609115
1.47284
-0.365977
-0.454627
-0.528765
-0.345864
1.27451
1.01492
2.98924
2.01703
1.19133
1.32246
1.51262
-0.196633
1.10846
-0.222442
-0.141301
0.167555
0.297643
-0.0450075
-0.146616
0.459631
0.26249
0.41196
-0.0914805
-0.520969
-0.328878
0.313259
-0.212805
-0.286003
1.163
0.804769
2.52608
-0.114387
1.81342
1.43813
0.262672
1.62303
0.411717
-0.146702
0.823629
-0.293789
0.459842
0.266506
1.29659
1.56042
0.789506
-0.168268
-0.192966
-0.228901
-0.122304
-0.0521063
1.23965
-0.522398
-0.551004
1.33853
1.03358
0.161839
-0.0363456
0.830142
2.25501
3.40712
2.08526
1.22969
3.13152
2.2433
1.98494
1.87565
0.256918
1.10959
2.09947
1.92387
2.06383
0.907935
2.00261
0.724572
2.16508
2.51345
1.9635
2.0711
2.42877
2.56806
2.03874
2.61482
3.1956
3.7783
2.70586
2.51647
1.1395
0.671141
1.24673
0.15035
2.62408
0.320386
1.18178
