548
0.510471
-0.279182
-0.297249
-0.549883
0.194819
1.34896
0.540008
-0.165699
0.0265556
0.86121
0.63965
1.18206
0.87173
1.30263
-0.0782233
-0.122647
0.276691
-0.0675915
-0.187176
0.289322
0.605249
0.312152
0.589943
1.70501
2.78726
2.3775
1.26929
0.729303
1.73428
0.416506
0.447908
0.34267
-0.0428283
-0.165588
-0.0958381
0.860258
0.74623
0.115895
0.466726
1.1713
1.62375
3.23597
0.493657
0.150847
0.061156
0.710942
0.364108
0.499748
0.588321
-0.235861
-0.0686941
-0.00814444
0.133281
1.94959
1.73459
0.42044
-0.0603997
-0.164323
-0.207107
-0.365634
0.711716
0.661141
-0.266379
-0.332284
-0.213223
-0.315257
0.135794
2.05089
4.18528
2.17541
1.7796
0.685624
-0.56708
-0.300565
-0.306804
0.100954
0.255412
-0.508567
-0.611159
-0.456083
-0.535623
0.803249
-0.0745458
0.00891222
-0.192379
0.0224078
0.252528
0.39864
-0.0960582
-0.702928
-0.0830935
-0.574769
2.489
-0.616263
0.287382
-0.300373
-0.503769
0.0403296
-0.376278
0.285869
0.312159
0.808272
0.666208
0.382709
4.10142
0.228332
-0.00816095
0.937279
1.60941
-0.0926906
-0.351299
-0.386595
-0.0856368
0.230478
-0.312361
0.282594
0.629942
0.180226
-0.00915965
1.2694
0.289992
0.0710291
0.482669
0.774929
0.536622
0.833085
0.869553
0.245756
0.328865
1.52502
4.07855
2.03185
0.703698
1.32695
-0.0458222
0.142295
1.3529
-0.221467
-0.408527
-0.0955569
-0.247
-0.103457
-0.192528
-0.137362
0.649161
-0.00462109
0.210649
0.557617
-0.0852351
-0.643915
0.718303
0.00197211
-0.119455
-0.198813
0.0694051
-0.0189964
0.892864
0.451546
0.89659
1.79727
0.546032
-0.501533
-0.271492
-0.427444
-0.225936
0.591697
2.25195
-0.351295
-0.420436
-0.171577
-0.0318869
-0.612623
0.00797057
-0.227872
-0.171526
-0.266836
-0.220653
-0.519381
-0.481112
-0.451609
-0.566442
-0.17499
0.313828
-0.399752
0.740983
-0.122962
-0.312811
-0.376124
0.0527244
0.572152
0.226397
1.4675
0.13099
-0.189017
0.951321
0.349111
0.231089
1.62049
3.25986
1.37278
0.13572
0.462643
0.13408
0.0273079
0.141644
-0.229742
-0.618995
-0.550552
0.669819
-0.590653
0.162554
0.128851
0.064831
-0.0120592
0.0419295
2.36531
0.209309
-0.694388
-0.438824
1.77153
-0.259843
-0.560599
-0.57229
0.731026
-0.00838604
3.30879
-0.184165
-0.235308
0.231655
3.14302
2.60907
0.166498
0.313347
2.73458
1.56349
2.86332
0.414483
0.642805
0.294749
0.0832796
0.877074
0.913601
0.180784
0.154564
0.179556
0.221428
1.55333
0.838563
0.837655
0.888012
0.715953
0.95668
0.228713
1.03137
0.653091
0.865718
0.261061
0.213146
0.236794
0.0501705
0.498868
0.905629
0.302703
0.206202
0.875844
0.32846
0.449887
0.439238
-0.0850157
0.895046
-0.365459
-0.202066
0.765931
2.91726
1.25976
1.81644
0.562704
0.326748
0.855204
0.20063
2.97968
2.2835
1.5555
0.240397
0.132949
2.0884
0.409298
0.0305713
0.214978
0.679681
0.620052
2.45683
-0.032339
-0.102279
-0.123036
0.132572
0.792816
0.666655
0.155362
-0.342118
0.65663
1.33465
0.518927
0.114711
0.423931
0.652246
0.119537
0.709664
1.18922
0.0157834
0.134494
0.458385
-0.291375
0.121873
0.514272
1.00076
0.981421
0.333164
0.468162
1.02668
0.794021
0.529431
1.32482
0.457934
0.653459
0.768611
0.936547
0.77888
0.0463001
0.203904
-0.22555
-0.159456
0.213416
0.136407
1.10852
0.137029
0.911192
0.334544
0.239788
0.701413
0.645373
0.915821
0.691072
1.13697
1.95522
0.87182
0.360971
-0.0107776
-0.332177
0.280246
-0.234425
-0.0226482
0.927635
0.50516
-0.266742
0.441778
0.709234
0.239414
2.38986
0.974631
0.0663578
0.167246
0.306079
4.19274
0.41991
-0.21062
1.98286
0.620907
0.158742
1.561
1.47453
0.856908
0.911855
0.512621
1.76628
0.0479777
0.805476
1.31707
0.595814
0.331276
2.63004
1.99747
1.53139
0.306795
0.615487
1.64142
1.78909
1.74227
0.464119
-0.138898
0.732249
0.681385
-0.0822918
-0.189969
0.222055
0.31365
0.0887572
0.710552
0.121724
0.735635
0.50296
0.373684
0.601973
0.261486
0.133499
0.115469
0.414911
0.702029
0.738177
-0.00962696
0.836266
0.636086
0.0632766
0.419724
0.423034
0.873745
-0.0116052
-0.0465828
0.157742
0.0192852
0.772045
3.09327
0.257119
0.238293
0.0216394
0.0403404
-0.0787349
0.42603
0.605638
0.331678
-0.249681
0.122404
0.180067
1.5142
0.708435
0.527346
0.718924
1.52233
2.0052
1.8029
2.08445
3.06618
2.61551
1.98671
1.9536
3.08673
1.45428
2.1203
1.7415
1.49675
1.45848
0.0648666
-0.161637
0.0559999
2.6843
0.401362
0.128307
-0.127109
0.62604
0.447632
0.134788
0.530953
0.134857
0.201911
0.453359
0.57048
-0.253869
2.83019
0.593293
0.144626
0.636899
0.521821
0.123458
-0.157771
1.75878
-0.173566
0.715717
-0.40519
-0.414393
-0.0339597
0.0682072
0.462207
0.516563
1.73968
1.58217
3.28046
-0.114607
1.94694
0.274732
0.167751
1.42422
0.336275
0.290908
-0.0681688
0.28279
0.94596
1.33213
0.425495
0.767919
-0.052206
0.336369
-0.137832
-0.202985
0.458823
1.02901
-0.0355125
-0.0931376
1.02634
0.652848
-0.219225
0.193899
0.461293
0.96164
0.339477
0.586185
0.709927
0.513884
1.49609
0.688118
0.70467
1.92026
1.95631
3.0682
2.38969
1.43213
0.358292
0.51016
0.745604
-0.114439
0.914609
1.55837
0.707905
1.36046
0.59505
0.321429
1.31314
1.72434
1.92288
1.30177
1.26701
1.34219
0.679988
0.776501
1.93764
0.6669
4.06264
1.19047
1.19061
