182
0.7006341448319897
-0.618214805195304
-0.6983728791933655
-0.5683126538469598
-0.4036668561533298
-0.17655915129710223
-0.6307225322043797
-0.27663097145635474
-0.29107166414665503
0.21433678145414747
-0.49666729347693844
-0.01390521304666171
-0.47410337288241566
-0.64947131698105
-0.3773530561125062
-0.7164099811572785
-0.7005039870299778
0.3910729797734075
1.5339399061875763
-0.4307332762033559
-0.4662994104884637
-0.6181848854165183
-0.7166637912841864
-0.23808930547680301
0.37904581700201384
-0.45116213098412244
0.8925935319232026
-0.7121819680019793
-0.520154765007991
0.10134551413565934
0.9922660326466928
-0.539264460687573
-0.3576074910940346
0.195653348424323
0.40138709004685447
0.4362663513081158
-0.3475817632576758
-0.7473561449968509
-0.5288465393634438
-0.10705615732221717
0.038718374947797084
-0.6721443808646158
0.1978624251871783
-0.7370319848993592
-0.25135087628607145
0.14001963479134402
-0.5952891367709643
-0.4616463009432089
-0.43665741372665784
-0.6703227479702195
-0.6472779797159726
-0.6530486108727083
0.1415890740358876
-0.5885775101697858
-0.3576596582454643
-0.5439132802920092
-0.5002972799311567
-0.41372118242675165
0.17169601150873984
2.7007063383886636
0.3480922645296106
-0.6357442244001318
-0.6782672815457685
-0.2816216438599849
0.22617711747786595
0.0728205778817848
-0.545458805034773
-0.49328018112713207
-0.6144080053353089
-0.5421233199319576
0.4487065211832743
1.7375892306444054
-0.1612484544313672
-0.39728900460100647
-0.4787955783437805
0.016969343508749346
0.13001469506089472
-0.37048925417277523
5.298149425668786
-0.6638600893249647
-0.3642347961266707
0.02464435468311718
-0.31621115330306565
0.6904412005866206
4.390820556692188
3.735204623364713
1.9864113040057279
1.0308498188395225
1.6908726382347383
1.0821384825910199
-0.2917554848580226
0.7670150707349713
-0.10874121256788599
-0.6213032289146148
-0.7243763892259149
-0.19690225221915056
-0.33350365862732
-0.648525588271096
-0.7250677861686449
0.14408429279490356
-0.6902293100319928
-0.6250283072584917
-0.28480893444557026
-0.7084707020771
-0.2656198166420957
-0.08653623854042296
0.6967487756886482
-0.3479706199413544
-0.5905796153229483
0.4172679020747369
1.4381748889150323
-0.23043050793998734
2.422420329313175
-0.619820038141485
-0.21642997738948389
-0.4392987592180592
-0.5897361840806836
-0.616346885000894
-0.6063770726226752
-0.6536772665921159
-0.7036404247195586
-0.46120123198073604
-0.5048828593302778
-0.6231288285539897
-0.621937908117244
-0.40076050660770024
-0.4868389328660423
-0.5079323380808751
-0.7036632312744057
0.26879489929667366
-0.6717816019144753
-0.6581203625058024
-0.284511719741961
0.40806806612658697
1.3634018658182607
-0.3010997613243888
-0.18278300638648443
2.1002665312055675
-0.619330162440802
0.501093405813227
-0.08447897250295777
-0.6741081932015476
0.2921510820557246
-0.5084971203585694
-0.3908030821144563
4.671559343567203
0.19060087531754777
0.28313994039469065
-0.08701972140199112
-0.3733447890673805
-0.7147975833465807
0.30843522939300416
-0.18863346525578453
0.7212236542379251
-0.38548169790011133
-0.3287242946241176
0.14586441581728554
0.07240140810507484
0.5989753574731631
-0.19690912319715698
2.1082188261545216
-0.4474878432185198
-0.1435965428018912
-0.5972841375896695
-0.12360230425384479
4.209737699466569
-0.4342538324512396
-0.44598789069636385
-0.5294389226250564
-0.3446630636593039
-0.7525218962963005
-0.5262157538838622
-0.6959780688794153
0.7924136648773933
-0.26790699242195454
1.114283088314805
-0.3675486325669638
-0.7079200034429084
-0.5653720807620829
-0.08767402525301497
-0.5233474588989907
-0.18351196146927085
