546
1.4002837523844753
0.7357631014441882
4.768516642335968
-1.1527280873884245
-0.6097345183038121
0.5845432567066015
0.9621531826020012
-0.23828570485019035
-0.9454727839821783
0.5480635705485829
0.9022455965449845
1.6235121858849952
0.289958173564379
4.424497352489557
-0.6350285656976906
-0.9333355692541239
-0.48310455325901924
0.9092532131826978
1.1872594673598411
0.6194104394971135
-0.2634160463773892
-0.5616701581715994
0.23011801826298822
-0.10279942507723108
1.5792779225827058
-0.049005084334363555
-0.5248119063691092
-0.8831592823814479
-0.9436411801066964
-0.34410463656707957
1.1531485686180942
1.1029417929864038
-0.27868570879725263
0.2537251312931943
1.8420362413154143
1.020061866157629
2.3495022347454504
1.527923558002475
0.029839129446785188
-0.7520520988915613
-0.7590234202405779
-1.0873450353481362
-1.2226509915215336
-1.0585261780047228
-0.7379850430665188
-0.8240303195466178
2.1095449331052527
-0.7794041331613751
-0.9586141411844866
-0.5920086767068351
-0.32584881620910916
0.3868033426540838
0.7635619191329057
0.5559402456476379
0.029290685048137904
-0.29068165058542567
-0.7194071621511954
1.393044487178637
-0.6512956927681752
-0.4738948396586095
-0.28678658072031243
-0.32963665789494256
-1.0711532463825928
-1.247059912971259
-1.3245481299288369
-1.2898600797164403
-0.5923395085852187
-0.01305714447785291
0.8696836195889874
0.3353333602731075
-0.11576181301023081
-0.5306709243207077
-0.7450424330015926
-0.197189448003952
0.07264277323787847
-0.4495448043194419
-1.0462197214014435
-1.0306887635444997
-1.0498477741926
0.3109215375322373
-1.066838312722187
-0.956423908263026
-0.4909766572333516
-0.047326415256321745
0.12071234745308468
-0.14307013536984728
-0.3631763605193217
-0.42896076248636383
-1.1501976044436872
-0.7923129602216799
0.352161214427822
-0.6917119736892137
-0.7267715961584816
-1.0225497754621091
-0.8998874358033377
-0.47586237957382443
-0.3782127549336419
-0.597776030919766
-0.8831839767735541
-0.9889769085099462
-0.88934312954929
0.3471949704824741
-0.7549203965626369
-0.9268198566977077
0.603773110811394
2.456555547443805
2.459477870636141
1.4091538778867299
-0.3318419067809673
-0.21877042386272372
-0.55977120115153
-0.5708395791653704
0.7519248746478907
0.31635244216014663
-0.8939538010518547
-0.8483368186853141
-1.101399561958733
-1.0799768924796749
-0.9129180936550841
-0.8111773840624203
-0.9363767805356824
-0.8699625501897758
-0.44423893197109104
-0.7716713254184697
0.7642802021858659
-1.1273713238034593
-0.6162467998756715
-0.4031034055604623
0.5784576266674111
1.2294181151851011
0.6519741305314528
-0.27310120146033373
-0.11826116203688318
-0.3172825140635486
-0.5572514340067114
0.7548930261110616
-1.1144140560121985
-1.1407106676983534
-0.6367529466086571
-0.21121849702035622
-0.11178695740341757
0.30064382539784074
-0.19005674286415483
-0.9687891831081876
-0.9979069584517254
-0.15442688562225557
0.24088142795079318
-0.5112886276545685
-0.9688892153686504
-1.1132664266444159
-1.0661219887756317
-0.7687015236328241
-0.38165157577462505
-0.6825266486840388
-0.7160717174347311
-0.11406819863100005
0.07824729087292938
0.129326313114485
-0.581938465891617
-0.9468143787352474
-0.693526236539023
-0.784584715375415
-0.19119801536981587
-0.13619304163767848
-0.6039250828418867
-0.7908352586540768
-0.7465799796230446
-0.7902515635610065
-0.13905041118028438
-0.8287258617904558
-0.8252116946575647
-0.9361396499573195
-1.2107032380470892
-1.2240058138950691
-1.1430625600505333
-0.9753978959202824
-0.9169024196977703
-0.24708415055330565
0.1448449011964081
1.8795990018803903
4.286482166830598
3.7481429981844046
3.829679703622982
0.2146850957715121
-0.3359053342284691
-0.8142642478107983
-1.053587717609592
-0.9137751454017785
-0.9661830777630859
-0.5820538948063352
1.877607256564868
-0.4801230318948413
-0.60059777709013
-0.5022238013351265
-0.371271282192916
0.04782339356847597
-0.48270408442904733
-1.1033206361879553
-1.1436005154452653
-0.8635496424637864
-0.9412728123688153
1.3227745810016676
-0.7514953044314097
-0.8826210185382292
-0.9212657775491045
-0.24956292284991022
0.13958985538060267
0.3424208547369171
0.4345212961455344
0.4537700876957021
-0.8046116018829197
-0.3935437573372546
2.1706378855875954
0.39687595062694936
0.39547825903981465
-0.7457007379423007
-1.0027479633618044
-0.8600894509917061
-0.8040976069150679
-0.7215884617014521
-0.9158899791970648
-0.5122223666497638
-0.5371145021573568
0.7992820364468185
1.974650741837535
-0.4489893971539649
-0.5703764347771405
0.33948170246991594
0.7563576625902296
0.7873972079071091
-0.651170770488212
-1.0458371363217318
-1.036974175887593
-0.9502438000428648
-0.5028773137514614
1.7047687738891162
-0.6202148821814222
-0.7601418752337842
-1.0258692081693028
0.5805164734685536
0.7982779747070052
0.694696917186766
1.1025495738327162
3.5304414245800277
3.2637527858875197
3.232191390076348
-0.014197940572601351
-0.03240405310399727
-0.08768777463099273
-0.6350841950214964
-0.5444399998394869
-0.8459251779064806
-0.9115974920518977
-1.0982908881455078
-1.1257263886211646
-0.9554776733591673
-0.32283101161133493
-0.02515283556191773
-0.28704005496559587
-0.2718063671458397
0.024836834291615772
-0.07574712156950895
-0.5252722326494134
-0.7130818866144845
-0.9200834312903172
-1.055738245864321
-0.6450809370130692
-0.6581511961310703
0.3584307183326048
-0.5453415940155167
-0.6667284903773703
-0.058988218957692594
0.016647172177979154
0.13982493829272435
0.648223899488152
0.5233391130347961
-0.24211095331724708
-1.0426106782754083
-1.0245175283827654
0.2998859602255827
-0.9854701612987242
-1.0945120156674955
-0.9844656909954358
-1.0791287305024428
-0.9205883712212322
-1.0540473429511488
0.1586953454414697
0.38918324077959726
0.1977856004047246
-0.5759801211966501
1.4655392193567147
-0.7478808710974602
-0.3920336914162531
-0.2141821348703841
-0.41110934248818415
-0.6585125020199106
1.224189856688712
1.3756797746839105
0.8602605159620811
-0.932731402613309
-0.16353110599025283
1.825490565916286
0.40335654426511314
0.23257559954056078
-0.5278357294915899
0.3858406543098184
0.863788457798949
0.6310255830672095
-0.7920775046201486
-0.9437964278659997
0.16407010903998384
0.3889863432507295
1.8838249382324996
-0.21684676326330085
-0.712868849934734
-0.9846281207948726
-0.601743248886119
2.274717856606899
2.0380246554464314
1.7977829760866093
0.6614034828652829
0.4165520228033138
-0.19392519091390975
1.4373385341147404
-0.4071532464636507
-0.8113662877464557
-0.8928918987880275
-0.9198897481282962
-1.0206832207884016
-0.8201406223628303
-0.6345400830244579
-0.47384251237765274
-0.42384626377800966
-0.21957031116623738
1.5112581177396671
1.4249140949478563
-0.47497553248843094
-0.5823962711276643
-0.7181597386281288
-0.7527125769882744
-0.6751939331704161
-1.0937480960201875
-0.5723651682320336
-0.5033398092744159
-0.3698791006653937
0.44280788811642263
0.5252778065227571
0.44110119308101386
-0.29160193121260625
-0.8699809060436785
-0.6916433300517046
-0.6691249758125241
-0.8644747227664324
-0.9437753548365483
-1.050179585093815
-0.560698822037488
0.36285514693919874
0.016904651147278155
0.27596115403771737
-0.5887657501826887
-0.7491900519915641
-0.9807491585039484
-0.6728919139348236
-0.6749579078383935
-0.529728631077634
-0.2563724793519237
0.1495268358936163
1.109190417635179
-0.052903432432175365
0.17890415341604554
0.12918884249310908
-0.2431064346775507
-0.228158432047299
-0.6087712770804206
-0.6451644504873404
-0.7757961196344194
-0.5356832704876697
-0.3790456222257245
-0.43356495693237274
-0.36569918083333336
-0.6914145329393993
-0.3902114543741
0.6611054774171766
1.254079165671414
0.5144040558994197
-0.1740055083278113
-0.337540519887812
0.6241027760264264
1.3920233817209724
1.1587123053254842
-0.04500287557703979
-0.00959104448359983
-0.6391758144570248
-0.37356312414365006
0.15434961831319172
0.008086134837378663
-0.39408978657993965
-0.7218349480684229
-0.6845677601595714
-0.8535301986722716
-0.14262886241906444
0.1552949632229437
-0.015391589243192314
-0.052071081476103
-0.9486599833684294
-0.8443478619132396
-0.8681209897372809
-0.7598471128867045
-0.6928278928722048
-0.5532432933254239
-0.41058075606340594
0.7250454339490644
0.061940394260140065
1.1824606302284266
0.7831371586731168
0.24125048251137224
0.014531198707172286
1.0221603952483715
0.1871457371706756
-0.34085871541213364
-0.010573068767676651
0.3828716196165297
-0.12164394238820125
-0.5157024623209437
-0.2664289718234441
0.3268611369456554
0.015929367987789832
2.4433928051864164
1.437803011451972
1.9987273077543835
0.5530401806512769
0.08759059325651122
-0.10669437060892828
-0.16781307447743574
-0.4352335847697699
0.17511803126875927
-0.16203361232673846
0.41927828226540614
0.44554155622847524
0.7498606950258347
0.6422572180109954
0.717974237590885
0.4483274246320462
0.15025834765360135
0.38837267728796526
1.6819742239643376
-0.24935893485117064
-0.025022231044058357
0.14824956906286443
-0.4375544130390903
-0.33989109982059634
0.014253607898489595
1.6117637544221688
1.2974264550199066
1.2769412683956296
1.2252875451074818
1.0504786231640197
-0.3577022613236341
1.1920543359194269
0.4847909040824117
1.0074132370106135
1.0750588182098115
1.3453201550287162
0.9904608414878925
1.0372108209990263
0.6796070210270969
0.8798567521855094
1.2456966588639884
-0.2896094649393469
2.3699737100399187
2.475580586228358
2.0283158799942687
1.1213471600919063
1.0421339759725554
0.5125359901570262
1.262487249374799
1.313255828103207
1.1306954806638037
1.4485145003491544
0.18056217435703686
1.3194537963245687
1.642428189335174
1.3678199656724865
0.8425993021556968
1.3209302543773203
0.6841630029792501
0.2089048822209041
0.5395604946784985
0.5960412190522875
0.551082982234504
0.29954596335967926
-0.21183539548367142
-0.2543028480267096
0.187794059117904
0.010345138678327691
0.5374158800628083
0.12465741740878805
-0.44794436207301974
-0.7112172426432011
-0.3142093354598877
-0.2601904141060919
0.0440112384615185
1.7944346078410005
-0.17305310564569557
-0.15385978910314602
-0.27689329422827225
-0.7001005092066497
-0.6447365990307865
-0.40578546412117833
0.6802938915216009
3.5434087775719676
2.7844478607310577
2.099738651380063
1.4964989073600354
-0.15504411319754702
-0.36122658669357244
-0.07219449518615965
-0.29224277427282314
-0.1708516033725881
-0.4505022836750982
-0.7532914849535676
-0.8863649256549418
-0.721454125419937
-0.3109780121595585
2.212915966898826
-0.42373331644251616
-0.4720246875116297
-0.43234940876182476
-0.5666956020496502
-0.40840751792031005
-0.3228688601164895
-0.3761630113679128
-0.7395490737484741
-0.543558475493439
-0.42918126210268365
5.176420570320977
-0.6995077586407896
-0.720019026781202
-0.4080560934524988
-0.4635585611607801
-0.7049755526791999
-0.4959598796938368
-0.10471485177877894
-0.30937199450319686
-0.5618928341719455
-0.7801762212979805
