546
-0.16829652090239197
-1.1161835005188696
0.6748282523915122
-0.4012619589723759
-0.8034526876407881
-0.3621277830622196
-0.3391784551080991
-0.45966094243195527
-0.36315199322226477
0.8593894628728179
0.964541881473469
1.1010001450301503
-0.37114793545828884
-0.007317740738603092
-0.9099916077056931
-1.2316686959273162
-0.8908142912444024
0.19776187856552954
-0.26782722805666404
3.3469573527146768
2.6975897489983756
2.129800311515145
-1.0742890151091367
-1.037979722212046
-0.656065246115636
-0.9368053517597802
-0.7765420264400308
-1.0517800855890265
-0.24580927819815052
-0.3284396026161593
-0.3626499833850409
-0.796905136045456
-0.7057855132643354
-1.012078358577676
-1.2223464953692458
-0.7964780243089129
-1.1297880059318395
-0.7127898658789119
-0.9032459782431255
-0.7452190765756896
0.15297674581012993
-0.032753429279135195
0.25458693400722265
-0.398750820483653
0.5433558870028834
0.08317822186579166
0.4050132134372326
-0.858331506270527
-0.15671194691290427
0.635456629300991
0.6432207336404584
0.24283061287358737
0.006803890727721429
-0.30916418251248096
-0.23584626316052
-0.8701396777042826
-0.3613142677375591
0.9790675305568084
-0.3986022229689362
1.3789828302588343
-0.007803602355751925
0.6452559152379104
-0.24764963296305778
2.7535950274990393
0.6721497178244187
0.8623233148762716
-0.7513496638731915
-0.7094460115894539
1.0003460612486892
-0.5112802579179284
-0.6091270186581704
0.27709231404094714
-0.6371477423410237
1.3262234351409743
0.4572603003888068
1.591952305901535
0.7808437312783414
-0.12569967167816418
-1.173110081641943
-0.6265883380352059
-1.1681231919468524
-1.1745137148552423
0.07759673251603323
-0.22762696348992287
1.0833250895189879
-0.2379865851429913
-0.25630264948930004
0.01333300549564831
-0.010738091018698315
-0.11842785836448701
-1.2422083908962993
1.3916621689745887
0.4399752076478853
0.5906817740547671
-1.0898255086262678
-1.1921698811770063
-1.1002414020153761
-1.076718610453232
-1.0531037517215747
-0.941212689939648
-0.146251853121494
-1.044752779645181
-0.5414977071724012
0.5349547636395598
0.11063053102763717
0.4892039949313045
-0.7928689723672748
-0.8459532893366752
-0.9796968127280542
-1.0022310360616502
0.17759117580696962
-0.1750181348614297
-1.007616265628175
0.38575439845477977
0.45593893589756146
1.0887626467487808
1.601027442927547
1.3354782352100505
-0.24867302114364767
-0.2668948488473265
-0.06451361821462964
0.5892237756573281
1.0977855380721802
0.6301963506047801
-0.5221657626430595
-0.3814513494638831
-0.3526712182644216
-1.1524959189221704
-0.09024284412163683
1.5080248757247405
2.159644706230772
0.9181489270212243
0.4105940777857319
0.6468393462154939
0.7486786018315414
-0.4909991660395164
1.9173017761293427
0.6272218497779062
0.37615322973595955
-0.009060984164433057
-0.695514804423956
-0.807510261965079
-1.1406416230531764
-0.38933812007249247
1.6950231052794937
2.0601198241119603
-1.0582231520294398
0.41590958618554486
0.31895645747071844
-0.7455706580427776
-0.7784210729403436
-1.1605222806521576
-0.6272372118320373
-0.7352042481293477
-0.33118687739202957
-0.05846188665189907
0.14550740847449062
-0.2350407028836077
0.6876588068468155
1.1860363492707153
1.4972668504710063
0.7810419579278295
0.07122718190003297
-0.7894986995268667
-0.7939167816546631
0.11059599716301105
-0.732808151883998
-0.7414611177845454
-0.5896366883725411
-0.3710992309700195
0.2021800074362538
1.6173969592180193
1.0224481367829052
1.5702277578855912
2.0650273127919982
2.8391775256080747
1.772537846062236
2.6080900906020608
1.3080765349862435
0.17054658630409586
0.1366011424555129
-1.0729444583303578
-1.1955211259041312
-1.1627268698387014
-0.8506593191624143
-0.7999396049266223
-0.7518320094291239
-0.692141448296926
-0.7148496435553128
0.37183879484370047
0.4818089266077925
-0.06586688939128611
-0.08300931910767867
-1.123158693921513
-1.2329744161035072
-1.2683120901258362
-0.9143416146882173
-0.7621957663898324
-0.8735940575332746
-0.006800635192754073
1.2760319452761368
0.3676426673946378
2.189641979866661
2.291735005527153
0.1901687504843928
0.27435930474602754
0.14902346760213064
-0.46280143666313905
-1.054551337623323
0.1318698151312297
1.1338582821046466
0.9366548095901496
-0.13682664192401905
0.8862580005241122
-0.2102332959038504
0.02672618479019466
-0.7846344417186523
-0.8740846309132096
-1.1098016487687683
-0.5546306358507659
-0.8110503944454492
0.6494078421855317
-0.5825857843733908
-0.7651002126803648
-1.011216392330865
0.15752125476405596
-0.5470513543338158
-0.0007115322207925779
-0.6311458819353226
-0.1264100173101543
-0.42611859325906504
-0.3072829447530592
-0.6780996585816517
0.5775575750771212
0.530175456403251
-0.4659755749678505
0.6091693918135553
-0.6085950350955767
-0.24840080736519637
-0.21287271682402867
-0.36646309430836166
-0.9715970568894172
-1.1089747496482314
-0.8809826613778255
-0.8544072270172209
-0.8537053610100432
-0.3415444114978712
0.9479262199749624
1.3937664834716512
0.779219295632408
-0.5874490369607133
-0.6902068616545792
-0.8762112645488449
-0.9420458709502884
-0.9045234736104698
-0.9713823366684055
-0.8849911975838395
0.20341811098121923
-1.0452267465592335
-0.6273641193038556
-0.9543722567584849
-0.8304892979443682
0.5480170498414768
0.6008811523530516
1.7884987250013196
0.8011494003158796
0.1003917560693423
-0.752694175339482
-0.32433690275077365
0.1398290152446096
-0.4194865721582791
0.6266530902565497
1.8197121224534079
1.3892085354337917
0.08509691643416216
-1.0528883340637805
-1.06214860455021
-0.9911974304432477
-0.9274019811593756
-0.22547647545869828
-1.0588107675566651
-0.918600512785641
-0.07746104224102204
0.4506556671994511
2.0246422295556097
1.6715913409095502
2.669538515020083
1.979660469954275
2.273366541716801
0.07455438577073441
-0.16505132503404105
-0.9635180231930819
-0.008780794342481878
0.15378809246607242
-0.6753981870422634
-0.5412103524639853
-0.1902818666852807
-0.16683223861845556
0.06194547298366931
-0.8419166452479375
-0.2717426509572124
1.0299026632716244
-0.5673874495424847
1.0212251205393361
-0.02135628714557335
0.38178333369873113
-1.1321094089193644
0.5894708163455809
0.2369134418712497
0.4567987639252597
-0.33461348718051315
-0.9942320523902293
1.9885362927119035
-0.7706798890692316
-0.5634482933533304
-0.2043604645471952
-0.25307452875407643
0.09317246539626983
0.029664764153219832
-0.035054015745112466
-0.21227392806745607
-1.1640251824551655
-0.9453719144749431
1.652494775494622
-0.895958709217891
-0.8744084542267938
-0.6898169901921252
0.775588133814406
1.5862168540276236
0.5407737553772296
-0.31453561905851485
0.5275445921112101
-0.09055042857269606
-0.42744128261033254
-0.7819644731771354
-0.10614449303705834
-0.8293569959235297
-0.9119925969610078
-0.5645408811867745
-0.1604848734473923
0.008867965235102549
0.8529331686022565
0.8525733534006885
0.39837478195738363
-0.44263606598053457
-1.1738625269788263
-0.42347175673603465
-1.1762828937493106
-0.9181449636919307
-1.0378264061725333
-0.496203020688972
0.2205393130927588
0.07832344270660216
1.363870941777798
1.0449431666583002
0.8463020131745266
0.5405135494694935
-0.07018978785103348
1.2717057600163983
-0.003669837611363813
1.1476379781452173
0.8968971059327514
1.0182003553258454
-0.43961792622149864
-0.3177529701253537
-0.8009918386752461
-0.3953736347258779
-0.9726976599263097
-0.8271723047947226
-1.0193336691672388
-0.8497898890960274
-1.066483316170978
-0.9430892796176539
-1.3821935655335353
-1.2352081582912682
0.21379840804513453
0.021659419533405774
0.610859761734339
-0.32563988689380174
-1.086409982781468
-0.19432664313796227
-0.8790759737329547
-1.078203412553321
-0.9985776479322427
-0.4964625734604642
-0.6637287529830088
-0.8429155110309505
-1.056769931861366
-0.7602337151240509
-0.8221985399449774
-1.0116909047183524
-0.2370750134003605
0.1759601400651464
3.934738186951129
4.383462370338627
4.233248112360361
-0.03613492937929735
-1.0044328688948272
-1.1057846585353477
-1.1176612185197128
-0.9174431052505152
-1.0107208189821435
-1.176708251583919
-1.1942529123358232
-0.8436766410382727
-0.3142279942133669
-0.08519205310906945
0.6767467149985145
0.7489776543206322
0.803657591271015
1.7175041002143567
1.9862737776200277
-0.4200719003506402
0.9597288121987998
0.8897380288364503
-0.0916734201697172
1.1964917250347342
1.1184496640996773
0.11356846047154837
-0.5606589140749271
-0.7597286291613086
-0.8552252340541623
-0.8215493719308332
-0.540915975607226
0.38429229371206575
0.47037473098911753
-0.38556381295202585
-0.10447079807808052
1.4255462621548596
2.4276128880137358
1.7476775214403701
-0.13754451675481924
-0.038752307444393584
-0.4481621945862921
-0.005163403246588355
0.13281993630083516
-0.5724023426796873
-0.7996492353456429
-0.02067760884134335
0.6674903332081243
0.13014884687478745
1.44583023005676
-0.09113045606721415
0.4086906015773443
-0.6668030479961239
-0.6288941689850991
2.4543532801093173
0.5081841665011017
-0.4973467463430427
0.6290713882253326
-0.17047354854539648
-0.4764467474910782
-0.8320479889598978
-0.8680793511750119
-0.5498217260157433
-0.22037834324567007
0.11742179880343226
3.0260782537956517
-0.30508611087884213
0.22424216610210454
0.48580362560815366
1.9771501921945065
-0.0626142623882573
0.11558980439635098
0.3111396104706568
0.313605924262224
-0.4413955039260175
-1.0151225224410283
2.1260533527359327
-0.7532864674895228
-0.45191326638795093
-0.7692542201007629
0.026959692960913304
1.2759970360147304
0.9541724660683539
-0.31269317343683795
-0.3204636748822304
-0.47411788633213064
1.3328377449249462
0.013915325513736523
1.5830209490260148
-0.05734271068768469
-0.5693194425051971
0.07024042138504706
-0.25785172051194116
-0.15378381522047765
-0.9793306915051097
-0.7438656125561406
-0.5401523702931261
-0.7639902589478869
-0.8933077413836996
-0.21170090367516733
-0.8775110094302928
-0.20625962468285625
2.55747128623168
3.0387264091433503
2.4944118713531016
-1.1650096382387956
-1.1792832630408827
-1.0728153675362815
-1.0378922294953314
-1.1553783750975954
-0.5621638374788137
-0.38785993756182097
-0.016732343431298542
0.04476706143421585
0.6260331474290931
1.2446231530836525
2.111642524939963
2.9598207284544626
0.24028152860009114
1.4677151135135678
-0.6749661428503773
-0.38197993911392036
0.7031102503103892
-0.3967941376772073
-0.2560997856705391
-0.8538414681020569
-0.9236004805582849
0.005517076009371188
-0.37619727230631256
0.29973599581713006
-0.9390249645009733
-0.7764731290319036
0.9643629603880876
0.0036814744600073587
1.4795028827005263
1.3139484346855883
-0.07128802786602012
-1.0472235165636148
-1.2665916789696359
-0.7526070084324628
-0.4215164526009096
-0.8516180742695895
-0.646927399336198
1.4941582250076204
0.8549594656084972
1.8790469962240417
3.653949746124904
0.8297767199218647
-0.7636235993275224
-0.7878610575639401
-0.9210349207402876
-0.7787025633682506
-0.9494206057874613
-0.7200186706154931
