546
0.12711999224547024
0.17586265441624682
2.73081493364296
-0.591117908830867
-0.5771702622090104
-0.20401457977139076
-0.049588728023342216
-0.28806890794148354
-0.6328234751866454
-0.2921982461429261
-0.03833627479573085
-0.0966857295438916
-0.49114757806610665
3.461403587129807
-0.32380458862184097
-0.0705783363879399
0.04694812368549105
-0.4175096655809263
-0.743848029261593
-0.38688835967392715
-0.34395623361060806
0.14819456639979456
0.1020664026121027
-0.5810284899242324
0.17934859677354104
-0.41901477710020096
-0.5368134754634132
-0.6511718041368006
-0.7103082207603668
-0.6279233961167485
-0.6114511608644939
-0.705446438002906
-0.44292839072021156
-0.6515542008245637
-0.49289469984214396
-0.6382766273027465
0.03544975586450498
-0.0416028344867386
-0.1937705893335978
-0.6097900642310831
-0.44056091037243006
-0.5397700005723913
-0.5383019358220043
5.220216446903868
4.477966708971581
4.840892396969244
-0.5945998367023655
0.04317660471218938
0.5026368173813439
-0.32774916307118
-0.602614277988503
-0.6947610572243307
-0.6339119474067946
-0.5577084189592985
-0.4322348008467107
-0.704195893491393
-0.5489243896242668
-0.28404410473137576
-0.6142900936399085
0.3137359804410506
1.0771645117282242
0.5479844371910131
0.07578613182488177
-0.2966948140865047
-0.5614732161573026
-0.6117058213474446
-0.37963025877575574
-0.3878052417439207
-0.4802739984931623
-0.44390872499248857
-0.45594484501269644
-0.5602324317215499
-0.42478137378215997
0.2535000359912873
0.9258044492364116
0.662667705683101
-0.5032203251269146
0.2133011825431469
0.3143968866341319
-0.6504072937913907
0.42473351476110077
-0.5374397986920271
-0.4747610740334827
-0.6406601979851883
-0.17264909964034902
-0.20556576286154285
-0.06244461528226533
-0.2554012181411219
0.22920341801188204
-0.3791768881624882
-0.3058639455414262
-0.08472112486242023
-0.21050649784931216
0.7478100835563856
0.2640545186751274
-0.1785878604474755
-0.43730334618705985
-0.6125737260433547
-0.38215994765721717
0.1906913305660896
-0.07671036035315185
-0.051066050880503415
-0.5081276716987518
-0.6204432413267222
-0.6707699262908103
-0.6177534694717997
-0.38434929581389216
-0.6052954832623807
-0.3401338995747582
-0.11314338421013932
0.4197321001575721
0.22399180691749507
0.1745063997238806
-0.5739466030820831
0.08225486989820976
-0.5527516826418026
0.8308416447329644
1.2800547398570048
1.1480466292054978
1.384045736854842
0.23050782321832347
0.04274169306196076
-0.38851604834212106
-0.49661898903795504
-0.348823596737562
-0.387062701506222
-0.3726602682891188
-0.4092235870363607
0.16549812659759472
0.6080086698027638
0.5937701033396927
-0.32947044388380303
1.2716161698307442
0.7855569788215805
0.17636166458510458
-0.3409829905537425
-0.36437443738199565
-0.6569858335555983
-0.733508795268792
-0.617389316706217
0.49463163543912914
0.6349732469720784
-0.025703848918494168
-0.1740639572165611
0.6642132709386973
0.04787910164522973
-0.6446206285189806
0.27176431291553427
-0.46534595457336014
-0.37483699426348993
-0.44177574899724326
-0.4178430172996416
-0.5574226892686236
-0.515616111193664
-0.7186366080542095
-0.14020143496906204
-0.0153675855854233
-0.6556035217037263
0.6756373615463266
0.742866201898768
0.8819021116369683
-0.6863516269594881
-0.43181551165230536
-0.505730292305344
-0.6044512291374484
-0.4840152840651235
-0.6460619191010665
-0.2928499705779812
-0.480126937586595
0.07720017762204756
-0.012730046703517468
-0.39969119085359345
-0.5311010627203093
-0.6817943175552367
-0.6474726285414643
-0.7179379039714207
-0.5430450637241684
0.21806572032054855
0.39688357124063683
-0.5258445387534231
0.282934943006863
1.113121557346634
1.5238983489996134
1.972531415581175
1.2434456347969458
-0.20275487289953675
-0.10164139349195134
-0.3607558677186564
-0.21672317735025712
-0.04268524696368525
-0.5870447642442782
0.2609748877006906
0.4039758903257153
0.03905249046417891
-0.38712634281257025
-0.5255550127010115
-0.49499595387580336
-0.6567626822232179
-0.5480191554391615
-0.48640890445991053
-0.39803289809484466
-0.5290337079066604
-0.5153183219951563
-0.4282901644201798
-0.6008379756610809
-0.3655216077607873
-0.3699329610562591
-0.43005170065160325
-0.254210333678182
-0.5687889101939498
-0.6979662159189469
-0.3013678403886118
-0.5489648002583668
-0.13474794929280728
-0.48933337197098126
-0.5988172765037031
-0.3690959480016126
-0.1352173628096378
-0.17334882048215172
-0.6109726138436927
-0.6201523151981797
-0.3733069806276219
0.1297297468332781
-0.36921288190122287
-0.4634550927514445
-0.4997108890929861
-0.247562784807253
-0.3842757270885167
-0.5837733581843029
-0.3080934848695392
-0.3923066418048247
-0.1414191844619262
0.08066656112410207
0.28772893442717806
-0.23196531364058032
-0.5414175721392721
-0.71089896216545
-0.5342451606483088
0.08646926782997429
1.2987678680736507
1.0654198252814728
-0.0623857436340737
-0.6578229514531441
-0.5267334042599735
-0.49700123469693097
-0.487075053276399
-0.6800663501700812
2.3338010973549377
1.4045612918562251
1.1380467977353466
-0.41845510182191925
-0.49207476915225173
-0.38033435038975766
-0.22783583203034605
-0.47023413757818566
-0.5697816686540291
-0.5742120434509087
-0.4318165006233708
-0.6768712319441432
0.21203619873921134
0.0024386291128850853
0.13817212096595988
-0.5616380322599729
0.5401410884158137
1.7402635507844486
1.672264298629215
0.34391250944395096
-0.09780691036241827
-0.2997261356648255
-0.46545246414779307
-0.6580284088845956
0.07864630841453871
0.1934234658747176
0.7137549707169184
-0.5843528100636215
-0.5548206069084399
-0.6363582271073691
-0.32434408598524034
-0.38070190786533736
0.3340099999905258
-0.2466204984622898
-0.3595126289788095
-0.6269094083009792
-0.5794086115921779
-0.4928714715831297
-0.4154130708156662
-0.2573981613954196
-0.5593437987343033
-0.45208069871454276
-0.5147766433280804
0.14379814356084974
-0.5024613264092017
-0.28370462307742056
0.4315651230745748
-0.024001767837062864
-0.2394103695237455
-0.2681255754514743
-0.4963160833474835
-0.6580998481780208
-0.7326367212033993
-0.6190081990348644
-0.02916514308329881
-0.5833639903026459
-0.6392028699573165
-0.6546044162667612
-0.18382217572579052
1.1986167904706229
0.6520534482675027
0.8872728662586167
-0.5499857939736912
-0.33239215968768665
0.32972688614880463
0.07750290413927917
0.27466643248242056
0.04449636273108296
0.4140205580325455
-0.45028958667137353
-0.12908927160714484
-0.625822447425183
0.15704173443872887
-0.39827339899579983
-0.008822174289517305
0.7188111079462469
0.8034047081699619
1.489159874171327
1.7662351338556217
-0.03905443814431354
-0.5830510847352918
-0.6281797909164678
-0.6087946367115
-0.5980143814831935
-0.04632017169584054
0.2772945276286092
0.1468318198239563
-0.6592435508136735
1.2216212842958345
-0.2813733901125959
-0.37775350249952555
-0.23137523391239387
-3.353055034069693e-05
0.300950390326515
-0.019393263160264598
-0.1497974159937798
-0.5767169532740101
0.009833944397229524
0.49558841132359965
1.356769247076323
-0.11439393880820685
0.022459187432231333
-0.4381959974441793
-0.34320378539826485
-0.6196918023027013
-0.5039569923219367
-0.5697888356960352
-0.4491237515298093
-0.5536096135968321
2.6990431479136747
-0.4970905587992694
2.9396323749230726
3.0379201256350905
-0.33621273171076743
-0.135308016664605
0.04461280728195256
-0.3765704618150014
-0.4386323136724288
0.10452322874241925
-0.5646139213128633
-0.5899184631667931
-0.3775260498328041
-0.13200946008208478
-0.21919729447907926
-0.3989580901690994
-0.31782025218115195
-0.3200442221826396
-0.19196628170980354
-0.4558802639701315
-0.12078689349065577
-0.5712004960325974
-0.4078731764287998
-0.6107695719016973
-0.2898071697071621
0.8349683628036443
1.2111676733130134
0.453649890375511
-0.45312490454485355
-0.5738770201212533
-0.3170687872300907
8.330695125927187
7.034381346680124
8.377009074012504
-0.3278694795962107
0.16697919621940352
-0.13312450418171876
0.4978465926404409
1.2002994615978033
2.5322052251402525
0.8006652764098598
0.4023013986540722
-0.5224034846980332
-0.3581248990184949
0.359999625581694
-0.44309383904412797
1.5602944049846073
1.5189301346565747
1.8450938489111934
-0.04204641250404558
-0.021415321551900724
0.4279445713245486
0.49704714735416244
0.9298735127082954
0.5714491226100339
-0.5645354774844767
-0.4676758645269826
-0.3199513009627539
-0.4605976223283646
-0.12848339639608145
-0.04071112942542067
-0.024413884258463855
-0.45167104577241823
-0.3737201134842437
-0.13545385028641982
-0.39707226527870065
-0.39595112909236363
-0.562250429478047
-0.576960797123372
-0.6235809246623817
-0.25769148916959017
0.9111920368267036
1.604935431909933
3.1434971410736954
5.354719973865411
2.612884829257541
0.13914535804685566
-0.5705458751019742
-0.434502811445154
-0.5080169677715393
-0.5254102027083182
0.6714200692498449
0.09420768270396394
-0.6270003312635406
-0.4989238468558365
-0.580071988603462
1.2993991356705386
1.2513703449230003
1.8309532302461318
-0.6709632980863965
-0.032414938870825576
1.3648538007438533
0.6483920066957404
-0.2294677240123936
-0.15915851019834065
-0.3397610659283411
-0.4917220260142698
-0.4096578229101451
-0.1128262320500089
-0.2598806116953621
-0.2555254589147489
-0.40068422487246563
-0.6850406478225245
-0.5098483220457715
0.04348524342667805
0.23178228345181473
0.43092110957743757
0.3510678896864371
0.11256140854558738
-0.3052316975121763
-0.4705106041308642
-0.4451331582123558
-0.6307533261904704
-0.47724690689183585
-0.48953006890646494
-0.4590067556225129
-0.4180722249088138
-0.5390029799434484
0.27366018503405126
0.27550830460123177
-0.20377538725325997
-0.49533119444593027
-0.48687203601534795
-0.5910752698374716
-0.47613800739501294
-0.5902984993644385
-0.5214101246263176
-0.28150254055652446
0.5016084984393592
0.3898165835169521
-0.3095087659692593
-0.4063616810520991
-0.571771639398095
-0.5434421042527987
0.6657377662572654
-0.6168201285564228
-0.42121482774841873
-0.3841770901474318
0.3683870015381269
0.4598540858052745
0.30381769463914404
0.44466463425339753
-0.4327914559198748
-0.30258717167573174
-0.6070150356421665
-0.621254245321581
-0.6682517637737726
-0.6366422757829218
-0.7379777702792604
-0.305234685430858
-0.10533523690373699
0.5613985797840046
0.5073813277101789
-0.27537379061076683
-0.3207200026740174
0.6574577431382039
0.04090705877195187
-0.6060034608879916
-0.10742312946945172
1.0412072167518769
1.759488272845518
2.1455420003661145
-0.5607749566364177
-0.7108660919254849
-0.6803748982935285
-0.6074748398252149
-0.47028457472528246
0.2897382933653982
-0.601823405371669
-0.1171298245950942
-0.747710565104023
-0.68389438046599
-0.3566862687027912
-0.4224968143387713
0.07836995176015898
-0.1485206353084875
-0.3834684030611616
-0.3925044972511607
-0.6973460800578367
3.208176897866734
-0.4199657925640321
-0.4614563601151128
-0.6025449233780664
-0.6433628406191275
0.059299550805947954
-0.09511777334843836
-0.22414455536091912
-0.5848560020426395
-0.5790520980827683
-0.417118420381696
