546
0.32962794939976886
0.6508776704819251
0.767460565185777
-0.7264216300615906
0.5970237636588343
-0.11607155370696255
0.30321828140243634
0.008730697119084615
-0.7174783164385604
-0.7076071661460601
-0.8259076589806426
-0.8145860655310948
-0.6816237833300727
0.08497213448523452
-0.5903696074257357
-0.3402523124475016
2.6759397941884293
2.5058536475990323
1.9920763279575784
-0.338910457103247
0.18575782512356023
0.27530720461037334
-0.11977538395522902
-0.27395404569175874
0.20637956136156974
0.03534934077758277
-0.35477154477416617
1.1739865962703608
1.1251834950199098
1.454471749330818
1.2804728706391308
0.8151101575054094
2.4789280003211513
0.38859614404793913
0.8656084934615699
0.8606199430291358
0.49944965982903655
0.02317611775125482
-0.3820101622890872
0.1707547632787326
-0.12943064003729451
0.1593164854447024
-0.3061936360463988
0.00836994868104566
-0.3659701638052323
-0.6751264920121369
0.9714010177480595
-0.8140244531165871
-0.3998158249138689
-0.5856547636909849
-0.6724525622046472
-0.4645530881462046
-0.6009639725661448
-0.6943147565903102
-0.11904184886693574
0.6495163121345181
0.07628546471515484
0.45275913253947586
-0.7471670158308922
-0.08279916568972058
0.48055416748959623
-0.510552435535932
-0.06475267741775685
1.1944637471827628
0.9650212605939095
-0.6131441443817303
-0.8916308530335196
-0.8400158868957938
2.0734231640876315
-0.7822394895316898
-0.7049703673054494
-0.8116298170182857
-0.7423954891704823
0.9354340503663554
3.400770067634113
1.9465374688271442
-0.6624367785723452
0.7226729422673349
1.5855226004020826
0.647551548847235
0.9736939450063219
-0.4450632634788106
-0.43938947927227434
-0.5739094045294494
-0.5923606961286697
-0.6256755806162403
-0.6754695498337853
-0.8211390111923829
-0.5191223818974144
-0.34561944971247693
0.08467653405980193
-0.27174863051492815
-0.6301282916371841
-0.8049202890379946
-0.8056482065641888
-0.7441044215932369
-0.6791880818031937
-0.5388610760464659
-0.40547087047030944
-0.07397825422532758
-0.6798647909420631
0.08334687510777283
-0.6443437588610949
-0.3353661913504313
-0.09902372877994498
0.18193809314852863
0.5280186687406124
0.2693557864953011
-0.4522758635070979
-0.4523056106952928
-0.5774308818115454
-0.5985788792851151
0.5415822904786579
0.00840412534496358
-0.7406859461726296
-0.6986490926206196
-0.6431212298656009
-0.6558526637152534
-0.5850708010418122
-0.48336238898310635
0.08080734461721135
-0.20882162839249382
-0.4972570141744733
1.1145372936435503
0.10629745125938653
0.16803370306627552
0.2170717219336902
0.21894249949379743
3.0593540252074596
4.360729476203654
3.2732108021424056
-0.43429261400547203
0.5193221616554216
0.32840963442832727
0.6104706188746671
-0.19015434063667852
0.541398517064399
-0.06123961635005005
-0.7588867520059865
-0.6547978237833909
-0.4318332110627994
-0.4708401520064504
-0.38403463594081516
0.2376060959696264
2.3461263872564806
2.2823936429770124
-0.3193179774813933
3.066657599352406
-0.6066516500842062
-0.033990467559388164
-0.21790442901760604
-0.38628225138865524
-0.5046942403086809
-0.4902493517682667
-0.6224261098727377
0.9734987860184934
-0.4582166987715242
-0.5715561661061678
-0.7084599035597551
-0.714019040796152
-0.7365038637134225
-0.732867563164378
-0.6408458973288481
-0.3176401686583023
-0.5371633999267076
-0.2585054279718278
-0.5842974792777706
-0.4818269680235132
-0.5652542216216888
-0.4405118736360975
-0.46294862116189434
-0.5646127696806573
-0.1318698062945666
-0.6484333526075434
-0.6672370534399831
-0.39146489007205015
0.86865321701222
-0.3469607245802977
0.1988610471370896
-0.6853473167239491
0.027435720223517045
-0.15866317253612583
-0.4101705076054892
-0.30959969786342295
-0.6634711990377274
-0.769325395146035
-0.7819803162468046
-0.37319916842521766
-0.36585351783124853
-0.3883546406667553
-0.4589048572114143
-0.8115837425339826
-0.7796213523700039
-0.20130008368400845
-0.24996011246100713
0.316137969089461
0.47513758108284887
-0.696749479383003
-0.636625290622345
1.4666819922335894
2.525663055169278
-0.653827628272173
0.9620806865280447
-0.23686806471968722
-0.4385094980791697
-0.5622727193100856
-0.699357942935219
-0.711040311417553
-0.5468104948715926
-0.2349555050983911
1.3356283735867678
0.7389330063045934
-0.4164112238768322
1.3875193333735103
0.8646934831173588
-0.7669382468373646
-0.6362894116601705
-0.5762769921408328
-0.6858851387204469
-0.8106602907365141
-0.7980983598005886
-0.6109550265798634
-0.4068978827241661
0.9141630290134536
-0.41639534999513705
-0.47859645294034636
-0.7850348513864841
-0.7884242919186859
-0.6859030747759063
-0.6292805007105611
-0.39537392565425983
-0.5959861698544259
-0.4214746061444431
-0.7395965193364249
-0.7768879523466102
-0.5028218926097934
-0.6304954305421858
-0.7052427011348498
-0.6638820750513869
0.7677729787261153
-0.13030923000274167
0.4298393774862278
-0.4954671836372963
2.161545976256909
4.003803919939801
0.22224171925105146
-0.5282510628880488
0.38352966674976935
-0.46703731732516246
-0.25273084354268777
-0.4531139739540638
-0.8361824887780613
-0.7873618384053702
1.3663274764391855
0.4673381391304591
0.03634011758535952
-0.709005805391939
-0.45147987644427573
-0.6459965943069911
-0.21390312897099206
-0.3042856119983623
-0.43533684635556785
-0.7574593962214706
-0.47713038794119667
-0.4527590705851162
-0.6709433578002958
-0.1413710253994907
-0.18368752040137248
0.6671803789385425
-0.3763815564191057
0.5038212137854245
0.4565406736899632
1.6431278396916207
2.2478291798195777
-0.5143256635206528
-0.6636885790905029
-0.632749171452152
-0.6231089984357973
-0.6215729010343972
0.11312648996210649
0.2959013911316477
0.2633515622068229
0.03255494666137778
-0.17825814230976136
-0.16431550680668539
-0.5809023685489065
0.5709957515209696
2.403485050918606
2.3613043196477945
-0.8170096172085795
0.48974347519649253
-0.6954168528179104
0.45241988894690877
0.9364944262607873
0.9444732219156364
1.0649130833275586
1.051763905934225
1.6344043980227656
-0.6565061097381935
-0.30850239341926994
-0.3707251677560517
0.24575707537745817
-0.006779962535740054
-0.04217670022320017
-0.7327033121332356
-0.2226821934487126
-0.48957996705329304
-0.8208059636292855
-0.16445968951741335
-0.40028799816348376
0.9885035824542624
2.0865097837928164
0.8613207675872246
-0.4246457122915771
0.5491272854704468
2.0278837720646874
1.2380798992188136
0.36887936773599367
0.12116002232149782
0.39452568950843037
1.7059306398641345
0.38706654449276817
-0.6756914912088818
2.054593055417065
-0.7893347183666979
-0.7115047535912207
-0.749993887473896
-0.7791402093903097
-0.8001913096204017
-0.5447488310019039
0.4033058977069041
-0.10104532581426229
-0.8312321655118176
-0.6391073007212948
1.0475303476237317
1.364077677691795
-0.7261583690771304
-0.1180917044285922
-0.3938236689821252
-0.4973862629097772
-0.6658224975388868
0.14678986887026543
-0.4627511767245425
-0.33327618792691266
-0.4420612496425819
-0.5553040555207461
2.24968300732398
-0.3655661115827997
-0.3673881537738701
-0.5029669060743214
-0.7901583109243784
-0.7528133341601831
-0.6133339663920058
-0.5858738776787933
-0.33459803999893656
-0.665491139058096
0.8937134770673552
0.5340335522659546
1.9988376390556901
3.044159072429671
-0.5633063168406465
-0.6561176727556263
-0.6517772361655625
-0.6665525010853598
-0.6143320691256293
-0.7543926515888298
-0.5931115554632642
-0.3312897790301729
0.29602484050357886
0.2940913271761923
-0.7616365552981238
-0.48951528562311386
-0.5638098178730026
-0.7121110024586753
-0.6675515983646896
-0.6150981445531151
-0.7329242494266299
-0.7063517515594234
-0.7469191641616825
0.33011173212760214
-0.6674490266810595
0.25751579228386695
0.20239818296086157
0.19288170811616082
-0.32970664843497227
-0.5796928126190914
-0.649820109744403
0.6107614558960321
0.2637865875771208
0.39950234849299016
-0.030736374664840287
0.862392530923532
-0.6355877798085926
-0.28158178478218576
-0.37522214203988896
-0.43090656555745444
-0.3639865974071067
-0.41014315715068905
-0.5305772131610594
0.1501876395152573
-0.028480128361620942
-0.6122222520154132
-0.1783458828599875
-0.3190424844074423
-0.5672685848523619
-0.7740030569944234
-0.476750637873153
-0.2943503684041584
-0.6546993182608103
-0.4191250276180853
-0.5010069342224095
-0.7093650426857017
-0.3571672508884155
-0.6241396034339266
-0.48233642034277774
-0.5234906761266507
-0.6234323019802784
-0.660156814428961
-0.8076204213238097
-0.7912392740569058
-0.7862342601759915
-0.7570300593062173
-0.6772161935052674
-0.631621145000815
-0.734786266300838
-0.754944586412405
-0.7673266895365279
0.8071558719641421
1.820064869041153
4.424503408659674
7.193063719546189
7.375889701236693
3.692510158186977
-0.3187351143694606
0.16860878410238095
-0.6331032490142233
-0.6986433093238524
-0.7060338752821923
-0.6403600812248987
-0.5734383620206885
-0.6195007224099719
-0.4986572131791639
-0.7526435394271432
-0.7756838448811553
-0.5865747762646976
1.1805421623366255
0.3164147056157464
-0.09867743294339695
1.2668862858723584
-0.512578083534743
-0.10939823639832809
0.31559158190982195
1.1460755477110096
2.5167616302430433
0.39686765296650417
0.5119866384900422
0.5228696148512705
-0.08914783998644206
0.5735405569638302
0.3100418004630949
-0.4785864228011847
-0.6810858763464487
-0.20279505032871228
-0.24266783530927583
-0.6550394679484611
-0.7434286696738596
-0.4415033936162496
-0.6178701296922745
-0.7253631575089317
-0.809934087311351
-0.8040638542744868
-0.7587781694520308
-0.6341157290498463
-0.6066414791208347
-0.4877799900091086
-0.27264538285040624
0.05760788751781057
0.6146155375840965
0.3017519128459265
-0.38128836363607127
0.1293965680087164
-0.5953324577012449
-0.5606878359522648
-0.8135099600098391
0.11162758586639876
1.0462779595145533
0.20385415924133507
-0.5106666815222942
-0.7071607897983829
-0.7026676376458416
-0.589284109201063
-0.7076043522305994
-0.7290366512653603
-0.8069403280303074
1.2655147569430125
3.268862392668868
1.6873073052150545
-0.4155136460560799
-0.5019584589527827
-0.6995053091990303
-0.6055988447719174
-0.7408324750588975
-0.0021941384363541702
-0.5915623810662893
-0.5821420643561847
-0.42240122232498206
-0.361068792728019
-0.6412870892423624
-0.19782402326840617
1.0982380103413674
1.1059610265330797
1.476094340810835
0.2656056702640257
-0.6439425381076639
0.6217756538274527
-0.5966976631349117
-0.6213558906088934
-0.45034324456330416
-0.379366128189665
-0.5207744575802736
-0.1786165379283389
0.7807544350333653
0.8402125645528252
0.682560621328174
-0.2533335578895113
-0.08974812548368184
0.19294244924567572
-0.662081452702346
-0.5721908744155059
-0.6995919560273846
-0.42907024662313376
-0.3544019477670944
1.1568143317442885
0.5280379604050017
-0.10519290621981732
0.21653163938025868
0.292615690780448
0.6496239685154519
-0.0514622929277004
-0.6007452848450828
-0.6873766189692098
1.0968410862353208
2.935216996316177
0.29188079939759715
-0.7591937413582414
-0.7725313401887761
