546
0.0415254
0.0354001
1.23903
1.02759
1.05761
2.75083
2.18339
2.57213
0.627399
0.94759
0.480426
0.644728
-0.503151
1.32003
-0.43949
0.917745
1.44219
1.32589
0.455288
-0.71866
-0.673249
-0.736438
-0.755254
-0.63694
1.29626
-0.869975
-0.353129
-0.520346
-0.409842
-0.478807
-0.501207
-0.423194
-0.523074
-0.635256
-0.788534
-0.00164875
-0.416384
-0.557671
-0.143292
-0.477823
-0.358108
-0.801991
1.15008
1.16475
1.22998
0.479754
0.196648
0.557486
0.403456
0.177569
0.668068
-0.234131
-0.102189
-0.475974
-0.336707
-0.0807425
-0.280341
-0.360237
0.274365
1.1278
0.640609
1.03544
-0.399311
-0.755292
-0.855354
-0.690359
-0.742784
-0.655817
-0.399759
-0.653563
-0.765807
-0.633204
-0.155662
3.25364
2.83517
3.22274
-0.181429
-0.292085
0.447211
-0.670785
0.184599
0.159008
-0.268544
-0.49276
0.928846
1.05352
0.8635
-0.111511
-0.623537
-0.492219
-0.365665
-0.569256
-0.551392
-0.660761
-0.832816
-0.5838
-0.458778
-0.661506
-0.63297
-0.861877
-0.446716
-0.54541
-0.596641
-0.198642
-0.532167
-0.519074
-0.246508
-0.361976
-0.224754
-0.585545
-0.491153
0.532371
0.0910826
-0.458301
1.37579
1.36804
1.46093
-0.722535
0.0520604
0.52002
0.452619
0.391051
-0.293413
-0.263189
0.231424
-0.476666
-0.604569
0.232019
1.80215
1.13919
1.64529
-0.432171
0.65979
0.949521
1.00083
0.0214937
0.701254
-0.661024
-0.76848
-0.622615
-0.441679
-0.456112
-0.384655
1.29354
2.72257
2.23995
0.386765
2.50108
0.670604
-0.0796592
0.00134357
0.528902
0.150468
0.524896
-0.258181
0.853819
1.05043
-0.448545
1.01715
0.897618
0.403169
-0.593776
-0.273447
-0.11251
-0.106965
-0.283324
-0.539526
-0.714307
-0.165322
0.0887241
0.240596
0.485089
0.703479
0.812528
0.95747
0.484131
0.107597
0.147911
-0.0554557
0.758123
0.0897491
0.0576427
0.169003
-0.0345758
-0.00351055
-0.101945
-0.254648
-0.19684
-0.527012
-0.342857
0.762602
-0.306778
-0.124179
-0.0547639
0.0724131
0.195693
2.16933
1.88141
2.34785
1.16777
0.882208
0.714925
0.876685
0.794441
0.964695
0.857953
0.522946
0.490492
-0.334002
-0.0014103
-0.136494
2.15403
0.707685
2.01217
2.40505
0.0127086
-0.347922
-0.610215
-0.508124
-0.747816
-0.608854
0.626688
0.534605
-0.133833
0.92559
0.608685
-0.638156
0.00234578
-0.144395
-0.0106028
-0.0477054
-0.209009
-0.217787
-0.340688
-0.52749
0.969806
-0.210352
-0.197061
-0.321092
0.295208
-0.0633417
0.184669
-0.328577
-0.367528
-0.430925
-0.345923
0.848053
-0.525894
-0.347739
-0.754567
0.23191
0.379844
0.492796
-0.0632504
-0.378434
-0.365998
-0.417401
0.143178
-0.70303
-0.74466
-0.35078
-0.511467
-0.248471
-0.561765
-0.594244
-0.370223
0.509225
0.396172
1.22458
0.547623
-0.400633
1.11241
1.27662
1.25825
1.02077
0.388374
-0.57139
-0.492458
-0.260562
1.43895
-0.155509
0.660024
0.757124
0.828138
0.128956
0.745283
2.76544
2.26788
2.69914
0.926687
1.59658
0.0688945
2.07166
1.92434
2.27334
0.606864
1.52577
1.61741
1.04494
-0.0567959
0.260615
2.51349
0.903413
1.16203
1.06109
1.20769
1.15785
1.07541
0.906923
0.337422
-0.469358
0.0179803
2.52774
-0.463881
-0.38351
-0.0401726
-0.0637413
0.320675
0.792588
2.3283
1.95857
2.5367
1.20071
3.93935
0.766035
-0.267181
-0.0430975
-0.0858819
-0.265027
-0.295466
-0.105569
-0.332742
-0.414486
-0.246189
-0.0765829
3.51546
-0.482172
0.000674242
-0.0879863
0.783391
1.0512
2.28639
2.70082
2.81885
2.63793
1.80793
3.82989
1.96933
0.966135
1.88569
1.48274
1.62346
0.217036
0.102597
-0.217088
0.0577043
2.55762
1.79988
2.1926
2.54955
-0.295473
-0.696128
-0.677579
-0.0864799
-0.486379
-0.117007
-0.535418
-0.724926
0.842801
-0.339392
0.0557174
0.0532301
0.0157312
0.0876853
-0.351019
0.136061
-0.103303
0.0402027
1.51651
0.236873
1.45341
1.46478
-0.205283
0.0094434
-0.000603909
0.336371
0.380247
0.557244
0.25752
-0.458443
0.516612
1.55764
1.34066
2.48755
1.99584
2.18588
0.873503
0.864862
0.853763
0.595668
1.6641
0.403767
1.36584
1.69026
-0.214395
0.346551
0.246419
1.36205
1.10916
1.54525
1.27584
1.60436
0.131978
1.21622
1.04263
0.941789
0.152237
-0.041636
0.0757987
0.211521
0.136458
0.0805922
0.68435
-0.525999
1.07899
1.19136
1.27887
3.47988
3.08007
3.4647
1.0511
1.03855
0.0164502
-0.439182
1.03002
-0.0928021
-0.200715
0.224973
0.234909
0.507948
1.23331
1.22285
1.34532
0.783615
0.802027
-0.289845
1.23679
2.18547
1.7988
2.42601
1.58569
1.73018
0.964877
0.561549
0.655267
-0.450222
1.34254
1.36302
1.46308
1.31196
0.590281
-0.0291231
0.12901
0.17095
-0.153737
-0.307198
-0.0317982
-0.479815
1.09673
-0.342993
-0.149832
-0.262001
0.333642
3.02025
2.8425
3.16423
2.23107
2.22028
2.05175
-0.514864
2.60652
1.73359
1.83287
0.989419
1.93582
1.83372
2.09192
1.54318
1.87297
1.82441
-0.0952392
2.04591
1.43962
0.906026
2.67087
2.128
2.52343
-0.339279
-0.371762
-0.394983
-0.642571
-0.315606
-0.491232
-0.246147
0.0726617
-0.00558856
-0.182216
-0.05544
-0.329643
-0.261433
-0.598989
-0.742121
-0.486258
-0.210842
-0.250762
-0.240586
-0.410428
-0.113409
0.0219112
0.167941
-0.273176
-0.317108
0.557821
0.349259
0.152356
0.742632
0.118812
0.0519598
0.659008
0.402147
0.792075
-0.0460325
0.767163
0.362894
0.619813
0.569617
1.85897
1.57385
1.82389
-0.00693566
0.163726
-0.0665208
-0.240115
-0.0431444
-0.615035
-0.700516
