546
0.127431
0.00557942
1.23766
0.924402
1.11171
2.55604
2.34541
2.50378
0.662992
0.900113
0.527427
0.434279
-0.473271
1.32174
-0.419545
0.848156
1.43226
1.36795
0.360747
-0.646324
-0.656759
-0.767469
-0.825708
-0.689316
1.17316
-0.829718
-0.372612
-0.418724
-0.344995
-0.535214
-0.438639
-0.335848
-0.435375
-0.593608
-0.750769
-0.034322
-0.45069
-0.520781
-0.286016
-0.504926
-0.303181
-0.697312
1.11995
1.15999
1.2599
0.54643
0.271986
0.391244
0.349669
0.219561
0.630283
-0.181487
-0.0781674
-0.563088
-0.337263
-0.154226
-0.224527
-0.283499
0.281277
1.00053
0.855228
0.964404
-0.368413
-0.719426
-0.778375
-0.687811
-0.650996
-0.581952
-0.454851
-0.592722
-0.729336
-0.576233
-0.110466
3.12084
3.01724
3.19078
-0.05193
-0.141871
0.369744
-0.659688
0.238333
0.207562
-0.338281
-0.306116
0.95135
1.01481
0.871562
-0.156813
-0.535303
-0.481273
-0.352989
-0.536452
-0.586261
-0.640228
-0.750602
-0.709983
-0.493748
-0.598942
-0.614085
-0.704331
-0.442247
-0.474293
-0.418821
-0.166806
-0.427086
-0.449469
-0.357672
-0.330416
-0.159764
-0.642293
-0.447103
0.454231
0.194917
-0.457327
1.34185
1.39091
1.25451
-0.655835
-0.13071
0.480875
0.579503
0.298816
-0.204427
-0.325345
0.268495
-0.349086
-0.610515
0.130635
1.58723
1.44909
1.56068
-0.530012
0.575569
0.883538
0.961332
0.230208
0.638539
-0.61097
-0.737567
-0.600563
-0.464029
-0.297599
-0.376839
1.23488
2.5683
2.51863
0.355621
2.42505
0.618118
0.0504934
0.0784412
0.447262
0.349554
0.410606
-0.34075
0.764815
0.925244
-0.275262
0.990175
0.956039
0.37269
-0.495027
-0.184959
-0.0665964
0.0152176
-0.185676
-0.622804
-0.661315
-0.154425
0.0790852
0.306175
0.460144
0.797529
0.982555
1.09934
0.622597
0.301809
0.386828
0.252621
0.720142
0.408227
0.279341
0.513251
0.281073
0.104654
0.021163
-0.245982
-0.0737554
-0.231242
-0.17841
0.774561
-0.191044
0.0775935
0.040761
0.165102
0.272299
2.11673
2.23805
2.30315
1.19281
0.818836
0.646952
0.950804
0.761246
0.943788
0.897326
0.622173
0.43774
-0.119878
-0.022048
-0.0242766
2.08664
0.575191
2.19259
2.25293
0.100103
-0.219007
-0.267858
-0.353224
-0.706576
-0.574139
0.547692
0.742896
-0.0664967
0.93604
0.690027
-0.29381
0.157375
0.112596
0.314718
0.236798
-0.0402793
-0.0853038
-0.24815
-0.254299
0.958552
-0.0332952
-0.0596379
-0.112354
0.265587
0.196788
0.382789
-0.16194
-0.275838
-0.39934
-0.21632
0.847866
-0.292995
-0.194626
-0.501631
0.276257
0.439904
0.52281
0.12907
-0.14075
-0.187113
-0.2607
0.178341
-0.583053
-0.62701
-0.335725
-0.162903
-0.183915
-0.245041
-0.422119
-0.133096
0.505341
0.517219
1.23835
0.615661
-0.110882
0.962587
1.3391
1.30339
0.9977
0.499763
-0.394596
-0.319663
-0.24525
1.38986
-0.0776431
0.497121
0.837979
0.722518
0.0988093
0.740562
2.59518
2.52878
2.62592
0.937592
1.65205
0.231754
2.03674
2.10166
2.0518
0.59698
1.5273
1.65079
1.01081
0.0183623
0.289797
2.45485
0.917943
1.30202
1.2703
1.30211
1.18793
1.15783
1.03006
0.590839
-0.115752
0.107993
2.64417
-0.0241391
-0.161738
0.14213
0.242237
0.595223
0.914578
2.45604
2.38437
2.42859
1.35063
3.86652
0.732955
-0.110252
0.162627
0.249317
-0.0427083
-0.141068
0.0398692
-0.000540459
-0.272428
-0.0128412
-0.0912756
3.60919
-0.112761
0.0314429
-0.132323
0.73806
1.0152
2.23706
2.73382
2.81849
2.58347
1.90893
3.77356
1.93103
0.905222
1.82519
1.52117
1.50279
0.39246
0.208308
-0.114064
0.0757238
2.40934
1.78575
2.40355
2.40733
-0.361341
-0.72879
-0.557803
-0.215253
-0.3646
-0.168906
-0.567673
-0.573435
0.765291
-0.316455
0.117073
0.141309
0.103489
0.0685648
-0.212755
0.218094
0.115195
0.118347
1.43833
0.322493
1.41412
1.40079
-0.134303
0.0341564
0.0332065
0.320217
0.360967
0.561794
0.282432
-0.326951
0.484625
1.45694
1.39189
2.49611
2.19297
2.14166
0.822798
0.805416
0.883738
0.590131
1.69588
0.436006
1.4823
1.49427
-0.12519
0.256596
0.322845
1.32946
1.08842
1.60247
1.25381
1.55945
0.206208
1.2238
1.16566
0.952223
0.157764
0.0903666
0.118911
0.289842
0.245317
0.205272
0.635667
-0.492656
1.06565
1.20783
1.32452
3.3347
3.22989
3.4054
1.25277
0.996515
-0.0386628
-0.4491
1.00663
-0.154366
-0.125071
0.228012
0.199582
0.406259
1.18784
1.32595
1.28624
0.868934
0.768254
-0.21123
1.15509
2.12002
1.98032
2.32854
1.65124
1.67398
0.946659
0.727071
0.504057
-0.376932
1.20483
1.36329
1.40619
1.33861
0.579771
0.112847
0.234865
0.256196
-0.1785
-0.334208
0.0519034
-0.259458
0.995505
-0.237125
-0.0402689
-0.0877594
0.313164
2.83328
2.97442
3.21223
2.12402
2.08533
2.20321
-0.466939
2.58428
1.89458
1.71415
0.92655
2.01443
1.99323
1.9957
1.50172
1.90559
1.99473
-0.068917
2.00224
1.45206
1.1019
2.49551
2.42912
2.62656
-0.314718
-0.42651
-0.308859
-0.391908
-0.193903
-0.440229
-0.180754
0.151569
0.149948
-0.167029
-0.0756403
-0.239215
-0.210287
-0.578772
-0.757788
-0.444857
-0.191066
-0.169589
-0.106127
-0.288613
-0.102362
0.0993424
0.210264
-0.169597
-0.285255
0.417675
0.452096
0.117019
0.762295
0.231174
-0.0341833
0.53415
0.499979
0.801904
0.169532
0.666184
0.482433
0.518529
0.524619
1.77673
1.69038
1.69219
0.0859335
0.224714
-0.00292009
-0.120625
-0.0268659
-0.567858
-0.702841
