182
1.9159522812606014
0.7925654763005822
0.8994649720975287
-0.5415226494515794
-0.06873794260474413
-0.878442310672713
-0.6641572327918976
-1.0370944423912543
-0.6361112387451135
2.6996186768137487
0.15445801163340916
-0.8112266330438979
-0.4289058953471254
0.8674398676013657
-0.5877089305288651
-1.0177938547964778
-0.8558077301128881
-0.3845508373233878
0.6629688812829085
-0.9587664979862602
-0.7133799314651207
-0.5046586746465287
-0.7861577063632803
0.7359837924870789
1.007632610626492
0.13104013499981806
0.04164588495188806
0.8015780152766843
0.790167014563499
-0.41062180408788085
-0.14457301201884848
1.5746057372679525
0.5796704933004162
-0.8847741762632617
1.0676377889865056
1.9901012359953247
-0.7931751757370914
0.5065181550337485
-0.6807685394992601
-0.8569692825598919
-0.2686657456500154
-0.10497250353347824
0.6552931566184109
0.7991880732551525
-0.8997105028358068
-0.9973144962881819
0.19560685188345098
-0.4987044697881879
-0.8090809661450596
-0.8952733787527215
-0.680891527388601
0.3109764513452042
-0.513409601471156
-0.7659089607223499
-1.1745239234121778
-0.4723090277349498
2.194980794041144
0.43382432187080117
0.08461411847064684
0.35666335174699987
-0.32678388620916465
0.06209255129485164
-0.49914484552348926
2.1475238401288492
-0.8869667726269487
-0.7365415524626494
-0.9051900037943122
3.4934132401132962
-0.21062533277835674
0.9282309242581952
1.2766478459783468
0.806121016243682
0.12279088231351985
0.6766982697172631
0.37337557281419587
0.40891995999017433
0.6507972532714522
0.36858595753645085
1.7283842818963238
0.04493410392665475
1.1874840857972315
3.0301662627422425
0.7378834390720583
-0.6106410257492861
-0.5877600869511023
1.0363178279333596
0.1354543754216815
0.3625805078956818
0.281704175923363
-0.3555492690865015
1.0231134556564816
0.04342426404799327
-0.7655958410955087
-0.3905097692757265
0.27208069047671796
0.12600880195533007
-0.7011083306560119
0.8705643979724367
0.6940928030038107
0.08474330192578355
-0.44615192287111444
2.153650733105759
-0.33753587886805736
-0.7370722523028611
-0.2691256589063868
1.7667358676685632
-0.7716254383653813
-0.9996392036940968
1.138520689251948
-1.0165247752447324
-0.677080982252148
-0.2942925960306624
0.13641350771128738
-0.4522030629906116
0.2359472343842247
-0.19961176901454641
2.3625168805539474
0.15458689160557862
-0.7721588838390037
1.229750826186287
0.7896840282780576
-0.7262053313597042
-0.5770416928185567
-0.8515390154664705
-0.895547594326171
-0.4935871644287307
-0.5712545900229277
4.485176933714608
-0.7337481421304413
-0.5175958325197748
-1.0850470196984308
-1.1179924892477549
-1.0072207466936562
-0.4149636588211475
0.2091477797562512
-1.1497740606718543
-0.7214502067317841
-0.4034414469037471
1.2919135465902365
-0.8135849085559793
-1.022207946751698
-1.0885813313794137
-1.0956824732855412
3.034810606712625
-0.0033882258992766414
-0.8192999474047962
-0.9354093567796641
-0.7724035223868103
-0.5195045181837901
0.9371862528902825
-0.7995124312676649
-0.4405014012260614
-0.8023691091529469
0.06136507104846803
0.7511039231182329
-0.8724907452191778
-0.6693915176414227
-0.37617937847123156
-0.8684121657505104
-0.2989294105326343
0.6795772812582835
-0.8681568667200349
-0.4046520586933993
-0.9845749286245393
-0.9212208181388808
-0.533361566257412
-1.0063456810283158
1.8092993126638022
-0.10324762482701025
-0.9633070812714263
-0.7014263928544759
0.4122940176968306
-0.020260319782437728
-0.9832452991374883
1.1822109362694964
-0.9723779676537804
-0.009155804860098747
-0.6765674495893355
-0.34784954777716254
1.115349562109488
-0.5841627152628771
-0.9412938746359254
