182
0.16265592096147216
0.44764648140233293
-0.3837675877940289
-0.597431131862273
-0.48697082614749726
-0.6127932111493857
-0.5696994264520061
-0.6695109647670033
-0.2654932048074489
-0.33177667577567205
1.441021133251769
-0.2763746797558578
-0.3314978126609445
-0.5760039796428207
-0.5965326376906261
0.978212103495411
0.6992662069319392
-0.6154396054227674
0.9286302607164013
-0.6283656905731061
-0.6902675142887891
-0.5277092281171232
-0.5097904934860087
0.5729804257797184
0.013836172554827024
0.15144101118808279
0.5373290068509475
-0.5285375568418215
-0.48406480356479153
-0.522455303558804
-0.6421069135102915
-0.6163766119585724
-0.3792414095669092
0.6924032477018426
3.70230413879032
0.39746625712629513
-0.54646756938165
-0.4706418874142982
-0.13314039459286142
-0.6274837897079248
-0.4965787198517922
-0.3492637230520957
-0.5554833942025972
-0.5087330561917647
-0.35007392902600887
-0.5249337581756678
-0.36219405774374475
2.7296899646038995
-0.3961683575403202
-0.5387821415955627
-0.3711462882473506
-0.35398412655025135
-0.15928483023329365
-0.4138726238730837
-0.5504531535914727
-0.49113609205868397
-0.5458271944277823
-0.41717936817500145
1.9509594431340427
1.4031061122660178
-0.6310471334732841
1.1067937637782446
-0.6803346505852581
0.06277059356915184
-0.3602488282569463
-0.22927803872355856
-0.6276716667876256
-0.65525763265791
-0.4628463691658106
-0.5518155435932652
1.3309457400467428
1.7821308093121027
-0.47136549328262994
-0.6565784238674677
-0.5147455660488063
-0.5280544317042623
-0.2147706543140456
-0.4038686737948362
0.13779689464619096
-0.4326923845154007
-0.638977292140271
0.8593386306359294
1.9082889965891912
-0.5961529060464228
-0.45683158520120215
-0.29317033800881664
-0.5201874918672181
0.2444542500687685
-0.2735102412166619
-0.5206444339735984
-0.5860328885628673
-0.5523486590846914
-0.10052867951297582
-0.2846992852875832
0.5162809228363668
-0.4614026630193335
0.05924353694091335
-0.1538901180008858
4.457244783894439
0.34053083393666955
-0.4741120329614542
0.6449036392878692
-0.02931058489390427
0.03559355079892489
-0.16060171942222737
4.286916945526727
0.8560097867811977
-0.29539525570748465
1.4414348140716293
-0.5639525511984907
0.04005571003936784
0.3782150547454015
0.03982889649061197
-0.521535353579245
-0.5063301149751175
-0.09490155462245445
3.9929544693734633
-0.3339288971701401
-0.4289147857208989
3.1775903509366814
-0.23209934978072844
-0.6486343727020242
4.619943781995702
-0.006928976897185376
-0.37005079865754137
-0.6429754768462492
-0.36659382034593596
0.1620214713118089
-0.6251215630721909
-0.581118269388073
-0.2234007077304015
-0.606588962758484
-0.16486984338799174
1.8148492938844558
0.035074075879470444
-0.0033984067346440393
-0.31565990953900547
-0.6271703557308906
-0.34784686383445135
-0.5736694828654613
-0.5075425844246284
-0.6466861339152326
-0.05879445774643687
0.3533479682861795
2.1613247246324345
-0.25603942556112824
-0.5690399915694074
-0.5624421709805533
0.40666785848511044
-0.4149284203941144
-0.6380156676691379
1.54095067043574
-0.46768806635127724
-0.04060337324006018
-0.5576526442386543
-0.5878812037029966
1.3265755266483619
-0.24076947188352163
-0.5138567208039877
-0.5593187724821312
-0.41826017731210247
-0.5755277677160925
-0.6637590842728741
-0.6173300190583726
-0.5844917791600822
-0.4915475799800231
-0.6484376660477432
-0.6373099370392763
1.5030673075910634
-0.6333025796285957
-0.47082850154544537
-0.6284839876808307
-0.6489781606927959
-0.5509242855169124
0.07267192680882555
0.9018206108474778
-0.6326395109594695
-0.5961097310131218
-0.44187390592388187
1.331751079846707
-0.596346202890399
-0.6718293680698514
