182
1.65111
0.788228
-0.548316
-0.0340731
0.254602
1.59765
2.79664
1.09252
0.307357
-0.505574
0.995962
-0.574268
0.679654
-0.340444
0.309527
-0.00181959
-0.748582
0.287193
0.700488
-0.00910379
0.0942041
0.0137665
0.75103
0.128901
0.743782
-0.253826
0.787789
1.65542
-0.311911
1.14483
0.0402296
-0.347942
-0.0650127
-0.466372
0.736259
1.49282
-0.46416
-0.20761
-0.571552
-0.618265
-0.00591507
-0.539205
0.875258
0.644697
-0.411468
-0.493328
-0.446209
1.83557
-0.473673
-0.139199
1.73902
0.897785
-0.371909
0.0697939
0.658901
0.0728574
-0.562632
-0.58118
0.486709
2.07212
0.874953
-0.227376
-0.404683
0.0560866
1.84558
-0.516151
0.634956
0.264702
-0.303167
1.52108
2.58835
0.563539
-0.415757
1.07685
3.36507
2.63129
2.56608
2.06068
1.77739
1.60079
2.69522
1.57003
2.47496
2.18583
2.82669
2.58585
2.4949
2.2324
2.57409
1.942
1.10059
1.09824
3.05334
-0.575435
0.313842
-0.219119
-0.326079
0.144012
-0.220371
-0.418983
0.0293442
0.932268
0.107314
0.587277
-0.181753
0.274629
1.29155
-0.645475
-0.538259
-0.552492
0.0733336
-0.686664
-0.406423
1.6136
0.131619
0.163676
-0.406149
-0.355049
2.10223
0.445277
-0.331623
-0.695937
-0.557997
-0.570141
-0.564782
0.207639
0.0719621
1.2058
0.356715
0.0361625
-0.555619
-0.577137
-0.304207
1.26021
-0.48684
-0.276116
-0.291594
-0.296207
-0.591716
1.81363
1.24603
-0.452237
-0.617606
-0.739505
-0.558397
-0.396409
-0.0455263
-0.1365
-0.506371
-0.349357
-0.555047
0.504088
0.198959
-0.54986
-0.346578
-0.454105
0.372624
-0.155634
-0.151295
-0.111035
-0.535075
0.393569
1.69021
1.23285
-0.54242
-0.758127
-0.117574
0.165276
-0.356496
-0.367147
-0.0686065
0.367965
-0.490653
0.11614
-0.399555
0.922801
-0.238392
0.626616
-0.482855
1.62442
-0.403371
-0.551063
