182
1.68979
0.819024
-0.525141
-0.0671186
0.246751
1.72066
2.8057
1.05653
0.149902
-0.535187
0.936314
-0.603019
0.758512
-0.420044
0.179753
0.0861819
-0.644232
0.331755
0.867602
-0.0463811
0.128509
0.0785904
0.756687
0.111118
0.718672
-0.299802
0.861799
1.67073
-0.191008
1.11683
-0.0888555
-0.413958
0.0475081
-0.382303
0.796181
1.7261
-0.455521
-0.136661
-0.485415
-0.534138
-0.0507933
-0.495139
0.776543
0.653002
-0.381387
-0.439274
-0.518023
1.94033
-0.468664
-0.18667
1.70771
0.923182
-0.347593
0.0751936
0.512407
0.0748079
-0.525011
-0.569295
0.599916
2.19008
0.838458
-0.127935
-0.373762
0.155792
1.91408
-0.465846
0.677921
0.249737
-0.29008
1.62506
2.72648
0.550098
-0.350571
1.06679
3.45679
2.58774
2.57083
2.02601
1.77544
1.72283
2.73641
1.50131
2.48557
2.10787
2.79534
2.62681
2.41586
2.19976
2.59383
1.91896
1.13921
1.09239
3.25627
-0.502389
0.527098
-0.228036
-0.15085
0.334025
-0.118439
-0.356543
-0.012489
0.92424
0.112731
0.621889
-0.213069
0.275647
1.42395
-0.679052
-0.635312
-0.386172
0.101519
-0.696247
-0.3828
1.84152
0.129433
-0.00710564
-0.375827
-0.319613
2.27361
0.322065
-0.342552
-0.501062
-0.485148
-0.590153
-0.451091
0.0277405
0.00577076
1.16333
0.577987
-0.0977351
-0.486553
-0.540626
-0.295094
1.31424
-0.548478
-0.171374
-0.383733
-0.277979
-0.490861
1.81433
1.15708
-0.289841
-0.592722
-0.749626
-0.540529
-0.409294
0.0317551
-0.148998
-0.504269
-0.352091
-0.522066
0.747148
0.14963
-0.482235
-0.306449
-0.474039
0.468922
-0.198411
0.064768
-0.225256
-0.565587
0.568796
1.62378
1.21834
-0.432335
-0.665276
-0.130874
0.0824954
-0.218048
-0.321208
-0.0505804
0.295468
-0.500683
0.159937
-0.358359
0.965599
-0.223799
0.617962
-0.483183
1.59258
-0.259667
-0.603544
