182
3.2155497198156806
0.21645340590180925
1.1677115749794318
-0.010829553954446161
0.6117181754110022
-0.5028882274349957
-0.439664051765467
-0.8697682394281463
-0.10116060594610331
2.358115888044116
-0.22600286167204614
-0.8582208268605639
-0.7354281992220236
-0.5237188592552104
-0.46461898171499094
-0.7696569208696292
-0.6675353581464731
1.719350718586554
0.6716717509975568
-0.566535362453141
-0.4974272957950977
0.3228954721558092
-0.24347899958914063
2.19654763088459
-0.1504450416962873
-0.39699312400664083
-0.3754878857381281
-0.30878088742321425
-0.3798535906552039
-0.9388121470914369
-0.4321119909656686
1.7540483677083878
1.1106246168238152
-1.1139413132043106
0.0480642114287678
1.819641025944016
-0.7691363996923637
-0.17478692853298308
-0.7637739854546627
-0.449403255149269
-0.9603859565850622
-0.5195705006661355
0.7890950858773587
0.48150826518725
-0.28946620561309283
-0.8160914498383681
0.7533218260852891
1.9655835400556867
-0.745214099648699
-0.9101601307077825
-0.5397478528677612
1.5034821162349912
-0.8301867762678751
0.12912850973410572
-0.9582456930415243
-0.19620655160233785
2.4292663293360826
-0.48316409339240995
1.6773858776609607
0.24298350581907716
-0.840878782296501
-0.2724457140142008
-1.0396234458083815
1.504950055160288
-1.0517793441367496
0.0295287982612185
-0.6616210651965183
3.1456398310068256
-0.8781811740472999
-0.019692524100225685
-0.5918140805046622
-0.3654969497391553
-0.5058686820303084
-0.058905481675026475
-0.7919278947084085
-0.040219582676278856
-0.054966132504954246
-0.9459323811422609
0.4522280154494173
0.03944927193789488
-0.4811084560692873
1.0559588191417397
-0.70659622442035
-0.7405133086275836
-0.6053171000007693
-0.12768534299007783
-0.44182836876999615
0.5318887963448284
0.8677228123120538
-0.7719154433797828
1.123856642657489
-0.42697439879877425
-0.620116546286574
-0.516007003051645
-0.675437505683735
0.24890365015254182
-0.9308430809852848
-0.1894966342632258
0.7883007503469693
-0.8308055746520536
0.17664866182674036
2.5050398316676157
-0.6460476211378942
-0.778343604626933
0.3926022767997621
0.5290899893460739
0.09933450932048397
-0.7493764148375477
0.7489990085856535
-1.0615316290896784
1.0792294003128964
0.049539249293146036
-0.39145869385738175
-0.7944573181338348
-0.5240618950933884
0.5054876256887376
-0.1787410484956484
0.6611465555618818
-0.9169925011355574
0.7364542306681784
-0.02836822495463749
-0.770029242896878
-0.5942477152780782
-0.8538980723349964
-0.7690881722492007
-0.09840527220741546
0.3774155160387673
1.1864636034361264
2.081131374490237
-0.05834310081001972
-0.7138758562911017
-1.0473724970519507
-0.3963547324601804
1.1554441257758374
0.8126840678379831
-0.8761294263284152
-0.6589412938885839
0.017972340937491244
-1.0437065225175983
-0.5323125404009149
-0.6333224299272727
-0.7987308907348485
0.006119026241410482
5.118626134279555
-0.57523955200141
-0.9321432083541785
-0.8666458535918226
-0.019062021732011228
-0.21269530499467595
-1.059293662194089
0.7103382332796679
0.28116438271314403
0.6370992765919608
-0.5502436641981244
2.8233618999264447
-1.0540758067334024
-0.5443318935972916
-0.7047818541729847
-0.6957002600673841
-0.5168054054427996
-0.8044597272624967
-0.30343386633868663
1.0519660593845737
-0.8374084657255234
-0.2747027937069621
1.6165038061099621
0.306862151710521
1.714421851076249
-0.12401773191260364
-0.9464305432651151
-0.8505576178278343
1.655681938897317
0.41227446861483014
-0.5175342299237831
1.4948146526764612
-0.526805149628695
-0.7049053167456011
-0.46932526251136
0.5562530096303192
0.37211342994622537
-0.7905631547618125
-0.8866602561705358
