546
0.18350702024144475
-0.31777978357799075
-0.22403542601624313
-0.5998882020977273
-0.5691051998998262
-0.016556173167992717
0.2289121275620868
-0.4560985666557605
-0.629751946099887
-0.5618190068535075
-0.6439176694489585
-0.6663952074808567
-0.7550416200649485
-0.3033780968711597
0.45174851595429416
1.238749285243165
0.3335624114170769
-0.36209292050793435
-0.6915618670593896
-0.6846635781623399
-0.7153979431527141
-0.5181713575930902
-0.34432139416909346
-0.5977469157546774
-0.3710301210415325
0.9997333315430902
1.288267233140342
1.3658771168435964
0.09485757445887451
-0.3554129055191891
-0.6535431329963672
0.0385333432472351
-0.037569285915266634
-0.546814677531469
-0.4767059697629462
0.09870210802413328
-0.4466853838372894
-0.5475772794686573
-0.4715691890202832
-0.3587902807331552
-0.35049894564579215
-0.21099033041236873
-0.6460866552198545
-0.3453366639173036
-0.3463406509009355
-0.018865736741899182
0.018579621827535753
-0.26789840771569406
0.1126917139006097
1.7195955856603269
1.639848697016759
0.43363799249089824
-0.21678866058883636
-0.6507403231814542
-0.6427749276280921
-0.42619821977040245
-0.325003830407954
-0.8363267418564483
-0.6004200580819432
-0.1971948894691004
-0.31274962274240586
-0.19861325481910083
0.5997263052697058
0.847326216338343
-0.23147783897225171
-0.7378304846801853
-0.7627158734150653
-0.7687743117779934
-0.7617177243066543
-0.7339460115838083
-0.7575962925299056
-0.6657574135567194
-0.6035784484147632
0.2573638276285133
1.8724662180357279
1.9555732283589315
-0.6616161912561436
-0.830127268259745
-0.770457800656414
-0.4097702653475491
-0.7653559700908317
-0.7845115239525476
-0.7236740729149377
-0.6771543210593853
0.6434505918668142
0.03125028027573045
-0.6459912919940515
-0.7632870857488084
-0.7039007575091811
-0.5874918027979968
-0.2747930447632612
0.02060218419594133
0.7405671751492785
0.6778398286921871
-0.22468237841644484
1.973660418473622
1.8745370816859894
2.425625483553847
-0.5529577488931823
-0.3660291556890589
-0.4645011374938435
-0.34788935076185445
-0.30628444805686245
-0.5067414511780216
-0.6951958570431795
-0.6960884265598019
0.027544407751273085
0.5352822549836049
0.20690099760575123
-0.6943607237820848
-0.6464260601551821
-0.605142059449157
0.005145986527047613
-0.7455842695628637
-0.4702757381709847
-0.27331621352911945
-0.48183841748194384
-0.4595729178447795
-0.833737833030768
-0.7078606251365923
-0.21987643414684063
-0.20432274842103457
-0.6503735197576093
-0.6736251713963041
-0.623522581212444
-0.7422498976274647
-0.7753656680966847
-0.32934475948315606
1.542211704967723
1.4697098139586595
1.7098741224611151
-0.2634066229862361
-0.14823161555054476
-0.67334510037391
-0.5738152780396312
-0.3232865160803567
-0.6957110786915219
-0.7390519523718153
-0.717603534645985
-0.7018469857592062
-0.7817686492375291
-0.27917507336189823
-0.4250832720291021
0.03250778449593894
0.28781437176372365
0.5533035517950041
-0.2031637474669668
0.6153450282944327
-0.47468122800153734
0.07634956224645717
0.14398469347958684
0.10382536372315233
-0.06541393755642524
0.3078911820776165
-0.8060556975899643
0.06396331643684856
0.11637561101889918
-0.1526269325817304
-0.4357204911592738
-0.22540119767457148
-0.606169350288134
-0.31072846709540747
-0.4072213158645621
-0.39243697401329725
0.23477689157136558
0.5685578364027847
0.11469981068386029
-0.148489426662299
-0.6927181073820106
-0.17673479957834604
0.05660854598444076
-0.28482266632154396
-0.39067877838309806
-0.6140042617985256
-0.6034574529591406
-0.7566982117117481
0.20740968194852097
0.43121258952280916
-0.3606353201799603
-0.6147852564607494
-0.2760985311972342
-0.6812967484457826
-0.7148195113166794
-0.7496471646127135
-0.6363315434241641
-0.640947350634699
-0.10633682942218316
-0.5889867539692409
-0.7189684590307267
-0.6614711127369166
0.38980915117830395
-0.7108104604063801
-0.6152940308571742
-0.2625408762220946
0.036567067603444435
-0.3185819269936413
-0.6226922483754236
-0.5184482877808478
-0.5368440540021389
0.22651457678778786
0.40614331320339087
0.6586894122380879
-0.05792220047183809
-0.7222425491859712
-0.7077904647786951
-0.6949606526543636
-0.55444296590732
-0.40153163304650086
-0.2795776982904205
0.05426718859627731
0.29882057604748696
0.025313396438786148
0.22057045098168182
0.5728913591796331
0.2640754070621192
-0.6974712828437253
-0.5060062822037754
-0.18080924579724178
-0.296097027424452
-0.11324141881053314
-0.045375403549720215
-0.42278592927079645
-0.7206417884908288
0.20245376943766583
-0.3689224555212447
-0.7457193645607765
-0.6307862938473454
-0.40555856733027607
-0.0925591812326332
-0.268710987338027
-0.6646764620324068
-0.7963297418833392
-0.256267920841038
2.8211522203736257
2.5073268679657383
-0.5107293642184294
2.3612704373615525
0.40163711884336356
-0.19092671722345214
-0.06482265265275441
-0.1461129211280429
-0.44167228659683694
0.13014819724755722
-0.02435385016432061
0.01890162046267026
0.3819900942118121
-0.17271737094950768
0.20316593509314426
0.17448962039496535
-0.7220682101933984
-0.5951992394051592
-0.6574441238991467
-0.7731059197863452
-0.678144011907524
-0.5752551499490205
-0.7731495475138653
-0.7446699145806502
0.728406266650913
-0.7272974613395896
-0.6937107747566602
-0.7579714438022397
-0.66355047388684
0.003110603256347356
0.6468495261662361
0.3563314532112957
-0.4461483811869624
-0.6752237143405017
-0.760889971237157
4.853470597954193
-0.6232407704572723
-0.7557516255731024
1.5067315029375832
3.6370955252651553
2.162807440043306
-0.5393350206719074
-0.7380074409777655
-0.7605232882563107
-0.543323829605455
-0.3492242180512759
4.776688400635111
1.0425199683468727
-0.01778119601149637
0.7176110001768817
-0.5618364512859204
-0.51886886902323
-0.7462752403309635
0.303263529175674
1.0332113490610488
1.1197042036689542
-0.1468177334566032
4.554702189398105
-0.7771454849444003
0.3574287749043081
0.35425002791873095
-0.2712862450832179
0.4540881348012839
0.23961325213325654
0.24960710890715387
-0.6775701867927612
-0.7118132680021478
-0.5308941634642809
5.083955943934807
0.16424771678641176
0.05733955325215376
-0.160941634739329
-0.5744350344089856
-0.25729687894650843
-0.14241683316773546
0.12603238275145887
-0.13556060731092665
-0.26712889631859593
-0.377646687475267
3.238565889877769
-0.6412189087476825
-0.4645082525993298
-0.5727264580599697
-0.5117627908486228
-0.5822021766010669
0.2069867179425819
0.7174590237396087
0.06042534217127658
-0.5128505562127925
-0.39233804343643197
3.92539228361924
0.35930319892586365
-0.34245769070503745
-0.41509815264502065
-0.7660198537745575
-0.7283963795491539
-0.7629937962417194
-0.5496115272440291
-0.30576112204607886
-0.20306745228284673
-0.0640599340519428
-0.64135582723359
2.9379348225479274
0.1745432408539295
0.3243901503815608
-0.12882824801216544
-0.01896555841635207
-0.22415715531238425
-0.49167346057315314
-0.4257503639677644
-0.6356065267041898
-0.5840449770162434
-0.834249186824471
3.219171468553249
-0.6876551344794519
1.6376176011596404
1.5829170621284692
2.2055474880662422
-0.56148435844118
-0.5734747637921606
-0.5446280993891437
-0.6558273965261023
0.08273902039523455
0.3641349322969512
0.45571786658542723
1.5493910572074485
2.20706159064913
-0.7106832093659974
-0.6713783557219739
-0.7193118532696006
-0.7086239156861199
-0.6481525542510886
0.01445418649997947
-0.0646911357546897
0.31670633722138947
0.3918014072013861
0.19343385169517952
0.1484639954251237
-0.7391740301357614
-0.3998259678545602
-0.003957978208073638
0.8879126713542319
0.6151618127238678
-0.10575094593720719
-0.12406124937449704
-0.7430730802884785
0.4359558213525787
-0.6062470905218765
-0.026180276321784126
0.5538793875969533
0.2852840522932571
-0.6789380468094156
-0.6522911494529741
-0.7334911817884171
-0.7645377239304068
-0.6561823046883161
-0.7399350889664323
0.5299533371728462
-0.7475487951147285
-0.08334041643058795
0.9968768329394789
2.1331025849387286
1.4706747807585423
-0.13167152475946708
-0.3878622195349236
0.5103745261677699
0.5310283597399067
-0.42311895638040153
0.7422933579005294
-0.2303485478856718
0.24325481043348388
-0.2092211858158803
-0.5995155141797519
-0.7051250203316223
-0.5222394240601018
0.3517446261328931
0.7697107707707554
-0.28556423046839685
0.49115524159729124
0.7665801308174484
0.5010278592624462
-0.46384204510370103
-0.7224969001542588
-0.4826705463337809
-0.5422207393988344
0.19327031360184158
-0.6707473242891092
-0.2502923863618872
0.4373474351524567
0.3347831995497259
0.0023321024903672338
-0.5533785025383132
-0.1288357632936279
0.09777622503032396
2.715028857835501
3.3180265422892052
5.724001846654795
2.902461511416433
1.6543796572248208
0.2202703555048955
0.006349952081214996
0.6178462537486995
1.060990721979446
0.9507374807226533
-0.6941371385313294
-0.6554219264589709
-0.672627441965994
-0.666412427418686
-0.6295089260941552
-0.49441405476125316
0.3269442849501355
0.7275598599950314
-0.7653036577866621
-0.4397913180172691
0.429466427365782
0.25698419099819825
0.14517479626726892
-0.5089649363422172
-0.1945194759886441
-0.06209893290490007
-0.7811019514384323
-0.7658768671033986
-0.7680542633321903
-0.5800482837270605
-0.3666662708386118
-0.5748714954119839
-0.010659244238806157
0.053374251606154235
-0.22409272386890147
-0.4620774375727298
-0.7135570792409635
-0.6212500977715844
-0.7237488644927298
-0.7473374170541793
0.0054344042182888075
-0.5171869772639335
0.1479626236400116
-0.08297587294984322
1.0030673411135704
1.0139835260542678
-0.3794537261340701
-0.5495701459919979
0.5115976924753409
0.2547268386700446
0.14984428714827525
-0.3617896161312808
-0.41270574884706823
0.15458182982907218
0.625347357576462
-0.30473060673835917
0.22140095579760116
0.7986436436462306
0.38239256628795354
0.10571167311267055
0.25755274317793375
0.19588160978196634
-0.29566241100123053
-0.7139565299486244
-0.5115468794206877
-0.4583076448747538
-0.44232473797373945
0.20978257088235092
0.756826990144418
0.5623527885678141
-0.6333285164389482
-0.5237187925244403
-0.44006126779115917
6.4583983576066615
5.623442347236944
-0.7570754397213542
5.437330274076576
0.0025150881766952678
-0.531041881430577
-0.47677527480413784
0.12914157599312714
-0.20114736645391454
0.23970097621233574
0.02848145690038198
-0.49091668876229305
0.22615607241092128
-0.6364473107623214
0.4149472106198591
0.3520063531465517
1.048363971130744
0.3451631324112445
0.13102193612675758
0.12382393359679199
-0.8394799421025165
-0.7535954835770003
-0.31357597653997216
-0.24135818008968335
-0.5870508487692773
-0.10007226854633852
1.3512778912067174
1.1974935452157118
0.1011542584067549
-0.2837614969803711
-0.5718537878192653
-0.25537055635676525
-0.7076493881842598
-0.7275791594195978
-0.7309410731867949
-0.4371011340906057
0.8028738169875029
0.792510967364701
0.46038567731939367
-0.24056660443441397
-0.3971525964983768
-0.7369771869282339
-0.5006102882878718
-0.6701933192999651
-0.7787440964742576
-0.7649293020693304
