182
-0.8411743787093917
-0.006834175443312114
0.12040027882493569
2.238946287729134
-1.0897315232224702
-0.45499446171983626
-0.7644439348513234
-0.6890485616148263
2.902070060557623
0.6560843779935353
2.5377806023220435
-0.7485920282332431
-1.073649929199171
-0.2488170441512039
0.7556446572415897
-0.4910600879148311
-0.12197574875413561
-0.19906007835910297
0.9011512270875193
-0.7341965030121427
-0.16166000671211714
-0.125318670186345
-1.0056660685476753
0.1796431245525059
-1.156829030564159
-0.4858807007705202
-0.408931468179495
0.4538884856071528
-0.1688046090298144
1.4279033445838882
-0.7731579789074349
1.9270603446679406
-0.36636371376089416
1.2389908932491343
0.6800080480459473
1.0996969064593005
-0.1656110953911085
-0.9371844057025673
-1.0418564113711204
0.11861406975750677
-1.0280715997632293
-0.5336051855301389
0.08723931600346664
0.27462885241560026
-0.6589192986834719
-0.773542114807566
0.5531340853987241
1.4476342695607698
-0.9336558333805659
-0.692580839924574
-0.6832426014406512
0.5755444841417745
-0.6509764883380187
-0.9120752018306955
4.173290377489703
0.07173271263056559
-1.1638462822227365
1.87004912899999
-0.6742606573510902
-0.7608156804269227
0.40281414240670965
2.5827507293285747
-0.37806720906340996
0.6098000347403706
-0.6556835474730249
-0.209039114010195
-0.6321635669776628
-0.43790758332276497
-0.8135080426349656
0.8440618678234635
0.6725477579489778
1.4743611068061873
-1.2803316111987486
-0.36027011473964293
-0.10022818021123042
0.3577505074814593
-0.5284239612473859
1.114906726479031
0.31085563883054645
-0.38735003369692333
2.7211497953145676
-0.3930083349611041
1.4986017550098136
0.17667533938330401
-0.831069361066554
0.020563863149757507
-0.12877437313082526
0.2899542779934853
1.082193792776559
0.4924915924248438
-0.9592276911598576
-0.15140258545680313
0.5978337159831507
-0.4966275503619356
-0.08460320246147089
-0.825591308210377
0.14396319282157147
-0.41411407333954436
2.5126117268699013
-0.6011215203384582
-0.6292341655799272
-0.8042113383803388
-0.12136211796652153
-0.6368060276873475
0.16245328438543932
2.5930063161864343
-0.674024341465292
0.09085064678354635
-0.2959259829404062
-0.8749939330952897
1.180582612519834
-0.7255186212587452
1.2368636870497138
-0.48158159882507473
0.2481018266737895
-0.6761723780793684
1.6363988984593203
-0.8907859228647431
-0.2418815220470903
-1.1737734740949335
2.8885002575602754
-0.9233185735573018
-0.9927913643766213
-0.8291669402939109
-0.20577233192917307
-0.5712687187131023
-0.734845349054388
-1.1816235006995799
0.15019679015742957
-0.08667242560184493
1.1606544301153245
-1.2328065024677362
-0.7354565369274667
-0.7132558739212815
-0.5864925262442132
-0.6640102435294344
-0.47595830593144145
0.009103967178027422
-0.8382407054849268
-0.6088548913124836
0.4644656655928304
-0.798660083302988
-0.7591966416995753
1.0910979134695165
2.252904062000813
-0.7278589836021687
-0.5241349761383065
-0.778853675964386
0.4693075614909679
0.7971648596538167
-1.0052353383825836
0.15767378017949576
-0.29582638761923236
0.28940208842759035
-0.3324932170981964
-0.573211924610461
2.03788320634364
-0.25872467961822054
-0.7842641417797949
-0.642510217910909
-0.03297330309984343
1.302288116112142
-0.9631589404745755
2.3611683714027936
-1.2754381484520032
-0.8956237125377097
0.8262109954479072
-0.3797342784771416
0.4663219825712721
-0.2973719909053191
0.7378360550470585
-0.3532370575907017
-0.4911719384449995
0.10072263875274223
-0.7343115748140835
0.7437221538111721
-0.6673917666394328
-0.6835840522590529
-0.07687442130050225
0.3713744925725529
-0.9023844056708322
-0.7873007230443203
