182
0.23117653280875078
0.405607276777872
0.5018003824044196
-0.8146653061044463
1.3479837858561485
-0.7557829006919956
-0.31894356554068715
-0.680620857807518
-0.6861456283206324
1.9629444296908363
-0.17549222409709314
-0.7445619477924138
-1.2577788266127305
0.3776501093056978
-0.5144268364627113
0.046484367922608044
-0.3104903526773142
0.17550759216311465
1.2379078117179885
-0.6266775613829846
-1.124462937585549
-0.12636217568766928
3.0475940852331957
0.5008756542381433
-0.005855418341605997
-1.0142330399295107
0.40730309138301496
-0.8475468828001667
-0.18104075825513927
-0.8315933366951309
-0.4492520288329095
-0.31727134441283894
-0.9494639245950666
0.39683244022685005
0.461677546604248
-0.8547514092085441
-0.742710083948505
-0.9444393497411843
-0.7575106412233473
-0.3931177924597365
0.0592219552136363
0.47906221583359593
-0.16284299365518248
-1.1401237957573713
-0.781940927463158
-0.4964513956480314
-0.0453513267662075
2.0036990617916945
-0.6891421755521139
-1.155179490125566
-0.016299444244857443
0.9896765683497646
-0.8824544585407816
-0.6203354147320992
-0.5272869255425561
-0.7540207877209466
0.4339883319527574
-0.7729356779351038
2.8297085481848065
-0.8678174989552355
-0.35614730909382214
0.12363330203879054
-0.8268048742308867
0.3050985068644159
0.09119264936733734
0.700990311617843
2.045775672702184
-1.0967445855719833
-0.48340156179297716
-1.0053282108069073
1.4100738999179325
0.4544618766588414
-1.074773567629313
-0.3422709285296986
-0.05543110251736581
0.17027245115872333
-1.1208761550643809
-0.47521432996292157
-0.003998862151204107
0.021664899846316525
0.29575497173970183
1.4775243205231312
-1.2463678156496334
-1.1227868685896856
-0.006704314289418523
0.06345993464559828
-0.6644206740855343
-0.3190853254284557
0.3170489764344957
-0.11953134145729966
-0.4168177457418322
0.36937631220549666
-1.1384904879354625
0.3621887293727265
0.013094846483663406
0.48459035036846665
-0.13982777988631928
0.09040267299609969
-0.6172984758615657
3.3468881338717242
-0.009874350190094992
-0.6969897444199394
-0.9076467358208926
-0.8988697649456313
-0.14975756421394362
2.561639839635102
2.4707939129086465
1.6017836612941805
0.34213646851747925
-0.7698174178943037
3.028268110652262
0.5198823193184747
0.9576377263632028
-0.8509819102374024
0.5953118438661212
-0.4253974889068614
0.7972854907813423
-1.169326943969122
-0.9373680182974997
-0.7343789847445874
0.9279541802071958
-0.4768195958786899
2.275442066313527
-0.8863222151604584
-0.5929026349919658
2.832255552429101
-0.3179967036905541
-0.28559579142378755
-1.1827455324237781
-0.4711830538265595
-0.057617654870201436
0.7981194616499168
0.25935283647858043
0.7168264676599722
0.5676563844644816
-0.7261871779480747
0.31643282060556593
-0.4626074963300373
0.27095636908360954
0.7281963220887531
0.6605082928881391
0.005408676517128151
-0.9488236466607876
2.897869665053584
-0.5417801909321044
0.32626447309662515
1.1393807207924047
-0.32286414228621046
0.6034808619785238
0.44713800927467373
-0.9798060505217628
1.1670287695964003
1.1924169185889566
-0.8506787268119963
-0.7711316186359037
-0.24300977071214142
0.9283751048285119
-0.0759063740350592
-0.2691435944572764
-0.8550072157185042
-0.9419342262909839
0.6099066064623969
-0.9067934715995115
-0.6686117534320437
-0.5585434400768643
-0.1129160867592943
0.17719193565633318
-0.07142003099998784
3.9973506139180834
-0.10971018880353856
-0.9635238479278803
-0.43235249208339444
-0.23244678195418877
-1.1046312625639958
-0.769483586233616
0.6156299771334347
-1.0012133268153147
-0.7257367182186053
-0.785172179366512
0.35288446332938983
-0.8172814722289073
-0.6889507934706496
