546
0.8784359451592645
1.0140675787696911
3.4684452905719216
-0.9144910459196611
-1.0417518356366482
0.22213398996277653
0.45636907271492366
-0.13982050102480323
-1.0515482140876284
-0.5576232713058579
-0.3469044808450335
0.4912330767711028
0.514605925924339
4.004992532121098
-0.07169035562219196
-0.12660528025695916
-0.45404116964353136
-0.4725730914256057
-0.17130136881679633
-0.5234238924920511
-0.5246564524143286
0.4166653898670969
0.39066678619526457
0.23700375984834957
0.7047035746707737
-0.23656654888213732
-0.19601035169896672
-0.7056744723664461
-1.1517376212708363
-0.6053131193108744
-0.6893076761051375
-0.8906275187136584
-0.5560657367342998
-0.417675363510622
-0.5193878306746528
-0.2312014940537163
-0.4796661674005435
0.2566612937670296
0.17476419014878045
-0.21439856721229741
-0.4036693781245486
-0.41958237724951736
-0.3174516441707994
3.876117199345208
2.885415422061768
3.7925788378842245
-0.22269234973925622
-0.5834134638002818
-0.501065030979272
-0.6678193904599946
-0.8139703822430417
-0.9987045866041874
-1.0655729488596317
-0.9225353967457713
-1.155154698997702
-1.2625310982817743
-0.8576181947396189
-0.16841614704275576
-0.9042950196484899
-0.4594142322156125
-0.45721897978415177
0.1189829246445299
0.05462623905039841
0.10345650069435275
-0.7062602715773301
-1.0352057138516013
-0.25801354247705166
0.3282287320239916
-0.14324611585283628
0.026501831271129664
-0.683364800309004
-1.1073367416682092
-0.6519842466629419
0.739595381333865
1.078720455249995
0.49839316825933827
-0.5452627042315381
0.5612559258127485
0.5301913345505399
0.13350986272244258
0.4266609903976597
-0.79968618933737
-1.0205791938821975
-1.0603567448623847
-0.8208592377646969
-0.8475146298981916
-0.405770662101635
-0.5082369271531418
0.145638964778366
1.166781108724918
0.8588127393203436
0.8070708051224186
0.11117521520665428
0.4988723572534447
0.15423294082393416
0.33738525610803805
-0.7340444302739735
-0.39212798415386374
-0.06398089994639045
0.11703958153327995
0.11820177338942243
1.6485386503940402
-0.4110136014520599
-0.7406111994983117
-0.7571064712516532
-0.3302994601832987
-0.5877766777938759
-0.6365193927051213
-0.5191419380326256
-0.5142116526412519
0.7750226228837596
0.5310604765225608
1.1543144609318046
1.6715375601196023
1.6338392254942395
-0.023082755316598473
1.338673337335221
1.7554155134983083
1.7604192856712482
2.0139441206689552
-0.3531475055243655
1.144128571323719
0.035442084241888626
-0.11218259316446211
0.9824306399734327
-1.2025075299307078
-0.9136471523621167
-0.9145531343287381
-0.34776085171461996
-0.03015188640904495
-0.35508270792188396
-0.7963517112225551
0.12247728631380579
0.5825281491130325
0.4453727746785605
0.30040998684640585
-0.7583249177934248
-1.3935525972803056
-1.3835967782962162
-0.97210797116603
0.6611342359535709
0.5631019777290948
0.995351293538895
0.6294754141800852
0.7034645423662972
0.7391676075339473
-0.04092210106918593
-1.0313677334137608
-1.0777518952816734
-0.9347557240335055
-0.948156473989452
-1.008502077589253
-0.8327976754195318
-0.85417105685423
-0.9224176181262601
-0.33811578085816796
1.3609285398108977
-0.17005747518177255
1.523148814015022
0.8958458071444209
-0.15805558788141985
-1.1449851952190189
-1.3129053151726127
-1.1722564970255045
-1.0442010091534026
-0.7084625402340916
-0.5640602029416985
-0.4482813885716403
0.1794512175377969
-0.27857356702672537
-0.5014449668070176
-0.8339345876178185
-1.0186913721983033
-0.9436302277298999
-0.5981962237979516
-0.38843659969208777
-0.5181608125377456
0.4398360294861166
0.7787867662872052
0.7894472034365055
0.5959669961266588
1.4279697507533504
2.317194377982454
2.5644452962650766
0.9609058984085225
-0.5135888745354928
-0.9576050457546934
-0.9494547850999034
-0.7424886560530336
-1.0390124627464294
0.576555446871263
-0.3253995330921016
0.7068384529234605
0.45975866940206456
0.09737685187624383
-0.9814205304667644
-1.3066999365963645
-1.4519220325592843
-1.3432182603832519
-1.1950099748505258
-0.5691079454786103
0.5128303405904725
-0.3714687228397798
-0.7480613645762828
-1.1531685225956647
-0.8626601577098327
-0.6774166278587891
0.1145531760568163
0.2967945460237524
0.25998330546837595
-0.4990755398004863
-1.0066307006937367
0.7563256484229807
-1.1360319043568656
-1.138059976592323
-1.0925962768696087
-1.1302672950735178
-0.9854213766790242
-1.1064898730343162
-1.3487374494345177
-1.4151648250371378
-1.3116055734265086
-0.8089652580853778
0.10201407121295684
0.1072498784818014
-0.42135995896031536
-0.3549959055100822
-0.9037191071465661
-0.6932747515049748
-0.5221703936861013
-0.31157501418641986
0.226891448970704
-0.26622928970978904
-0.5683778619579365
-0.8970919544465646
0.6692806877937844
-1.148141509890333
-0.9875551561849374
-0.7328764089103225
0.09956621379463079
0.18535158360726448
0.05112236259014307
-0.6197695426443806
-0.6128959977668272
-0.8729780048530708
-1.0683149927158024
0.5120229028453763
1.453255284919633
1.1209358460373646
1.5758699354243952
-0.2199721281703324
0.2617295090707561
0.09627806692620934
-0.6047989963519963
-1.3039744412389
-1.24894553222208
-1.024612951289589
2.031083023342443
-0.9383777716485112
-0.7394437455238572
-0.6334651377252893
-0.6944725295048643
-0.8347113145030594
-0.0049680214674785355
0.3362305814503469
0.04296568431145602
-0.8191507275320346
-1.214777325436127
1.4215055210110545
-1.259755486442511
-1.288319338310295
-0.6788566533207634
-0.21811226040703618
-0.24342115820006713
-0.8565311052621697
-0.9169332457118567
-0.6388859014946118
-0.4006071239554607
0.08153137285275602
1.6531606150571574
-0.262412305340148
-0.5735864228799583
-0.48841653202445223
-0.3966356259079998
-0.6326216773087198
-0.7833516408498854
-0.4895100339374388
-0.3972808664011133
-0.6704104618828968
-0.7730246963253058
1.5790422252003367
-0.3781039524277156
0.12542526962453596
-0.20291611747664573
0.33427877782814114
0.5253241339398097
0.15952312000398933
-0.4061173957507209
-0.4654380897789671
-0.7182366790405075
-0.32210978855390227
1.3754740975870465
-0.2995668729280671
-0.20521288678702715
-0.17925293586834035
1.4096138076975
4.211868854929708
3.4313143803081703
1.3740488459722437
-0.44158823236518024
-0.8080631030995594
0.33733291207496263
0.16468950762986456
0.5030724770803828
0.7112906441599129
-0.21115636381367583
-0.9529172678629411
0.5029228599932712
-0.028463064365086402
0.4661191140797779
-0.03691592159440275
0.20237031422541782
2.153358543586126
1.5280031831946255
2.6696508400125736
2.8335109830655574
0.9913778674694728
-0.2186903980593215
-0.5030248598868675
-0.11405779761942156
-0.5307873047191353
0.45715278168482376
0.5657659282694147
0.6255078315328049
0.11553012418569036
1.6184502473301636
0.019842615795549887
-0.08637051436570461
-0.0409714747101326
0.4257620854848167
-0.013266447227140526
0.21153895697442843
0.5584851705698078
0.3937362033795415
1.024570592761505
1.9071128474435812
2.0415056285147126
0.800583283419895
-0.5758116240459352
-0.5305277186604568
-0.43431472216516404
-0.24040855404606568
-0.13275929050798585
-0.3833337072545206
-0.523003879451581
-0.3300303229611967
1.368796083912869
0.6278492700313
1.602691161416635
1.621787657876673
-0.5671993148472503
-0.5104736216347289
0.23458123592545124
0.5229959615155524
-0.17228573937592245
-0.7702039756050814
-0.8406424928285815
-0.812657602573621
0.5029777860936335
-0.6925667960030547
-0.4763604600642554
-0.4069948101417492
-0.5269296547542132
-0.11218864851315753
0.1927762692936833
0.7282457705071483
0.4758116856117916
-0.14732797721870608
-0.7508868435090624
0.13596731836819292
-0.5050305842542802
-0.4423797559386859
0.1529694637086737
-0.06852261623135049
-0.18233391952080402
-0.5699895731812691
-0.36813911806788885
4.029197160789962
3.74761024960829
4.002913118602987
0.20223877654670522
-0.3150666771114526
-1.0745457794180058
0.6242434214350563
0.9452107561017545
2.594171954436033
0.4451548822808038
0.041029763220182806
-1.04116833648918
-0.7084287886993554
0.6922117544964205
-0.061935803686194814
1.519429648958286
1.3620039581846335
0.39548811049299654
-0.781016409734411
-0.9526946890785964
-1.0986252345017682
0.2767923449217079
0.2638132993395946
0.4292304843956977
-0.5487844876216507
0.25312767828950644
-0.7654591139771725
-1.0269162968707959
-0.6490424485423502
-1.0540950394806419
-0.654740462612958
-0.8580863458813308
-0.6553362077671021
-0.9532926096180565
-0.9931502107920614
-1.0007477164653644
0.22751787729832643
-1.008662460242302
-1.0613426774615013
-1.0356516300010261
1.5101280982556833
2.1217136841955133
2.593340363689433
0.3355122395610156
0.08361536007615063
-0.6373209360171677
-0.8217129368156076
0.6339422339838139
-1.1399803693632302
-1.1314013259689595
-1.0203202802670752
-0.24076003941505483
0.25080329865036316
-0.2670293570613913
-0.5980492906542846
2.6559115218626035
1.9498033128058505
2.5629095453597768
0.01462630429282487
1.0356339890915267
0.2513510794707757
0.3191616412972924
0.24330882214873834
-0.5042000258825489
-0.5196947302199805
-0.08895366877867522
-0.5537042350627642
-0.6745439773341404
-0.7519568840661645
-0.7370287072087481
1.0396235021772355
-1.0016679352899958
-0.6638276320583075
-0.08199264436213684
1.2749988760466582
0.8382911757618347
0.8725660606895114
-0.3057342178038714
-0.5688948517530527
-0.975947108416364
-0.49071719574824424
0.8850342584297866
-0.27339883021812034
-0.27811866712518
-1.1026374946295754
-1.0105002237589917
-0.5383444240325409
0.12522706682285706
0.48007004342417037
0.16852901102525047
-0.43252849650102715
-0.34598077753108963
0.32217830761473026
-0.16456418499278103
0.10773244251061764
0.23614182143890164
1.351126969757523
1.8508139876032912
2.016579428738742
0.04177981942597719
-0.7320289854777656
-0.9331776139402453
-0.6043873335815644
0.6624208767328608
-0.6094029490435745
-0.5290391385187964
-0.3435768369256766
-0.324180156869472
0.35725880174647046
-0.07500712930111404
0.4450892921435277
0.6438373230277089
0.3243386507657566
-0.10252226895603762
0.023115765649224778
-0.12393639971830782
0.3611519673003786
0.21219123857709266
0.0749917825384187
0.8673472695504989
1.0530062267666525
0.627202266593528
0.4186419462656348
1.2983980872006178
1.882720370289753
1.2559792946949115
0.06351841789828594
0.08268251673175453
2.5901045563012444
2.172469860910699
2.420253897629508
-0.264528285178637
-0.4272869049636415
-0.3641384792570603
-0.5018534010256676
-0.8121098726246533
-0.8875023337366028
-0.11056163121460208
-0.9379838108644785
-1.0709062734886463
-1.1297520616394596
-0.6345086907770813
0.46046937381156816
0.9904292617117357
1.1879810882185053
-0.08597062624007719
-0.8731278879786905
-1.1631889122280714
2.9203261063792807
-0.567151762094884
-0.3725932150210057
-0.4508020576514825
-0.5568850997006883
-0.4424390266631953
0.07323978413624345
0.6991669537260106
0.02196317264574107
-0.5023309138134664
-0.978001682777924
