546
0.10593937454460753
0.401262422395765
-0.529953206819323
-0.8341134657168555
-1.0994685476728434
-0.6184186987428453
-0.47911064680611554
-0.7856090779223384
-0.7100122230012944
-1.022045638281518
-0.8004216001315827
-0.5655238170398051
-0.8041287717685666
-0.5970313720230649
-0.9194310845822058
0.1539945212322715
0.43896838967951063
0.398676147830999
-0.8347124762168795
-0.9364748817437915
-0.7508226880567934
-0.770003983805559
-0.6795839117844177
-0.8446743004293129
-0.5002937706427849
-0.5832625455364897
-0.6228650215680223
-0.8841711938268308
2.0468433508954753
1.903168663357719
2.1120854532942523
-0.23891959151063932
-0.3531142578502118
-0.21410178597440876
-0.251393757939824
-0.28969777534633184
-0.0347769098631694
-0.1766984546772242
-0.15600297416243525
-0.11032461752712217
0.07490931880917581
-0.26764784350800364
-0.38457919189645584
-0.09271417545832651
0.29312320270938125
-0.09571998051801976
0.12014646987584353
-0.06421325784078774
-0.4570250979897932
-0.18036708853293443
-0.09099467293866484
0.4332732916225288
0.4402506883189686
0.2334338430019079
-0.6160164008721647
-0.1499899217662693
-0.2292647762942386
0.33917853422520694
-0.21895629563935895
-0.11416449504491816
-0.1343939964582543
-0.6839560394447859
-0.9481120870875135
-1.0192928254458165
-0.9920305243974366
-0.8435784622847965
-0.9259048353596855
-0.9071723304163953
0.19250037936675057
-0.9828172075144151
-0.48916880863045015
-0.3414734758445712
-0.027702570092854942
0.9795880261917328
0.9527602654660987
0.6359027234451724
-0.5199053489267592
-0.15221034463948038
-0.134311060700997
-0.18806190821490376
-0.5391315318051908
-0.7111389878215434
-0.5550675441282914
-0.5079131185323827
-0.7001340106687961
-0.50055030850494
-0.8079098519236052
-0.5284603979360296
0.950346322379681
1.7171643511116899
-0.5500600989980204
1.8351360332008935
0.3285101320528228
-0.10190422263678561
1.208764539302152
0.6654716405490736
0.976427567834977
-0.23586124345507997
-0.53994159137935
-0.7825837482982565
-0.6264443851063157
-0.12568954633839696
-0.8627651328470197
-0.7698964990729704
-0.7580301121389779
-0.8090708147991796
-0.6859002822488742
-0.5975051471202084
-0.8004366729182675
-0.5691396033712688
-0.3658850314745867
-0.18863612210922504
0.32971095579234094
-0.5306310409140134
-0.19390652647248532
-0.8935058675969412
-0.9614555221266913
-0.7861012272994272
-0.6714150030674001
-0.6878355946469881
-0.6566052741390006
-0.4192549076971871
-0.5521675913613833
-0.8640491602335137
-0.274003879406725
-0.9029342778876753
-0.7884805557800714
-0.18387795354585826
0.23672573685831474
0.3748960417085038
0.4962120171773683
-0.12398499561182155
-0.5144703978088441
-0.7704275574515662
-0.9760231599635034
-0.45342974834815186
-0.8836062969218357
-0.6664984060616411
-0.7805866741916806
-0.959035262301138
-0.8847428917170508
-0.8380770369687986
0.1719381730809962
-0.39831464836523295
-0.1028160073092124
-0.5857684378635152
-0.1201393878862588
-0.6518449475338645
-0.38789478718523684
-0.7484929650312534
-0.5759248734652813
-0.7425891729014106
-0.4220345483825711
-0.1998237385587218
-0.6475353393265133
-0.6623626999131291
-0.3624752469505682
-0.380449983458651
-0.5002889383463862
0.6277195460981037
0.5265629350252983
0.4050099063814845
-0.8181368916754704
-0.6350568787990996
-0.8912234446792103
-0.5134090379629368
-0.4539369587397316
-0.3404993424307343
-0.07971620231119811
-0.4916816807567985
-0.6456960058763289
-0.807858832150937
-0.22308878630162798
-0.3401725954829199
-0.2694153245479981
-0.5624663206755943
-0.696473085834912
-0.614389695394694
-0.2831873923326196
0.1092120592044157
-0.29306293627785235
-0.1422028101737943
-1.0739310913083595
-0.6897855853381931
-0.9130473869719447
-0.9793684015894557
-0.9703273811223068
-0.5656911169918125
-0.34039562557724545
-0.208028766312171
0.5455879189791102
-0.5128806497389966
-0.73866204165015
-1.0596816505740518
-0.40610476812364393
-0.47067904510360103
-0.7024097401396089
-1.092824276174552
-1.221695188379512
-0.6200653054264029
-0.32810411305454484
0.3414883164229275
-0.10288427848613632
-0.723944755365573
-0.8775060010614811
-0.5219136365904841
-0.2970846580473192
0.25566347897326086
-0.1131025178793205
-0.3741636800058195
-0.3331758676070025
0.8998248105497504
0.041674757003495926
1.3957922986012534
1.042678651833204
-0.09806279160931575
-0.2875850790427607
-0.16605914163077623
-0.03070521304713197
0.021065210698127976
-0.04946696708663457
0.2269525588638951
0.9736733215276215
-0.03643670397367825
-0.04844808056620664
0.5411226958765372
0.6585425996445502
0.11890050195700362
0.44141669292445296
-0.2805038659184512
-0.42742896420704324
0.34839762509860195
1.9724791915400377
2.3336198245903423
1.460099484828863
-0.07490596756489026
0.5016016707402928
-0.5341319324425621
-0.6884275472472461
-0.8043040056906078
-0.48072781158790134
-0.49710252806221605
-0.6373884350665026
-0.7889766826860088
-0.6232061727134788
-0.4658393257920658
-0.4535932702890515
1.3660002023561169
0.8352872884178426
0.8080065599969664
-0.91979151172551
-0.9225822546261271
-0.8674665859278592
-0.7090538821355635
-0.5315066012203222
-0.28255273774041584
-0.2315951599832982
-0.03070301224693743
0.32083662396667745
0.37602982435389015
0.04861126245345796
-0.3784297385288455
0.006678756438878573
-0.6547939614353468
-0.47049984852968496
-0.7686870086298421
-0.5669156915740712
-0.43243770380355984
0.8255469646748474
-0.8204754088516198
-0.8525595505253947
-0.44080775215674933
-0.2867801861287086
-0.6762148342452329
-0.6749930075062809
-0.7955030226992474
-0.6921250293593598
-0.985736625399197
-1.176251851744007
1.1070475848053432
-1.1091353406217968
-0.9747540845178212
-0.518457670832661
1.3300831909111719
1.0301271916729964
0.9581135784546048
-0.7587609068550593
-0.5470067329815288
-0.4526704382034939
-0.42735036151859723
0.9874570779054285
-0.08490380340601583
-0.4273265708733082
-0.37171751697135585
-0.05574281343502304
1.8080755343997104
2.1636425708047806
2.116279769228065
0.30842201096564714
-0.7030947634237639
-0.4637958339496872
0.5959379482680139
-0.10303502335852548
1.1216351151510007
0.3376000485892793
0.22666809828307935
-0.8495460858849544
-0.6615095609933803
-0.8176152958500975
-0.9232185653953511
-0.814811618617744
-0.8985642651856595
0.34962993328679237
-0.830189947916068
0.13602017481780035
0.10034783453536873
-0.3006832792368774
-0.9349796099815018
-0.671680161415148
0.6872643829315795
0.17198170966419377
0.024890986532595822
-0.5756704817998176
1.5964410692085744
-0.9064765858596586
-0.7988758084948341
-0.9610118046560403
-0.8827362562826992
-0.7342925557902145
-0.46124832647144604
-0.3621104873952406
-0.6662115132706562
-0.6246189347026384
-0.9242100975856137
-0.10712463035142422
1.737096778674191
-0.9159183456768245
-0.7861683223929493
-0.3012446249379393
-0.7361188436591043
-0.6891343606733595
-0.5247107153698517
0.1173685754102716
0.35960410622887024
0.36671974247862643
-0.316767918314663
1.665390752001913
-0.4188306080991719
-0.3050339056949756
-0.5719374409133116
-0.5337159320580911
-0.6694319978759773
-0.6825135757789629
-0.9394919568105393
-0.6256477678674479
0.28694318617142217
0.7001324611664056
0.41624678545581617
1.5640374608620786
0.623882321765958
-0.11379220793512798
-0.8030177761898415
-0.4328549468844235
-0.29864963437993114
-0.5404479135373512
-0.916264086831327
1.148613614740258
0.8085838907785707
0.03997300410036657
1.0659464403012104
-0.3911657930119364
-0.7096415979352727
-0.7811883827253024
-0.9283827677590101
-0.8178455174705628
-0.7691188276901045
-1.0279403300066343
-0.9387870799842031
-0.8214917235307964
-0.0582538299396152
-0.5652211522409991
-0.885500499816157
-0.9133114929523721
-0.7090711418463355
-0.4304314383230544
-0.5255619232456941
-1.0300703580907329
-1.2016930164684745
-0.9434786717870411
-0.7123706645507997
-0.025592227696552044
0.49726546149922146
0.574442602552927
1.9958525082656693
1.5552123515012943
1.3019083305151564
-0.6088351360413107
-0.9024525645161213
-0.903605393151895
-0.9753438313174735
-0.85550131659095
-0.18530093760003713
-0.8021175132427145
-0.7398020500736014
-1.1452101859335537
-1.2297268368368042
-1.0520665244695946
-0.8148049239204193
0.6809210558988403
0.9934985871483463
0.7587617830400823
-0.1566530880564919
-0.2138234269137984
-0.7038692645097223
-1.0414704287068173
-1.188280745933235
-0.9414794381360412
-0.552280727802335
-0.65450736153147
-0.36771721278831454
-0.9189639256280409
-0.9547479085644717
-0.09928317984480699
-0.21821233610518398
0.22056445162535518
0.41012239282749535
0.21244384787388024
1.210555548447534
0.9462403636681093
0.6017756627843973
0.15134982996813595
-0.09439289416961333
-0.447107702748413
-0.3314318129639849
-0.12902925438609236
-0.11823571928848298
0.32588844498171415
0.055437273557730135
0.40136587839651616
0.28543609756024785
3.9670094499599196
4.281993905276532
4.864183035128992
2.6751369094104582
1.757022441318794
-0.36649896476979804
-0.43377875477520816
1.441258297197651
1.329380385156544
1.3809596971798939
1.4901842087903199
1.5383871689757458
1.608552857870681
1.8441947589174903
1.8095454792867867
1.3911328844531832
1.0071885778910448
1.6006109679003402
2.835734583955583
2.784298697734267
3.1446720715470495
1.597266007928045
1.051732141048644
1.8958319444277358
1.9919740387153015
2.5196566427496085
2.423528553656764
2.586046288364082
1.5921302174428604
3.8571350527053156
3.5507942441200924
3.552460918130156
2.3133218157313213
2.0756879723688386
1.9547844593945662
1.667695826457661
2.071172234781257
1.922531822399108
1.9971414327638537
1.643129891648104
1.5417415764475375
1.5689107818338281
2.42491965807258
3.1597794061280835
3.0035620389880444
2.934564258914719
2.001329105134987
1.4292177773428631
1.404899405519696
1.0917223029233083
0.15395501396188715
1.2408793393656337
1.2451330732422625
1.0890349612882568
2.5660466286580275
2.6932033796134416
2.6489589485090366
-0.11577690854293064
-0.4006017914320912
-0.35504124102596124
-0.501472382889806
-0.7062076183068746
-0.3885091447649194
-0.4651451446023704
-0.4615241646207642
-0.26643338471449113
-0.20177914283433537
-0.15540684977290253
0.4629453826553878
0.25027983256412795
0.4930399699197498
0.044938951303664765
0.03778498192936493
-0.2187637553540868
-0.1602256658816576
-0.2126766829527521
-0.17545585578792855
-0.30524094854201606
0.11291852616020878
0.24260911863893503
0.06445816309696634
0.7045982486238545
0.5683858315344024
0.45006555315152397
-0.13515179236807487
-0.09630707995755078
-0.15003352350970456
-0.31524433660951867
-0.6400947963000226
-0.6059796709326009
-0.6840074464425758
-0.7061134583023932
-0.4702805158724309
-0.34896059668049384
-0.23147547295799883
-0.4307428664618019
0.9743100534880604
0.48201638591212187
-0.45670649874830493
-0.8960992587284257
-1.046637114134562
-1.0260034295427283
-0.9241697482588505
-0.8510544375425425
-0.9684570423476356
-0.8733340612916406
