546
0.682068
1.30181
1.32368
1.86433
1.77909
2.04873
1.47862
1.39369
0.4981
0.322016
0.986248
1.19302
1.20427
0.568954
0.954926
1.00737
1.73188
1.7799
0.191557
-0.341772
-0.250055
-0.356599
0.444917
0.71411
1.21395
1.8313
1.94555
2.08946
0.740916
0.898597
2.52914
2.75277
3.02942
-0.485449
0.0255266
1.38578
0.106008
0.432452
-0.0083014
1.3296
1.46538
1.01759
-0.634262
-0.446932
1.2526
1.13784
1.3608
0.998594
1.422
1.57737
1.44789
1.17744
0.842601
1.46597
1.98024
2.09426
3.03233
0.892243
3.01217
3.47065
2.73472
1.87616
1.76358
1.92294
0.478706
0.0809346
0.0228978
0.0247409
0.745286
0.0595516
0.159798
-0.0512227
-0.287451
-0.134737
0.429371
0.566107
0.135079
-0.0676472
0.0606841
1.39472
0.0383098
-0.314858
-0.232187
-0.182995
-0.270892
-0.268799
-0.0733811
-0.0647364
-0.0294897
-0.0408871
1.41881
-0.329808
-0.406625
-0.340125
0.00236919
0.0457406
0.0384039
2.20456
2.37317
2.1245
1.36926
1.31791
0.217443
0.0569875
-0.520876
0.32733
0.405619
0.366354
-0.0645966
0.0665894
0.250864
-0.400177
1.39298
-0.0198367
-0.411701
-0.110756
-0.229735
0.726189
0.622195
0.371717
-0.191756
-0.0434777
0.201938
0.242201
-0.215558
0.0753759
1.03854
2.25931
2.75752
2.93928
0.307279
-0.382205
0.140706
0.417021
0.528419
0.312689
-0.363922
-0.353276
-0.364934
-0.481927
0.273284
0.306231
0.313869
-0.277472
-0.143464
-0.107823
2.96594
-0.0240398
-0.262919
0.346018
-0.0503954
-0.534832
-0.6989
-0.547306
0.332149
0.699179
-0.248916
2.89718
0.00274146
0.00221179
1.61106
1.96959
1.85014
2.07532
1.37147
1.22928
0.168981
0.14686
3.21076
0.467735
0.550035
1.10469
1.14786
1.17691
0.570486
-0.052603
-0.205477
0.0494048
-0.276977
0.834999
-0.0699012
1.54154
1.53488
1.44214
1.2196
-0.0590464
1.05299
1.40969
1.46473
1.10391
0.0589978
0.286431
1.47673
1.60589
2.2288
2.38963
2.6323
2.17018
0.0449546
-0.0638346
0.186243
0.0844587
0.945391
1.19992
1.42206
1.44422
3.04396
2.96064
3.39134
1.54182
1.52812
1.80675
0.0132707
1.54067
1.65517
1.43407
1.12068
0.758215
1.10709
1.22805
0.843421
0.693342
0.782695
1.10408
-0.32882
-0.226708
-0.262925
-0.259079
-0.434261
0.0398187
0.76708
0.77295
0.136773
-0.40324
-0.24691
0.2357
-0.26179
0.144948
0.17783
2.28036
2.40697
2.30338
1.07219
0.361386
0.664576
0.559355
0.604513
0.429789
0.656061
0.770549
0.587763
-0.496326
-0.320862
-0.0425248
0.0406905
-0.330583
-0.213663
0.499597
-0.126146
0.143941
0.174666
-0.17411
-0.572442
-0.457069
0.938901
2.40601
2.23085
2.47113
0.42365
1.42741
1.30063
1.05323
1.00569
1.1418
0.272731
1.35731
1.35599
1.87382
0.284613
0.267628
-0.114905
-0.210378
-0.377249
-0.323346
-0.471521
0.871843
1.85889
1.22261
1.0757
-0.134684
-0.111005
0.126598
-0.0670877
-0.3811
-0.198052
-0.311665
-0.489396
-0.544263
-0.320844
-0.403979
0.142587
0.388405
0.15996
0.0892631
-0.65432
0.599609
0.524197
0.254071
-0.124637
-0.350055
0.401154
1.41175
1.01186
0.566967
0.706661
0.893997
1.11334
0.465898
0.471809
0.657505
0.579103
0.391414
-0.445894
2.18898
-0.228851
-0.102569
-0.255516
-0.32561
-0.275258
-0.20077
-0.371152
-0.400195
-0.330056
0.163745
0.290964
2.26761
0.148241
-0.41685
-0.572317
0.223928
0.453388
0.255833
0.408127
0.39674
0.281773
0.00403986
2.48002
0.352344
0.227958
0.485728
0.5796
0.324872
0.0291607
-0.707647
-0.304567
-0.298272
0.0238367
1.98513
0.544582
0.813143
0.219916
-0.329491
-0.246261
-0.472255
-0.373879
-0.304712
-0.329594
-0.392583
1.90874
0.0397951
-0.090608
-0.100088
-0.375658
-0.340017
-0.195619
0.853675
0.0996771
-0.0956388
0.0822247
1.9217
0.278408
-0.0905102
-0.429226
-0.128602
0.0509636
-0.537757
-0.620062
-0.347942
0.342987
-0.0208297
0.571707
-0.261414
-0.694438
-0.307534
-0.144409
-0.468381
-0.677229
-0.577202
-0.525378
-0.818277
-0.380758
-0.113738
-0.350259
-0.648688
-0.0952511
0.469404
0.381284
0.487995
0.383571
0.35877
-0.0214555
-0.0365327
-0.180125
0.529339
-0.426236
-0.176309
-0.533199
-0.617603
-0.69251
-0.598119
-0.650148
-0.327237
-0.158633
-0.379402
-0.566287
-0.427479
-0.242998
-0.101351
0.0806492
1.20833
0.91361
1.4592
0.981539
-0.168969
-0.294168
-0.276783
0.0518438
-0.272314
0.227643
0.20421
0.173832
-0.591243
-0.901739
-0.725054
-0.701804
0.544139
-0.340914
-0.538899
-0.834351
-0.454396
-0.348255
-0.126836
3.06146
2.89276
1.99823
0.635085
-0.292725
-0.406497
-0.56922
0.0139087
-0.0182245
-0.470741
-0.437526
-0.733647
-0.734079
-0.512695
-0.413611
-0.221028
-0.0995722
-0.776719
-0.48595
-0.137951
-0.0355419
0.544694
-0.572694
-0.132855
0.317529
0.115652
-0.18407
0.111735
-0.483424
-0.0908045
-0.0696559
-0.0517361
-0.425535
-0.220424
-0.46447
-0.402105
-0.440915
-0.474026
0.157001
-0.20125
-0.341433
-0.542881
-0.315686
-0.654302
-0.185759
-0.350728
0.232851
0.132404
-0.109698
-0.230575
0.641811
1.17536
1.49121
1.22738
-0.183068
0.00795504
-0.264426
0.165116
-0.527035
-0.0745256
1.13322
0.606398
1.26195
0.595797
-0.324839
-0.426212
-0.508055
-0.368632
-0.217285
-0.415364
-0.167389
-0.414695
1.21681
0.494716
0.471785
1.79203
2.04157
2.06628
-0.328531
1.91843
3.88027
3.56939
4.27927
1.27114
2.93293
2.95507
2.949
1.38861
-0.183228
-0.0627501
-0.0748678
-0.0476531
-0.367025
1.06252
