546
0.760061
1.40671
1.16695
1.88995
1.72372
1.98051
1.28683
1.24236
0.487292
0.242475
0.977546
1.14394
0.994119
0.628799
0.895696
0.919121
1.85464
1.7361
0.244955
-0.388414
-0.188167
-0.302749
0.524433
0.678616
1.28697
1.99684
1.91828
2.02692
0.686472
0.827299
2.70619
2.76888
2.95903
-0.414754
0.0994669
1.42317
0.128796
0.492559
-0.0213624
1.32871
1.51149
0.970574
-0.536012
-0.52009
1.12844
1.14358
1.288
0.810762
1.37762
1.489
1.3887
1.04429
0.725547
1.59187
2.10012
2.16586
3.3662
0.921699
3.2631
3.34394
2.71759
1.94658
1.76301
1.72208
0.265252
0.0880069
0.0050498
0.013291
0.745162
0.0890471
0.132037
-0.074465
-0.300534
-0.0199641
0.476263
0.492665
0.127605
-0.0773027
0.0384353
1.36585
0.0200239
-0.228396
-0.130983
-0.222857
-0.271766
-0.395545
0.049392
-0.0918812
-0.138158
-0.0468659
1.3458
-0.465623
-0.475064
-0.392916
0.0895291
0.0979851
0.067926
2.35743
2.3675
1.93171
1.1675
1.32193
0.23366
0.0434589
-0.462888
0.429634
0.451254
0.207749
0.00634712
0.25037
0.227524
-0.427598
1.339
0.114596
-0.516304
-0.169261
-0.152139
0.788386
0.739774
0.296688
-0.291752
-0.103898
0.194657
0.324754
-0.155566
-0.0639673
1.02819
2.43818
2.87322
2.8693
0.298073
-0.461944
0.162835
0.453696
0.479136
0.327432
-0.458521
-0.375561
-0.346325
-0.445128
0.271531
0.322522
0.278701
-0.2528
-0.0446043
-0.0996063
3.29314
0.0734606
-0.237092
0.344528
0.0210253
-0.581971
-0.730974
-0.741408
0.292282
0.706687
-0.256463
2.85839
-0.0451516
0.0226621
1.60817
1.98674
1.81232
1.98655
1.33586
1.06875
0.281878
0.303221
3.03874
0.51262
0.631421
1.1528
1.20444
1.1326
0.626263
0.0406299
0.0609146
0.214204
-0.0590647
0.688789
0.332179
1.54082
1.46859
1.42702
1.22667
0.448645
1.20492
1.45415
1.41314
1.16204
0.21922
0.615499
1.66161
1.76118
2.4643
2.63615
2.61184
2.04112
0.428943
0.342256
0.564127
0.150668
1.19663
1.27359
1.33251
1.41276
3.26116
3.00842
3.23696
1.58268
1.63245
1.65683
-0.105091
1.54848
1.61581
1.38766
1.0725
0.836246
1.21932
1.14885
0.934895
0.768014
0.631319
0.960402
-0.229767
0.0286617
-0.054941
-0.0321335
-0.142266
0.34882
0.871924
0.943776
0.38095
0.101635
0.109561
0.362109
0.0234779
0.479268
0.486998
2.55183
2.40686
2.21437
1.12314
0.723095
0.888115
0.752236
0.549522
0.626774
0.840279
1.00935
0.775273
-0.0807435
-0.0590695
0.0469439
0.108387
-0.00399987
-0.0430351
0.591572
-0.136777
0.352257
0.425881
0.0470537
-0.104265
-0.146125
1.01128
2.456
2.27199
2.44918
0.42328
1.51907
1.14195
1.0749
1.00113
0.93402
0.319588
1.38348
1.29878
1.94938
0.345735
0.260304
-0.000814654
-0.182062
-0.17388
-0.198093
-0.298619
0.84108
1.8065
1.2679
1.032
-0.00804104
-0.0382944
0.255549
-0.0485973
-0.299365
-0.0496285
-0.108079
-0.340106
-0.353133
-0.161106
-0.435341
0.184124
0.414934
0.331246
0.314653
-0.443008
0.663881
0.544367
0.310877
-0.00774341
-0.187545
0.47177
1.44451
0.975566
0.729883
0.708818
0.935988
1.19232
0.748597
0.787396
1.10217
0.886075
0.739212
0.040135
2.25055
0.264618
0.180229
0.0163589
-0.136805
-0.162391
-0.286432
-0.231016
-0.3095
-0.289982
0.075591
0.395042
2.27391
0.195207
-0.272095
-0.328095
0.204168
0.463864
0.380242
0.683231
0.634371
0.513389
0.382914
2.32289
0.575621
0.454156
0.51662
0.706504
0.541419
0.0507057
-0.693513
-0.187393
-0.131835
0.0263898
1.99683
0.570783
0.69875
0.296933
-0.191138
-0.144617
-0.275847
-0.28213
-0.121487
-0.0754065
-0.289867
1.9842
0.147079
0.0547599
0.0168543
-0.342488
-0.166149
-0.205512
0.90035
0.277001
-0.0847436
0.211592
1.80149
0.281397
-0.106965
-0.273729
-0.043142
0.0104464
-0.431966
-0.357418
-0.193248
0.243257
-0.0291569
0.55331
-0.215376
-0.432723
-0.278934
-0.2091
-0.366508
-0.458958
-0.466372
-0.514379
-0.675081
-0.218858
0.00494547
-0.172593
-0.36396
-0.0808622
0.448909
0.519575
0.544971
0.443584
0.375523
0.21174
0.16354
-0.202603
0.24673
-0.36653
-0.259501
-0.285648
-0.565025
-0.444943
-0.406386
-0.339858
-0.135038
-0.151372
-0.297635
-0.345666
-0.163009
-0.133394
0.0498832
0.281766
1.49947
1.30724
1.24005
0.604759
-0.0644044
-0.319195
-0.226985
-0.154108
-0.114842
0.395881
0.334722
0.349166
-0.343591
-0.521604
-0.546868
-0.522587
0.504719
-0.339018
-0.563984
-0.63973
-0.406067
-0.0961159
-0.0719934
3.08348
2.80937
1.97481
0.739331
-0.172178
-0.510985
-0.293552
0.208936
0.0173302
-0.371991
-0.509491
-0.47459
-0.405891
-0.302593
-0.327043
-0.323522
0.0511527
-0.516868
-0.365557
0.118195
0.0862373
0.358679
-0.186535
0.0350112
0.451794
0.477983
0.190372
0.216338
-0.0675944
0.192447
0.116741
0.193682
-0.108096
0.0461407
-0.180651
-0.2692
-0.261157
-0.337647
0.145765
-0.0893866
-0.297325
-0.443977
-0.341077
-0.549083
-0.100062
-0.401197
0.271249
0.166861
-0.130679
-0.164634
0.558837
1.25785
1.49841
1.15586
-0.0502112
0.0240426
-0.163863
0.124981
-0.41791
-0.0757944
1.13614
0.663641
1.25426
0.518798
-0.368996
-0.403227
-0.441112
-0.391567
-0.297249
-0.333219
-0.0540723
-0.312183
1.21563
0.244631
0.345632
1.91123
2.01928
1.99378
-0.142042
2.08708
4.08142
3.6908
4.11692
1.29584
3.142
3.08282
2.73346
1.17498
-0.315297
-0.0723297
-0.0932753
-0.00565178
-0.454684
1.04875
