182
-0.3003345129356169
-0.6249412079890091
-0.08600239992653748
-0.5993971338100292
0.7329314984472213
-0.6193453245537673
-0.474219438577657
-0.12795876350092172
-0.464245267489932
0.5651680083883002
0.02594013595845885
-0.5518382235424577
-0.5825402954944746
-0.39750394821547713
-0.6003735345120592
-0.46059793903698054
-0.5638136746105226
-0.6123792524609307
0.40061311098270946
-0.5261512899932101
-0.6527316315839812
-0.5277558125861368
1.736219202917572
4.062499131191888
-0.5703226578785351
-0.1280983906105533
1.6800610428477316
-0.3510881125877631
-0.47494706547196536
0.44286496591600066
-0.582062572645849
-0.09667652717928554
-0.41862441399452915
0.7834643569273648
-0.5016000235132305
0.017681640910032225
-0.48284194789547036
-0.5723888920661497
-0.5102385661503652
-0.12839434432833166
-0.09727589967012243
-0.5308930171223691
-0.4915553075768341
-0.5115107075067842
-0.5041241912033347
-0.6260545758108108
-0.5285446712490993
3.816800510225296
-0.4079815590468359
-0.5813475455610847
-0.15708139253845463
-0.28859044142888063
-0.05892223448870871
-0.5249126143874081
-0.4031486352608579
-0.5993822508505514
-0.4035607234707166
-0.6358524137142093
0.051637017226608066
-0.473465572657859
-0.595602717081976
-0.4910735406780095
-0.4164213565144425
0.4021286977467627
-0.11076515675945744
-0.5354988981703807
1.1820785276365735
-0.036322993240072744
-0.43441441284198073
-0.5756629745037208
2.1306374752498183
1.036020857457858
-0.41421143264792176
-0.018424248586144984
0.2629068408855501
0.19325931446974826
-0.5023818010227282
-0.1824981193112108
-0.6027488624186159
-0.23543661265488572
0.24309306656762544
2.7277236851049795
0.28331389372070587
0.2999727098013261
-0.12524882354807296
0.39593482360554005
0.013469969682765464
0.4181357125050023
-0.42360480377620247
-0.3510269067506469
-0.6135235540988588
0.7062689013287723
-0.06285428076802857
-0.5083047123340177
0.044334208407856616
-0.5325541300825352
-0.4293613044644744
-0.28853902853579316
-0.6092038560586287
1.841789736844669
-0.1775437088786803
-0.3459001004959265
-0.3238796919929607
-0.46025850237009774
-0.5606767553604839
0.8908622423484007
1.3886007946738803
-0.46460092913554074
0.09378252988471232
-0.5195586820278152
8.526016935972985
0.787636695566836
1.9044300730334562
-0.6443211348335838
0.16707684901843645
-0.4877694048392137
-0.4423528209401846
-0.6179992918046964
-0.5731157982768151
-0.14340073158097602
-0.6262222442753315
-0.4822762144627596
1.4811305121640703
-0.6251378083149863
-0.515803867358334
2.2729789935509896
-0.5581048296247447
-0.5520119925938736
-0.5268073142654207
-0.49618827166584295
-0.6263991860270267
-0.5074705728005707
-0.5892204925111614
-0.1460938472496928
-0.39199381780035925
-0.17329663277246607
0.525784052843074
-0.6097588706635866
-0.5951735576669439
0.39038576357205323
0.1846705005363978
-0.4945512503861382
-0.46739310810302115
0.3845758280715297
0.548943087816164
0.9168903228788227
0.08357778981635297
-0.4440931607901171
-0.44910581484595696
0.1671816886613735
-0.5575166922347614
2.0307879028657094
-0.4459662847017621
-0.19695870589373485
-0.18433734126787873
-0.2289008901237345
0.44268771786690375
0.2419326799818766
-0.047858644375055104
-0.12478530003199152
-0.5360810844957083
-0.22208722860202185
-0.4044093784623127
-0.04530998305648776
-0.400538252172222
-0.06554617745878276
-0.1383873557344157
-0.029615286637439193
1.3507367028927064
0.8253540543701562
-0.4994669099339189
-0.4985426948186489
0.45448394564233535
-0.5810010785522663
-0.5109704629659791
1.0455165957925678
-0.1468546889994654
-0.46364288997560976
-0.5624356626574718
0.43726817858039413
-0.554200274119127
-0.44704636183526836
