546
-0.04087038728715079
-0.8273114028878883
0.5329073589429493
-0.9572231921361773
-0.9417939690355257
-0.20201405993896224
-0.12686233258971225
0.2985189822326199
0.3478701751387463
-0.10230973730009565
0.5315409383803957
-0.7070504002084599
-0.4996208608967789
0.07333976144176033
-0.7968430816093522
-1.0809946670116937
-1.088686494235103
-0.01691619751932374
0.2874966734725597
-0.5830443303633305
-1.1970341176104102
-1.3029302567501047
-1.1495587769616644
-0.9630360130313548
-0.0427934800896102
-0.894826990426651
-0.8161000242217091
-0.9666089874056778
-0.9637219303229092
-0.491679772160425
-0.6495090830083213
-0.9161899953336631
-0.9573785715627864
-0.8100752679153332
0.12176040622228355
-0.8882861673684277
0.2932841046137551
0.9326805684851434
0.3401762722213163
0.8991117314824637
0.7081014422325564
0.6290167467352157
0.008017867488848739
-1.1599036600803077
-1.237519292971797
-1.1128605216643113
-0.5701521385086381
-0.9952459714719568
-0.7560866576702776
-0.9284308533018455
-0.5246727914007849
-0.005121810971269806
-0.36107128021642665
-0.8909764065263046
-1.3918155153321707
-1.0829483379822422
-1.1637041076165757
-0.4032941292183214
-0.9718394327407324
-0.9836483712569284
-0.8517629425614869
-0.9876981325893508
-0.24852097920768323
-0.20353551236214573
1.3044724457470855
0.3803495339390049
0.3349391012270814
-1.1508026152123965
-0.3716234031085137
-1.3047794636190326
-1.5336434631536489
-1.3976367406117791
-1.1986310841033727
0.8188459002756127
0.845806506285745
0.7162380551077241
-1.2606595791256057
-0.40935319681820687
-0.40000545533251086
-1.0461013272546922
-0.5993087383278756
0.44748934979850696
0.8433526308536294
0.8858672955840828
0.18256205358243294
1.6292025965582717
2.6802784533974138
3.021325267484909
1.8481660356104397
1.3431467359996072
-0.8787386375173085
0.2543969885855125
0.7259192657056446
-0.210720349288398
-0.5185581730696004
-0.8406179578864269
-0.9458064166113831
-1.035930672685469
-0.3583877880962295
0.22577876373121222
0.10311974793827273
-0.8501295597579689
-0.18314645366471224
-0.26490223871813323
0.6074271849397966
0.2185879517568369
0.4841004088097147
0.27127318094531355
1.435063967963668
1.0321475311057255
1.0200142619180057
-0.21917412566663513
-0.7514989458928683
-0.4372174755133858
-0.756446329230196
-1.1439225880642356
-0.27338132359607253
1.4452235048358346
0.15147733597918162
-0.2121870987144503
-0.33442580460855426
-0.2805317815034525
-0.7000080293169809
-1.0989536203306993
-0.39989781739939756
-1.2221081753847658
-0.7423525559960051
-0.3727908948789379
-0.4180802008249301
-0.18967772558023432
-0.562842996661475
-1.1001787975810426
1.548108636932418
2.699615339833399
2.317258571288991
-0.5344295877452444
-0.8417561745986867
-0.9083127474153898
-0.9874425016071489
-0.9601851033612508
-0.9823406289002411
-1.1377086590797822
0.4861673249687989
0.4161167182229245
1.5385807771613285
0.5417258244292934
-1.3038272159252375
-0.20363831668604457
-0.7591252769759425
-0.7160476126905041
-0.5285605262288371
-0.6154030648560533
-0.7205938411318156
-1.1525906677377369
-1.1549121256457828
-0.2564002714134547
0.44441412324620927
-1.456107781314284
-0.4178491311363821
-0.5562084198924229
-1.116826637087206
-1.069227615057941
-0.9688685339364649
0.0907862065130094
0.03605220490435147
0.08043508992388405
-0.9236686675323756
-0.20407202148090678
-1.2964748861319744
-0.46056380316309464
-0.5005743897405878
-0.8244990030241692
-0.952343379386898
0.14420512938156385
-0.02541511130090994
-0.5582612206959363
-1.2241022559420482
-0.4653398691931008
-0.4928755726882546
-0.1047099303105978
-0.2509009209256823
-0.5061454760572099
-0.18584544197125163
-0.6569446421979506
-0.9732021700214915
-1.1621599482741087
-1.4018332294103781
-0.6037159255324939
-0.6061127202260858
-0.2342697384284939
0.6447164105980904
-1.2321854600388678
-1.154991182509364
-1.3397525406169275
-1.206750740848167
-1.1780227495062994
-1.032218814931254
-1.0212464556022973
-0.6462438676294591
-0.5944017637833791
-0.8279635613266613
0.611060303077207
0.0015166242487062139
0.29948830684723005
-0.48200800031137897
-0.9331141029060269
-1.29940027065144
-1.467066463919658
-0.9522345649510153
-0.829402045098363
-0.261997467412878
0.5492875759113053
0.33370635303577917
0.5189199099818607
0.37878605898825696
-1.095625448706072
-1.2471624543063957
-0.9792621224034344
-0.7623929180780786
-0.941203051199243
-0.1178172390703379
0.16454899702928633
-0.296684073191281
-0.6502678654466341
-0.7645099203069801
-0.8490649994203114
-0.9350183722786749
-1.0163811920602035
-0.9706493911448235
-1.2081271192613665
-1.351211166282903
-1.0408801166695958
-1.0349919264747667
-0.9280900363995137
-0.7568152218203563
0.07612434851285833
-0.8948274385166083
-0.15869370414829886
-0.5757564290424031
0.7027627218194673
-0.11540625343847975
-0.24748630550235223
-1.1550184440670523
-1.119260503526064
-0.7156824749682247
-0.6398471476071892
-0.6309289850679347
-0.6291139975804736
-0.8457350422072922
-1.0077468442624717
-1.1519634678936328
-1.0707864451070137
-0.856393472224596
-0.26837365815383935
1.2027134081675641
3.0086079945777335
2.3035107031813236
0.25639296105407144
1.2956900617469167
-0.7395049430214551
-1.0128888370145128
-0.6312300342972211
-0.6977565567907116
-0.7268595712379239
-0.7314875558510472
-0.058439652270723515
0.10782410225209053
-0.3392824301160063
0.43836468487163127
-0.9495112001682372
-0.6913230062590942
1.0417062193893796
0.521155676516787
0.4107857623895111
-1.1372626285518497
-1.2793853974094498
-1.1815921221728662
-1.3443733630178665
-1.433642787380409
0.7684995791033317
-1.3739139769863427
-1.0016920133070535
-0.9843801587987463
-1.0370131478043851
-1.1407618782302407
-1.0745654269541896
-0.0321335576752099
0.5960497159807118
1.0595805446964173
-0.08719215462009794
0.12156822688928492
-0.7171909177021382
-0.5841521032895778
-0.7648550021852291
-0.6011602877431941
-0.6001116891701712
0.04105575869243462
0.4012000777711096
-0.32721645109409137
-0.7282456017607379
-0.3851224452364654
0.7010437583828034
-0.3111363633825128
-0.5579920030167023
-0.9698835461503813
-0.2177207911961476
0.1876912893532307
0.38164356703479485
-0.11111752675629658
-0.3569459382996441
-0.2439274233730499
0.07541339369376726
0.08361755336433241
0.1734483790534805
-0.03856241732621143
0.4136139335886346
1.0697976569705248
1.5177524682708137
1.2230968349367666
1.9858592834573823
1.014010092642409
0.8144758470786899
0.10055994087468371
1.3200988760696082
0.20615219132488777
0.10846299460182668
0.02601706245722485
0.05661498558843326
-0.05682347538249583
-0.5352702616329449
-0.5500172256972023
-0.3054125345226067
-0.20023149565203824
-0.14762685020699312
-1.0451350113161946
0.628653868492139
-0.07969102948143918
0.5236205443442891
0.7088142299447943
1.4402989706394536
0.4684236453581238
0.9060036027244255
1.102966902167495
0.629278547558488
0.5017616504333262
0.13585173892488495
2.0973225698394122
1.873281137592077
1.9776522310531688
1.8330579926076453
1.0324627366474448
0.4716183582482011
-0.20051837094686004
-0.1490666135991994
-0.06021905263651625
0.3575306945265168
1.0818798877684526
1.748322132522122
0.6792582108211623
0.38427922124672864
-0.3199512515090764
-0.3495957472851553
-0.29123083856238036
-0.3740119165401427
-0.3111041495888258
-0.5466891586860999
-0.6498031149831687
-0.583350077726742
1.9966101851223061
0.9725543818767975
0.7343530654326935
0.6426724935515038
-0.3892769721386229
-0.11266025503926427
-0.054485202409829014
0.5217770722637713
0.42392441122654306
0.5431649536301048
0.3933608309137467
1.5983194608523892
0.23352176020715953
0.21832141909857392
0.5594304548749799
-0.022387389602518175
0.8803947951545044
0.019144816154565418
0.1954012739342225
0.004117249708674563
0.7146638146886977
0.435109632106014
1.0844731030252455
0.16853707757221106
-0.33552549476431504
0.26223221797103274
1.2592328830311883
1.7182538641343887
1.32889098131569
0.6489660748298256
0.2200136546870724
1.2774268003081726
1.6246971457583763
0.5183123261815172
1.5266426798732258
0.8707341066508937
0.413247986577711
0.6984001604226867
0.648471533338131
2.2153971637973098
2.0092255481289154
1.946005501886633
1.172920590404575
2.5070720167485674
-0.4435245353892186
2.6457625150593382
1.892655948653211
0.9833564564436699
0.189540299250967
-0.16402992109983836
-0.22698020481800477
-0.24895026233835307
-0.12837929478564902
-0.08541786886714656
-0.4047184759627857
-0.7172774857563463
0.3067991103024986
2.3205028037335884
2.277585188771427
3.068591858158472
0.95019441236157
1.6436141444096763
0.5927115746975624
1.195313215365527
0.4964458254046112
-0.04294074396212406
-0.5165754985344759
-0.20141253766033476
-0.34552168725871435
0.8106447283608513
0.5647624343569014
1.4033913337975605
0.9538679560806045
0.8195587674842121
0.665872257218784
0.30622451012385277
1.4104000237605023
-1.3949376252031338
-0.09324939965741044
0.9818579194352994
1.1702308141250253
1.5232690379004554
1.9752506576330333
1.603256114819319
1.2111417083925422
1.0342832513858702
0.6749692266647053
0.03132602954012641
-0.05726058647499828
-0.17994810745720505
0.24152446516441906
0.059458425842438406
0.8645101072340106
1.0191228364592129
0.6228770108682209
0.05023446010948282
0.5781422424175691
0.36562764094145556
0.7130835457231199
0.6494468449783097
0.5460749375299361
0.6953367360421088
0.5159190320999646
0.3307771415673879
0.7667909359093789
1.1864590790207301
1.0783865949282814
0.49871707469214516
0.7193626128475575
1.004509742453662
1.2345897721566619
-0.2691351979325825
3.5068418691976913
3.0072954356059607
2.5088041368017175
1.5610196642134053
1.6931499342649483
1.5686755650402489
1.556001834921006
0.5701912573262018
1.182226276189666
0.47548745392031105
-0.012440400774173795
1.056879356313204
0.9381122024444248
0.7576617694688179
2.8540595768133623
2.3461129161226664
2.023265857485593
-1.4481835930708764
-1.360514320467312
-0.8417724971272873
-0.7037860525627052
-0.5548346740883966
-1.2150434963051635
-1.0260831735424067
-1.2227298639713877
-0.6444725444390984
-0.4030658142294596
-0.3439007218085918
-0.20684932108056028
-0.18401058593136066
-0.43042516842931156
-0.6149179699401063
-1.0288891891589254
0.06153490276983324
-0.5610552280339325
-0.7557132637028462
2.3569084829361175
1.718635138368732
2.1191638943210043
-0.6538567903889497
-1.0192455175520383
-1.0318139373800441
-1.2235720060667017
-0.9569247003157971
0.08410425091132306
-0.6637309096941199
-0.913115896751523
-1.2203595151471962
-1.3668120591097215
-1.0478591435210804
-1.2923653729614746
-1.406524807122359
-0.7138278047986512
-0.4181884279888172
-0.6537710210310339
0.3092371632601683
1.8189217875921204
3.61915942087564
2.9865981466109366
0.8120761491939275
-0.6162572650058491
-0.6271550884807959
-0.9688583746735452
-1.0822296754877467
-1.2593635282554925
-1.3194417856156748
